0000 198 186 221 223
0001 199 187 220 221
0002 105 183 126 216 194 189 225 221
0003 201 184 223 222 094 178 131 221
0004 204 188 226 222 090 179 112 215
0005 204 189 227 221 077 177 100 212
0006 208 188 227 217 065 173 098 208
0007 208 185 232 223 057 165 092 203
0008 208 186 232 222 056 166 092 203
0009 210 183 233 221 064 169 092 206
0010 202 183 236 220 058 168 093 202
0011 064 168 095 207 212 183 236 222
0012 220 179 245 217 064 170 090 202
0013 057 168 095 207 233 173 262 206
0014 055 169 093 205 256 140 294 170
0015 268 124 306 145 055 169 091 203
0016 056 171 090 203 293 063 312 090
0017 062 171 089 204 273 013 311 050
0018 062 172 088 202
0019 057 166 094 204
0020 063 164 099 202
0021 060 169 093 202
0022 062 169 095 203 119 007 152 027
0023 062 168 097 206 111 014 152 046
0024 067 167 103 205 110 018 150 054
0025 061 168 096 204 111 018 154 053
0026 065 168 093 204 117 017 156 047
0027 059 167 095 204 112 018 154 054
0028 058 168 093 204 113 019 155 054
0029 058 165 094 203 120 023 158 056
0030 058 167 094 202
0031 064 169 089 204 143 047 185 082
0032 061 172 098 208 151 074 187 104 176 067 233 100
0033 070 173 096 207 158 095 204 126
0034 065 174 098 209 166 116 211 151
0035 180 148 209 184 080 175 101 209
0036 186 165 216 199 085 180 105 212
0037 186 174 221 216
0038 198 193 219 223 092 179 114 214
0039 200 189 222 221 093 176 113 214
0040 194 186 225 220
0041 197 188 218 220 098 180 118 211
0042 201 186 223 221 096 179 115 213
0043 096 178 116 216 193 183 226 218
0044 194 184 228 218 096 177 115 210
0045 201 189 223 221 096 177 116 212
0046 097 181 116 212 198 184 228 219
0047 099 177 121 216 197 188 225 220
0048 101 183 123 221 196 187 224 221
0049 104 181 126 216 197 188 226 220
0050 201 190 223 218 107 186 130 220
