0001 210 220 233 239
0002 212 222 235 239
0004 250 182 294 219
0005 276 086 313 134
0006 286 037 315 089
0007 274 007 312 061
0008 240 003 271 043
0009 197 008 242 058
0010 170 025 222 069
0011 176 017 231 065
0012 223 007 260 053
0013 259 006 292 050
0014 279 012 312 066
0015 287 035 314 086
0016 281 029 317 081
0017 278 010 314 058
0018 250 006 289 043
0019 203 004 243 043
0020 171 010 229 056
0021 166 011 218 062
0022 176 016 225 066
0023 183 022 231 071
0024 196 058 242 102
0025 206 125 261 162
0026 218 188 248 236
0027 211 221 244 239
