0001 147 222 172 239
0004 152 200 179 235
0005 163 157 195 186
0006 180 090 220 135
0007 185 027 226 093
0008 177 007 223 057
0009 177 009 218 048
0010 173 007 217 046
0011 173 006 216 043
0012 175 007 218 041
0013 174 007 219 043
0014 173 008 220 045
0015 171 010 221 047
0016 172 010 219 050
0017 171 009 220 054
0018 172 011 222 060
0019 172 006 221 060
0020 173 007 222 062
0021 172 007 223 059
0022 173 007 223 061 049 224 073 239
0023 171 008 223 062
0024 172 009 220 064
0025 171 008 222 059
0026 171 008 222 060
0027 171 007 222 059
0028 169 007 221 063
0029 176 005 223 062
0030 168 006 222 061
0031 170 006 224 060 049 224 074 239
0032 181 013 222 080
0033 180 020 221 091
0034 186 100 221 151
0035 176 162 211 194
0036 162 209 200 239
