0000 088 205 111 238 165 176 200 225
0001 092 204 112 233 169 182 200 225
0002 090 204 114 237 171 185 193 220
0003 091 201 119 238 170 183 193 221
0004 174 186 195 216 091 200 118 239
0005 089 201 113 235 176 176 201 217
0006 090 200 114 239 184 122 220 153
0007 089 198 115 237 188 072 217 120
0008 090 202 117 239 188 030 216 075
0009 086 201 114 237 189 012 227 055
0010 088 201 113 236 206 006 236 041
0011 090 204 114 239 207 013 237 044
0012 090 202 112 231 209 010 237 046
0013 090 204 112 237 212 014 240 045
0014 091 205 112 238 212 009 242 047
0015 211 011 239 045 088 197 109 234
0016 089 200 113 235 211 009 242 045
0017 089 202 113 235 187 010 229 055
0018 090 201 114 237 172 040 207 080
0019 091 201 118 239 157 087 195 118
0020 091 202 117 239 171 158 195 191
0021 092 206 117 239 171 184 195 226
0022 092 203 117 239 172 192 193 226
