0005 097 215 149 239 193 207 239 239
0006 100 172 177 222 190 156 242 229
0007 106 139 155 202 185 157 245 206
0008 198 109 247 182 113 116 162 183
0009 178 102 244 165 112 107 160 167
0010 179 093 244 156 110 102 161 161
0011 185 092 244 152 110 106 177 156
0012 186 097 245 159 110 106 182 154
0013 193 105 240 168 122 108 167 168
0014 195 099 242 169 120 112 181 163
0015 197 099 242 169 124 110 171 168
0016 198 100 247 174 124 109 170 169
0017 198 096 247 171 118 106 170 167
0018 197 098 242 170 123 108 172 168
0019 194 096 241 170 123 109 171 167
0020 195 098 241 169 118 108 168 165
0021 192 102 240 171 122 108 172 168
0022 120 113 164 173 190 102 241 175
0023 188 108 245 176 112 121 177 183
0024 105 139 175 202 192 118 244 191
0025 193 154 236 223 106 198 167 237
0026 196 194 231 239
0027 185 215 220 239
