0000 131 209 158 239
0001 125 187 175 218 077 177 116 210
0002 123 186 175 222 073 180 114 212
0003 124 183 175 221 072 176 113 212
0004 123 182 175 222 076 176 109 211
0005 123 189 175 221 077 176 110 210
0006 078 175 110 208 123 182 173 220
0007 078 174 111 209 123 183 173 220
0008 078 175 110 208 122 183 173 220
0009 122 188 170 220 074 173 112 206
0010 077 175 111 206 120 186 174 222
0011 118 187 170 222 077 174 111 205
0012 119 190 171 220 076 175 111 208
0013 078 174 108 204 119 191 177 221
0014 121 188 173 221 075 176 112 210
0015 120 193 171 222 076 179 112 210
0016 077 179 112 211 123 189 174 225
0017 074 176 116 212 123 188 175 225
0018 115 191 172 226 073 176 115 212
0019 115 189 172 225 075 179 113 211
0020 073 175 113 212 116 189 172 225
0021 123 189 176 224 072 176 112 212
0022 119 192 172 220 073 177 110 212
0023 072 174 110 220 127 186 167 224
0024 073 172 110 225 126 185 170 228
0025 070 188 108 224 125 189 168 235
0026 127 196 171 237 072 195 104 228
0027 126 198 167 235 071 196 103 232
0028 127 199 167 235 067 197 098 239
0029 127 201 168 236 069 201 099 239
0030 125 206 167 238 071 202 102 239
0031 130 204 159 236 071 203 101 239
0032 130 205 159 237 071 202 101 239
0033 131 204 160 237 072 201 101 239
