0004 081 218 122 239
0005 085 211 116 239
0006 090 207 131 239
0007 105 211 142 237
0008 109 208 141 239 186 215 222 237
0009 113 200 148 237 189 208 227 236
0010 193 191 229 235 110 195 158 232
0011 116 182 165 216 176 174 224 215
0012 119 173 169 203 157 174 225 209
0013 116 172 172 202 162 168 221 202
0014 167 158 217 197 118 162 172 200
0015 119 164 169 204 163 162 221 203
0016 162 162 219 206 119 160 168 205
0017 165 162 220 206 119 162 168 206
0018 118 162 168 208 165 164 221 207
0019 117 164 161 206 163 165 221 206
0020 161 165 218 206 117 169 164 201
0021 114 166 164 202 159 167 218 207
0022 114 167 162 202 160 164 218 205
0023 115 167 163 202 160 167 217 203
0024 115 165 160 204 162 166 223 206
0025 115 170 153 208 173 165 221 206
0026 194 179 225 227 114 177 144 227
0027 185 212 222 237 111 209 142 239
