0000 143 194 186 235 082 190 130 236
0001 143 195 186 235 083 190 131 236
0002 142 195 187 236 082 191 131 237
0003 140 193 187 234 081 188 130 236
0004 140 187 181 238 082 187 130 236
0005 137 176 182 226 079 180 122 235
0006 134 168 182 219 081 175 128 227
0007 135 161 182 215 074 172 128 221
0008 136 154 178 209 074 164 125 215
0009 074 160 125 215 135 153 187 205
0010 073 155 123 208 140 143 190 195
0011 066 153 125 205 138 144 182 198
0012 065 152 121 202 140 145 188 194
0013 146 139 190 195 070 150 123 205
0014 068 150 122 202 142 141 194 195
0015 140 142 191 192 068 150 123 201
0016 075 150 121 204 142 141 193 192
0017 146 140 199 189 069 151 121 201
0018 062 152 119 202 146 139 199 188
0019 062 149 117 199 144 140 193 194
0020 066 148 121 197 144 138 194 192
0021 063 149 116 198 148 131 199 183
0022 067 148 119 200 148 131 199 182
0023 062 148 116 198 150 132 203 185
0024 064 151 119 201 148 135 201 186
0025 064 152 118 201 151 129 199 184
0026 064 151 122 201 145 131 194 189
0027 067 151 121 201 146 131 194 190
0028 067 153 121 203 144 130 195 192
0029 064 150 117 202 148 137 199 188
0030 063 151 116 201 145 138 195 187
0031 147 139 200 189 063 152 116 202
0032 146 139 200 190 066 153 123 203
0033 146 139 201 187 066 153 123 203
0034 146 141 199 191 068 153 121 202
0035 143 140 196 188 065 152 117 202
0036 144 141 196 188 065 152 117 203
0037 142 139 197 189 063 154 120 202
0038 142 141 194 190 066 151 122 202
0039 142 139 195 190 066 152 115 203
0040 144 142 199 191 065 150 114 204
0041 144 142 200 191 069 151 119 204
0042 066 152 118 204 143 144 193 194
0043 064 155 115 207 143 144 193 195
0044 073 151 112 204 143 144 192 195
0045 074 151 112 203 143 143 192 196
0046 074 151 112 202 143 139 192 194
0047 074 151 112 202 143 142 190 196
0048 075 152 112 203 144 143 189 196
0049 073 151 112 204 144 142 190 194
0050 146 145 195 191 072 152 113 204
0051 144 143 191 197 070 150 116 202
0052 074 151 126 204 141 145 192 195
0053 143 156 188 209 079 164 128 209
0054 076 172 124 221 139 168 183 222
0055 073 181 125 231 142 176 189 229
0056 144 189 187 237 079 190 125 234
0057 144 196 187 237 078 188 125 235
0058 143 194 187 236 079 192 127 234
0059 079 191 124 236 144 192 186 239
0060 145 193 186 239 080 186 124 236
0061 078 188 124 236 145 193 186 239
0062 076 185 123 237 145 195 186 239
0063 077 185 123 237 145 195 186 239
0064 145 195 186 239 077 186 123 237
0065 079 189 124 236 145 194 186 239
0066 079 190 124 236 145 194 186 239
0067 079 190 124 236 145 195 185 239
0068 075 183 125 234 144 192 187 236
0069 144 195 187 236 076 182 123 238
0070 144 194 186 234 074 186 120 232
