0000 108 213 134 239 203 216 225 237
0001 203 207 237 237 101 206 134 238
0002 090 195 117 235 214 202 248 235
0003 070 178 102 223 217 180 256 218
0004 050 152 093 188 219 158 264 190
0005 230 124 270 164 047 113 086 159
0006 056 078 082 127 232 084 261 132
0007 073 052 101 101 219 056 250 105
0008 206 041 240 091 082 044 113 094
0009 176 030 218 075 100 034 139 080
0010 113 032 150 078 164 031 206 073
0011 123 035 162 071 157 028 199 069
0012 151 029 196 072 120 029 158 072
0013 124 034 165 072 149 035 191 073
0014 150 035 190 075 129 037 158 076
0015 151 040 192 080 125 037 155 080
0016 145 036 189 076 124 037 157 080
0017 147 036 187 077 124 038 159 080
0018 148 036 187 075 129 039 158 077
0019 143 036 187 077 129 039 158 077
0020 143 036 186 077 128 039 159 078
0021 151 040 184 079 111 036 159 087
0022 149 039 183 078 124 039 157 081
0023 148 039 181 078 117 038 159 081
0024 145 039 186 080 117 038 160 081
0025 145 040 187 081 118 039 161 080
0026 146 040 186 079 130 040 159 079
0027 143 042 183 072 121 042 150 079
0028 109 045 155 091 148 044 193 085
0029 105 058 150 102 156 048 198 090
0030 096 077 143 126 170 069 208 117
0031 180 099 212 146 088 108 120 155
0032 188 136 215 177 083 144 115 188
0033 193 200 222 239 094 206 124 239
0034 107 215 132 238 192 216 220 237
0035 107 216 132 239 199 213 222 239
