0007 035 203 069 228 192 185 219 226
0008 189 125 224 169 025 156 055 184
0009 035 105 066 139 188 074 223 113 139 200 166 235
0010 175 043 204 083 072 055 098 095 133 196 164 234
0011 095 041 120 080 168 043 197 075 128 184 166 229
0012 157 048 189 069 111 040 138 077 129 190 163 232
0013 119 045 144 077 157 048 185 070
0014 125 047 149 077 156 050 181 073 132 187 165 235
0015 156 052 180 075 127 047 151 075 131 187 165 233
0016 151 050 178 073 124 045 152 079 130 188 164 232
0017 150 051 177 075 129 048 152 074 131 188 164 232
0018 156 052 179 075 121 045 154 078 132 189 164 233
0019 121 045 145 079 152 050 184 075 131 188 164 233
0020 153 049 190 077 111 049 140 085 131 189 163 233
0021 164 053 205 090 091 058 125 099
0022 073 075 101 121 178 078 221 112
0023 189 125 231 164 052 120 078 156
0024 038 172 078 207 194 190 227 235
0025 058 218 082 237
