0000 187 179 215 223 098 216 123 237
0001 187 181 215 225 099 220 125 239
0002 187 182 215 227 102 219 127 239
0003 189 183 216 226 109 221 129 239
0004 189 181 215 226 105 218 129 239
0005 186 182 214 227 105 216 129 239
0006 189 181 215 226 102 216 131 239
0007 186 183 216 227 104 213 132 239
0008 187 180 215 224 104 209 132 238
0009 103 199 129 237 193 182 218 220
0010 194 175 222 210 102 187 127 225
0011 202 162 231 191 094 168 118 202
0012 088 143 114 179 212 143 240 175
0013 082 117 108 165 212 121 243 165
0014 079 097 106 151 214 102 243 148
0015 081 084 108 135 214 090 243 136
0016 085 065 111 117 212 074 240 118
0017 205 053 238 104 087 054 115 105
0018 199 038 234 091 093 043 124 096
0019 187 024 231 074 100 035 132 085
0020 177 020 220 067 103 032 140 080
0021 170 016 215 063 117 027 145 069
0022 114 024 154 064 167 023 201 062
0023 124 028 155 070 157 025 197 064
0024 125 029 164 070 155 029 192 072
0025 154 030 189 073 126 032 157 073
0026 153 027 188 072 131 030 160 072
0027 148 030 192 073 137 030 164 070
0028 155 030 187 074 137 033 163 074
0029 148 031 190 076 132 035 163 080
0030 135 036 164 080 154 034 186 079
0031 148 032 189 078 132 036 163 080
0032 131 035 164 081 147 033 191 077
0033 137 037 184 080
0034 128 036 166 081 148 035 190 078
0035 130 034 174 082 157 037 189 080
0036 132 039 163 081 154 039 185 080
0037 136 038 164 083 154 039 187 080
0038 133 040 165 082 156 039 187 079
0039 137 041 166 081 156 039 189 081
0040 137 041 164 080 160 041 193 080
0041 162 040 206 085 136 040 165 078
0042 158 041 193 080 137 039 164 077
0043 155 038 197 078 137 037 166 071
0044 132 040 162 074 155 038 201 077
0045 156 036 200 074 134 039 161 073
0046 129 038 171 070 157 036 190 070
0047 153 037 197 065 129 038 170 073
0048 161 038 205 075 126 038 167 070
0049 164 034 206 072 127 039 165 067
0050 163 034 208 073 128 039 167 069
0051 160 035 207 073 125 039 165 067
0052 162 036 197 071 123 038 166 068
0053 156 037 201 072 122 039 166 069
0054 156 036 201 073 122 039 165 069
0055 155 035 199 068 122 039 165 069
0056 164 036 208 075 122 039 165 069
0057 162 039 209 080 123 039 164 069
0058 156 039 211 075 122 039 165 069
0059 164 040 208 080 123 039 165 069
0060 163 040 209 080 123 039 166 069
0061 164 041 209 080 123 040 166 069
0062 164 040 209 080 123 040 166 069
0063 163 040 209 079 118 041 170 073
0064 161 038 208 074 122 040 168 070
0065 162 039 208 079 118 040 167 074
0066 163 036 207 074 119 039 169 074
0067 163 035 207 073 124 039 168 069
0068 162 035 208 074 119 038 169 073
0069 163 035 208 075 125 041 166 074
0070 160 041 193 065 126 038 168 071
0071 162 034 207 074 126 038 169 071
0072 161 039 208 078 126 041 172 069
0073 161 035 208 073 118 038 168 075
0074 161 035 208 073 118 038 168 074
0075 161 035 208 073 124 040 167 076
0076 161 035 208 073 124 040 167 077
0077 161 035 208 073 119 038 168 073
0078 124 041 167 077 163 034 208 075
0079 160 037 208 077 125 040 169 076
0080 156 037 207 075 121 042 165 080
0081 121 053 164 091 167 047 203 089
0082 165 073 211 113 110 088 149 126
0083 169 102 207 139 101 137 138 178
0084 179 149 214 184 105 192 133 236
0085 188 184 218 229 103 216 132 236
0086 190 208 225 239
0087 197 217 229 237
