0007 179 218 213 239 077 218 101 235
0008 045 170 083 205 176 157 208 195
0009 174 105 207 147 060 111 085 152
0010 079 075 107 117 169 073 200 111
0011 093 065 115 094 166 066 201 093
0012 108 051 132 086 158 055 189 080 129 181 170 231
0013 116 045 141 075 156 054 184 075
0014 161 053 181 076 118 044 143 079
0015 124 049 148 075 160 049 180 074
0016 126 047 148 073 157 051 181 075
0017 124 048 149 075 155 055 179 076
0018 125 046 150 075 153 053 178 075
0019 155 050 178 074 124 046 150 076
0020 123 047 151 077 153 054 183 072
0021 124 048 147 075 155 053 179 078
0022 116 051 140 082 160 056 186 081
0023 104 058 128 092 157 060 198 095
0024 087 078 112 122 163 086 201 121
0025 168 140 206 184 076 132 096 169
0026 074 167 098 203 174 172 206 226
0027 083 211 108 236 184 219 214 238
