0002 120 187 157 239
0003 133 118 175 189
0004 140 076 187 137
0005 140 046 190 113
0006 144 032 186 102
0007 142 019 185 097
0008 142 011 184 090
0009 140 014 183 093
0010 139 018 183 094
0011 139 014 178 091
0012 141 016 181 088
0013 138 016 175 089
0014 128 025 164 086
0015 121 034 167 095
0016 110 038 164 083
0017 126 039 165 084
0018 122 042 170 090 097 054 160 123
0019 129 039 166 091 086 052 155 118
0020 126 046 172 096
0021 135 039 173 096
0022 134 053 175 108 089 053 162 120
0023 136 056 177 115
0024 136 081 176 142
0025 133 115 168 174
0026 128 129 173 190
0027 119 193 154 239
