0000 081 208 106 239 165 210 187 237
0001 082 211 106 239 168 208 193 239
0002 082 211 106 239 167 209 192 239
0003 082 210 106 239 167 213 192 239
0004 082 210 106 239 167 211 191 239
0005 080 206 103 238 165 212 191 239
0006 081 207 105 238 164 211 186 239
0007 079 203 113 237 163 212 191 239
0008 083 201 108 232 165 210 190 239
0009 165 211 188 239 084 201 108 233
0010 160 203 190 237 082 193 107 225
0011 159 190 191 233 079 190 103 226
0012 076 183 112 220 159 189 187 225
0013 076 178 112 215 157 181 194 225
0014 157 182 185 221 080 179 114 211
0015 077 176 113 210 152 174 180 205
0016 076 174 113 210 142 168 178 206
0017 076 172 114 210 143 169 173 200
0018 077 172 114 210 136 162 174 199
0019 079 171 120 210 133 136 176 169
0020 134 108 177 143 094 163 133 199
0021 124 089 174 124 116 138 158 169
0022 125 091 162 120
0023 123 075 163 109 118 117 161 146
0024 118 066 166 095 121 121 169 152
0025 115 065 170 094 122 117 172 145
0026 111 079 171 108 115 106 156 130
0027 070 087 125 129 115 099 166 131
0028 118 076 160 110 120 110 166 144 071 103 147 139
0029 117 081 161 110
0030 114 105 153 130 067 091 117 132
0031 119 079 173 108 116 117 168 149
0032 115 080 176 109 127 108 198 136
0033 116 092 170 120
0034 122 110 165 136 074 093 147 131
0035 118 080 158 105 124 118 168 145 075 106 147 141
0036 121 123 165 152 123 082 169 115
0037 132 113 176 146 123 137 168 162
0038 110 156 150 189 149 159 181 201
0039 102 176 134 210 157 179 185 226
0040 095 197 129 235 156 202 188 239
0041 088 203 117 237 163 213 185 239
0042 086 207 114 239 160 208 193 239
0043 163 212 187 239 084 209 107 237
0044 166 213 190 239 078 208 107 239
0045 079 204 102 236 160 209 187 239
0046 082 205 112 239 165 205 189 239
0047 163 209 188 239 081 207 107 239
0048 083 207 111 239 163 211 185 239
0049 084 207 113 239 163 212 186 239
