0002 152 200 188 233
0003 139 162 177 196
0004 130 125 172 166 124 186 166 224
0005 126 128 167 175
0006 128 156 174 189 137 122 180 150
0007 124 161 167 193 136 112 191 145
0008 122 143 181 178
0009 130 109 168 142 133 160 180 194
0010 129 119 171 154
0011 129 159 172 192 125 113 181 147
0012 131 111 180 142 125 161 166 194
0013 130 154 171 183 126 120 162 157
0014 122 112 168 149
0015 124 133 166 173
0016 134 113 175 139 118 163 169 198
0017 123 144 163 184
0018 107 199 149 228 137 169 177 201
0019 145 210 187 239
