0000 175 206 194 234
0001 181 200 203 234
0002 182 192 213 222
0003 190 188 223 217
0004 105 184 131 228 197 174 230 197
0005 099 183 134 225
0006 099 181 132 224
0007 102 194 137 234
0008 104 193 126 231 212 069 234 106
0009 106 198 135 234
0010 209 013 232 048 112 194 133 230
0011 213 018 240 061 105 188 137 230
0012 174 078 235 123 109 191 131 226
0013 202 139 238 171 175 107 221 149 110 188 130 224
0014 203 165 228 202
0015 201 173 228 209
0016 200 170 234 208
0017 202 168 229 204 102 191 122 222
0018 202 175 229 213 101 190 122 226
0019 196 186 221 232 102 187 124 225
0020 192 199 214 237 109 190 129 233
0021 186 205 205 238 108 192 128 227
0022 173 203 195 238 106 189 126 224
0023 107 187 126 223
0024 107 189 126 224 043 205 101 237
0025 107 192 128 228
0026 110 192 129 226
0027 109 189 129 226 059 206 100 239
0028 107 194 130 229
0032 046 208 103 237
