0000 189 192 209 229 108 213 132 239
0001 107 208 130 238 201 169 222 204
0002 210 121 235 149 105 213 130 239
0003 213 066 247 100 109 207 131 237
0004 109 208 131 238 234 049 261 095
0005 109 207 131 236 252 055 292 096
0006 266 073 312 109 109 209 131 238
0007 265 079 313 115 110 209 132 239
0008 264 079 317 115 107 214 131 239
0009 264 079 312 115 109 209 130 239
0010 262 079 313 117 109 209 130 238
0011 263 079 312 117 107 214 131 239
0012 265 077 314 115 107 213 131 239
0013 246 065 297 113 107 213 132 239
0014 220 079 244 117 107 211 131 239
0015 184 132 221 161 109 210 132 239
0016 109 212 133 239 189 163 212 205
0017 108 212 133 239 189 194 207 228
0018 108 213 133 239 191 192 211 230
0019 108 213 131 239 192 191 213 231
0020 108 213 131 239 190 192 212 231
0021 109 212 131 239 187 193 208 230
0022 108 212 131 239 185 193 206 228
