0002 083 218 102 239
0003 089 213 110 239 182 219 202 239
0004 100 215 135 239 191 213 213 239
0005 207 197 241 236 122 197 159 238
0006 210 160 254 201 135 170 185 208
0007 211 132 264 172 156 130 199 174
0008 214 113 265 159 156 113 211 151
0009 214 105 265 155 161 095 213 142
0010 214 107 263 154 167 088 219 139 122 108 172 141
0011 208 112 261 153 167 089 217 138
0012 207 112 260 154 167 090 217 139
0013 206 111 260 153 161 091 214 140
0014 209 111 265 152 164 089 212 141
0015 209 111 260 154 165 090 209 141
0016 204 110 257 154 166 090 208 141
0017 205 111 256 153 160 093 211 143
0018 201 119 247 159 155 104 207 147
0019 145 129 197 169 200 152 245 191
0020 202 185 231 229 127 164 172 203
0021 116 196 156 238 193 207 220 239
0022 095 209 131 239 188 219 211 239
0023 085 214 107 239
0026 068 222 094 239
0027 185 214 204 239 073 220 095 239
0028 074 219 097 239
