0000 177 198 202 235 097 206 118 239
0001 096 207 118 239 176 199 202 235
0002 176 197 201 238 095 208 116 237
0003 176 200 202 236 094 206 117 237
0004 176 200 203 235 091 205 121 239
0005 096 206 119 239 176 200 203 235
0006 176 200 203 237 100 195 126 238
0007 105 175 142 226 175 197 202 237
0008 175 201 200 237 107 154 159 194
0009 173 200 198 237 131 131 179 161
0010 142 107 184 142 172 200 199 239
0011 171 202 198 238 145 097 188 129
0012 171 200 198 238 141 098 185 126
0013 171 200 197 238 140 095 184 125
0014 171 202 197 237 137 093 183 125
0015 137 093 183 125 172 201 198 238
0016 172 201 198 238 137 093 183 126
0017 172 201 198 239 136 094 183 126
0018 172 200 198 239 137 092 183 126
0019 136 095 180 125 169 201 198 238
0020 132 094 171 126 169 201 197 238
0021 169 201 197 237 114 097 158 127
0022 076 104 117 157 174 192 203 237
0023 177 200 204 235 077 103 102 151
0024 181 195 209 237 076 104 102 147
0025 181 200 207 234 078 105 105 152
0026 075 107 102 150 179 196 205 237
0027 077 110 106 153 175 192 206 238
0028 075 110 103 153 173 190 204 237
0029 076 112 103 154 171 193 201 235
0030 076 121 106 162 174 198 202 237
0031 079 130 109 167 176 199 202 237
0032 079 144 108 179 177 197 205 236
0033 082 158 112 207 176 197 203 237
0034 176 197 204 236 085 171 115 230
0035 173 196 203 238 094 203 119 239
0036 173 196 200 235 093 206 116 238
0037 174 199 202 238 092 204 115 237
