0008 047 223 091 239
0009 052 217 090 239
0010 055 195 102 235 145 209 192 239
0011 138 171 188 211 061 167 111 208
0012 136 137 180 174 063 136 113 187
0013 124 113 177 165 073 118 125 172
0014 124 109 174 157 080 111 132 165
0015 121 108 176 159 075 108 128 161
0016 123 111 175 160 080 107 134 158
0017 129 107 181 157 073 106 124 160
0018 143 099 194 153 060 111 113 163
0019 159 096 212 146 048 116 100 171
0020 168 099 220 155 046 115 094 168
0021 168 100 220 156 048 115 093 168
0022 169 105 220 157 053 114 101 167
0023 162 105 214 158 048 118 098 171
0024 164 102 211 155 046 113 095 170
0025 164 103 212 157 046 113 095 169
0026 163 104 212 157 047 114 095 170
0027 163 110 218 155 048 114 097 169
0028 158 106 210 149 064 119 107 173
0029 147 105 205 145 078 137 124 189
0030 085 150 139 203 130 109 191 147
0031 120 105 180 149 099 152 144 198
0032 121 102 174 153 103 151 148 202
0033 120 094 167 147 102 145 145 195
0034 115 097 165 143 102 143 143 192
0035 118 085 166 130 103 139 145 186
0036 106 152 150 199 114 069 176 111
0037 104 164 147 208 113 047 169 088
0038 113 037 169 078 105 170 150 210
0039 113 036 170 075 104 169 158 208
0040 115 035 172 079 106 169 158 206
0041 113 040 168 081 106 168 148 208
0042 118 039 170 080 105 170 148 209
0043 119 040 169 082 106 170 148 208
0044 119 040 171 081 106 169 148 208
0045 118 042 178 082 100 171 144 207
0046 121 047 175 088 093 159 144 210
0047 079 163 130 214 129 061 185 102
0048 069 174 118 219 131 090 192 129
0049 056 196 107 239 133 129 194 167
0050 144 175 195 226 045 208 092 239
0051 042 223 089 239 165 209 211 239
