0001 191 196 228 239 088 195 173 239
0002 114 122 173 166 193 111 236 177
0003 185 078 230 146 125 066 176 121
0004 132 047 181 101 187 068 230 139
0005 128 035 177 082 177 064 228 125
0006 130 038 182 096 176 064 224 124
0007 129 047 191 102
0008 130 045 192 100
0009 133 041 189 101
0010 132 043 186 099 179 063 223 130
0011 125 042 173 094 182 072 223 133 124 064 201 114
0012 108 043 155 101
0013 085 044 138 106
0014 078 043 128 109
0015 077 045 139 119
0016 079 042 125 118
0017 080 047 133 118
0018 083 055 129 121 197 070 240 124
0019 105 067 144 136 196 056 231 114
0020 108 078 155 141 184 053 237 098 173 080 220 121
0021 123 093 168 158 175 045 230 086 181 078 223 118
0022 165 049 221 086 134 098 173 173 166 070 225 107
0023 135 093 174 166 163 051 225 087 167 070 225 107
0024 165 049 224 085 131 099 170 170 163 072 218 110
0025 174 041 228 076 127 105 166 173 170 070 218 105
0026 180 036 233 072 123 116 158 174 173 061 221 108
0027 186 020 239 066 121 117 156 174
0028 201 013 251 056 109 122 144 173
0029 212 009 262 051 100 124 142 173
0030 215 009 259 045 099 128 140 182
0031 098 126 142 182 214 011 259 052
0032 215 010 260 045 098 126 143 182
0033 216 010 263 046 097 126 142 183
0034 213 011 259 053 098 126 143 182
0035 212 010 261 057 097 126 143 183
0036 203 018 252 063 101 135 141 191
0037 184 058 243 113 108 174 143 231
0038 174 140 220 181
0039 156 197 204 239
