0000 192 197 210 227 134 199 154 233
0001 194 196 211 225
0002 192 196 210 227
0003 191 195 211 229
0004 194 197 213 226
0005 194 198 212 225
0006 194 195 212 229
0007 195 192 216 226
0008 195 194 213 231
0009 195 192 217 230
0010 198 196 219 230
0011 199 193 223 227
0012 202 194 224 227 115 195 139 233
0013 204 189 230 223 111 194 136 231
0014 106 195 132 229 208 183 231 222
0015 096 188 121 220 216 186 242 214
0016 092 186 120 221
0017 213 176 249 210
0018 204 146 254 183 072 146 142 186
0019 196 138 242 160
0021 200 117 262 149
0022 199 119 262 144 000 155 019 182
0023 197 119 264 151 000 155 019 182
0024 198 118 267 143 000 155 019 182
0025 197 119 263 150
0026 196 119 263 150
0027 198 119 262 144
0028 195 119 261 147
0031 232 127 270 147
0032 228 129 268 150 060 117 094 139
0034 239 135 271 152
0035 201 140 274 166
0036 084 140 146 180 202 145 253 179
0037 199 150 245 191 103 144 146 188 082 185 117 214
0038 102 193 123 226 212 182 251 214
0039 203 191 226 225 191 154 214 194
0040 197 190 221 226
0041 196 194 215 230
0042 194 192 215 230
0043 193 192 213 228
0044 194 196 214 228
