0000 189 192 211 232 111 202 135 233
0001 114 204 139 234 187 196 206 231
0002 133 191 161 225 175 183 201 212
0003 156 151 197 178 141 153 170 178
0004 156 104 198 136 137 107 175 142
0005 121 088 158 118 183 081 210 116 192 119 225 157
0006 209 058 232 095 098 066 125 100
0007 236 030 266 081 059 026 088 080
0008 029 047 055 079 262 049 295 083
0009 260 069 300 097 000 075 044 107
0010 270 083 300 106 003 089 038 127
0011 269 080 301 109 002 092 043 121
0012 264 081 303 105 007 092 047 116
0013 267 082 306 107 009 088 039 114
0014 003 090 043 112 261 075 305 105
0015 251 040 294 070 029 051 053 083
0016 237 016 278 051 038 021 074 054
0017 035 021 074 054 242 015 278 053
0018 244 020 282 056 034 019 072 058
0019 027 019 071 056 243 022 282 061
0020 024 022 071 058 247 021 281 057
0021 022 018 070 058 247 020 281 058
0022 025 025 067 059 246 022 284 058
0023 240 024 284 061 025 026 067 061
0024 028 028 073 063 237 025 278 061
0025 092 048 116 084 207 040 234 082
0026 177 071 200 109 130 080 165 106
0027 132 106 169 136 163 097 203 135
0028 135 128 168 163 168 129 200 161
0029 127 170 162 199 175 158 203 191
0030 120 194 147 225 180 178 203 210
0031 183 189 206 230 113 207 135 235
0032 185 190 207 232 114 203 139 236
0033 114 206 137 234 184 195 203 230
