0000 196 155 230 205
0001 197 160 230 203
0002 189 157 230 205
0003 197 160 231 205
0004 191 160 233 207
0005 198 159 231 204
0006 198 159 231 205
0007 199 156 231 205
0008 197 156 230 203
0009 200 155 230 204 120 215 164 239
0010 121 197 180 236 199 156 232 207
0011 115 153 175 197 193 163 233 207
0012 118 095 176 136 194 160 232 206
0013 109 077 182 120 198 158 230 206
0014 116 066 184 116 198 158 231 206
0015 117 065 184 110 198 159 230 206
0016 120 064 188 107 195 162 231 207
0017 114 065 184 109 199 158 229 209
0018 119 064 183 110 195 161 232 207
0019 121 067 184 111 201 162 230 204
0020 118 061 185 109 201 162 230 204
0021 118 064 182 110 201 163 230 204
0022 119 066 182 110 201 161 230 204
0023 119 065 182 109 201 161 230 205
0024 120 066 182 109 195 165 232 206
0025 119 067 183 110 200 161 230 204
0026 117 066 188 109 195 165 232 205
0027 114 064 190 113 195 164 233 206
0028 198 161 231 205 115 099 187 145
0029 112 163 182 203 198 161 230 206
0030 120 200 169 239 196 160 230 207
0031 198 158 231 207 106 217 154 237
0032 193 159 233 205
0033 191 162 232 205
0034 190 162 234 208
0035 190 162 234 209
0036 195 160 229 207
0037 191 160 233 201
