0016 162 218 190 239
0018 181 197 222 236
0019 184 171 235 218
0020 187 157 243 197
0021 188 138 253 182
0022 210 126 260 164
0023 210 122 260 158
0024 203 110 265 147
0025 206 102 271 135
0026 204 098 266 133
0027 208 092 270 131
0028 208 087 264 122
0029 205 084 270 119
0030 206 083 268 119
0031 205 083 266 116
0032 202 081 264 115
0033 202 078 265 114
0034 199 077 263 113
0035 201 075 262 114
0036 196 077 265 114
0037 196 078 268 114
0038 196 078 267 114
0039 199 077 264 113
0040 198 079 262 115
0041 198 078 260 115
0042 197 076 261 114
0043 199 077 264 113
0044 195 074 265 114
0045 195 074 266 114
0046 197 076 259 114
0047 198 074 262 113
0048 201 079 261 113
0049 201 079 262 113
0050 201 079 262 113
0051 202 076 261 115
0052 199 071 261 110
0053 201 075 259 113
0054 201 074 260 113
0055 200 077 260 115
0056 201 075 258 113
0057 201 075 258 113
0058 198 071 261 111
0059 199 075 261 115
0060 195 076 258 113
0061 196 077 252 115
0062 173 095 219 148
0063 169 104 213 163
0064 146 140 193 197
0065 124 189 169 238
0066 112 213 153 238
