0000 035 222 064 239
0002 035 222 064 239
0003 104 213 144 239
0004 098 195 141 239
0005 100 161 145 228 037 216 064 239
0006 100 136 143 207 037 217 064 239
0007 100 119 140 190
0008 097 107 140 179 035 218 068 239
0009 097 108 143 172 036 222 064 239
0010 106 089 147 169 038 218 064 239
0011 105 079 151 157
0012 106 065 146 154
0013 103 069 144 144
0014 102 068 144 138
0015 102 065 144 134
0016 102 059 145 136
0017 101 056 143 133
0018 099 056 148 134
0019 101 055 149 127
0020 101 055 143 132
0021 102 054 148 130
0022 101 060 148 133 035 224 063 239
0023 102 060 146 128 035 223 064 239
0024 099 055 142 131 035 222 063 239
0025 101 052 141 131 035 224 063 239
0026 099 053 140 133
0027 100 054 141 130 038 224 067 239
0028 100 051 140 134 034 223 064 239
0029 100 051 140 134
0030 100 057 141 133
0031 098 059 145 136
0032 101 071 145 141 036 217 067 239
0033 098 108 143 164
0034 094 159 145 203 036 219 064 239
0035 094 187 148 237
0036 102 208 148 239 037 221 062 239
0037 107 216 162 239
0040 038 214 063 239
0042 041 214 074 239
0043 042 216 078 239
0045 049 224 078 239
0047 045 220 085 239
0048 046 215 075 239
