0000 097 202 135 239
0001 097 198 141 237
0002 103 202 138 237
0003 095 200 142 236
0004 101 202 146 238
0005 105 199 146 238
0006 103 191 148 236
0007 105 183 150 228
0008 109 166 166 219
0009 116 143 161 214
0010 118 128 165 205
0011 119 125 177 193
0012 126 112 176 188
0013 128 105 175 181
0014 129 102 177 175
0015 134 097 181 175
0016 134 097 184 178
0017 134 095 183 173
0018 135 090 183 171
0019 135 088 183 171
0020 137 090 179 170
0021 138 088 187 174
0022 136 090 184 171
0023 136 094 188 168
0024 141 096 188 173
0025 138 091 191 174
0026 139 092 191 176
0027 136 094 191 167
0028 137 095 188 167
0029 133 098 185 170
0030 138 090 191 171
0031 141 092 188 172
0032 138 091 190 173
0033 137 095 187 162
0034 138 092 189 170
0035 136 093 191 172
0036 136 097 186 165
0037 135 097 187 164
0038 137 096 187 165
0039 135 095 188 168
0040 135 095 188 167
0041 135 094 188 165
0042 136 094 188 165
0043 132 095 185 163
0044 137 094 187 164
0045 137 094 187 164
0046 133 094 186 164
0047 137 095 187 164
0048 132 097 186 163
0049 134 098 183 162
0050 138 089 189 171
0051 133 095 185 165
0052 137 100 190 168
0053 136 098 186 165
0054 137 097 190 173
0055 135 110 185 174
