0000 032 218 068 239
0001 034 223 072 239
0002 133 211 172 239 028 215 074 239
0003 127 205 170 239 034 216 075 239
0004 122 184 168 237 032 218 078 239
0005 119 149 169 216 035 216 070 239
0006 124 125 174 213 032 220 075 239
0007 126 119 173 199 036 218 069 239
0008 126 109 173 196 032 222 073 239
0009 127 101 172 189 033 222 071 239
0010 127 097 176 181 031 222 074 239
0011 128 097 172 185 035 221 074 239
0012 126 091 174 172 033 222 070 239
0013 032 222 074 239 128 089 174 167
0014 131 078 171 170 030 218 067 239
0015 133 077 175 167 033 218 072 239
0016 134 076 172 165 033 219 074 239
0017 134 073 173 163 033 220 072 239
0018 133 070 175 162 036 221 069 239
0019 133 074 174 158 033 223 071 239
0020 135 071 181 155 034 221 072 239
0021 139 067 182 152 032 222 073 239
0022 141 060 183 150 032 217 075 239
0023 143 060 184 141 035 217 071 239
0024 146 058 184 146 033 221 074 239
0025 143 062 185 143 032 222 072 239
0026 145 057 184 143 034 216 072 239
0027 146 059 188 141 032 220 074 239
0028 143 059 194 150 027 221 070 239
0029 146 061 198 150 037 219 069 237
0030 149 051 195 140 037 217 076 239
0031 150 058 201 143 034 221 069 239
0032 148 049 203 141 036 220 069 239
0033 149 051 204 138 033 217 077 239
0034 152 049 204 141 031 221 074 239
0035 150 047 205 137 032 223 071 239
0036 151 048 204 140 031 217 069 239
0037 150 042 203 136 033 218 073 239
0038 152 044 201 136 036 219 069 239
0039 151 043 204 137 035 219 070 239
0040 150 045 205 138 034 217 069 239
0041 147 050 203 134 035 219 075 239
0042 148 050 203 134 032 219 075 239
0043 151 046 201 133 032 219 069 239
0044 152 043 205 135 035 219 069 239
0045 152 043 203 137 034 222 071 239
0046 152 044 205 135 036 218 076 239
0047 151 043 205 135 036 220 070 239
0048 152 045 205 137 032 221 074 239
0049 152 044 203 136 031 218 077 239
0050 154 042 203 135 033 222 069 239
0051 153 044 206 138 032 220 074 239
0052 153 046 205 134 032 219 075 239
0053 151 046 206 130 032 222 074 239
0054 147 044 209 135 032 219 074 239
0055 153 041 205 136 032 222 074 239
0056 153 044 205 137 032 222 075 239
0057 151 046 203 131 033 223 073 239
0058 153 046 200 132 033 222 073 239
0059 156 040 208 136 033 222 073 239
0060 156 043 207 134 033 223 073 239
0061 164 043 212 137 031 222 075 239
0062 164 043 216 131 030 223 072 239
0063 162 044 215 136 035 221 070 239
0064 163 047 216 136 033 222 073 239
0065 165 042 218 137 038 218 077 239
0066 164 045 218 135 037 219 070 239
0067 165 042 215 131 033 223 071 239
0068 163 045 215 134 034 217 077 239
0069 163 043 215 136 035 217 076 239
0070 163 041 214 135 034 218 073 239
0071 163 042 214 132 034 218 077 239
0072 162 045 215 137 032 223 073 239
0073 164 046 218 135 036 220 070 239
0074 163 045 216 140 032 220 070 239
0075 161 065 213 148 034 218 071 239
0076 154 088 204 157 034 216 071 239
0077 145 156 188 200 029 222 069 239
0078 127 207 166 239 034 223 073 239
0079 038 220 071 239 147 216 186 239
0080 034 221 073 239
0081 033 222 073 239
0082 029 221 069 239
0083 034 222 074 239
