0000 134 215 177 239
0001 134 215 178 239
0002 136 214 175 239
0008 118 220 171 239
0009 125 206 162 238
0010 123 155 169 185
0011 136 075 178 134
0012 137 042 180 112
0013 136 028 175 107
0014 130 032 176 100
0015 135 031 175 104
0016 137 023 183 102
0017 136 028 182 102
0018 135 028 179 108
0019 137 028 182 101
0020 135 026 179 102
0021 131 033 174 107
0022 127 077 174 127
0023 110 143 165 181
0024 101 180 158 233 061 218 087 239
0025 022 195 068 236 106 216 150 239 128 202 175 237
0026 130 214 173 239 006 181 037 218
0027 142 214 173 239
0028 138 207 177 239
0029 142 212 173 239
0030 143 212 173 239
0032 134 214 175 239
0033 136 211 175 238
0034 137 211 175 238
