0000 137 147 184 204 187 196 226 236 071 200 102 235
0001 141 143 184 205 189 191 226 237 070 204 100 239
0002 137 138 182 198 190 194 226 237 068 206 100 237
0003 137 125 179 188 180 183 229 236 067 209 101 239
0004 138 107 171 173 180 182 223 233
0005 137 104 176 164 174 172 219 227
0006 137 092 175 158 179 166 219 227
0007 139 089 171 150 173 156 214 227
0008 139 085 169 145 173 151 212 223
0009 136 088 167 145 169 155 212 222
0010 136 085 171 146 174 157 215 225 065 211 104 239
0011 134 085 167 147 173 154 214 224
0012 071 210 100 239 137 084 169 143
0013 137 084 169 144 072 211 100 239
0014 136 076 171 145 072 211 100 239 169 155 210 223
0015 135 077 172 146 072 212 100 239 171 158 211 224
0016 135 075 172 147 072 212 100 239 170 158 211 224
0017 135 076 168 147 072 211 100 239
0018 138 075 170 145 072 211 100 239
0019 139 099 169 162 169 164 215 232 067 209 102 239
0020 139 113 173 181 180 180 227 236 067 209 102 239
0021 139 131 179 202 067 209 102 239
0022 148 189 197 234 072 210 100 239
0023 072 211 100 239
0024 197 210 233 238
0025 196 210 229 237 072 213 100 239
0026 196 212 229 237 069 210 105 239
0027 195 213 229 237
0029 071 213 100 239
0030 069 209 105 239
0031 071 213 101 239
0032 071 213 101 239 196 215 233 238
0033 071 213 101 239
0034 071 213 101 239 197 215 233 238
0035 071 213 101 239 197 215 233 238
0036 072 209 100 239
0037 072 211 100 239
0038 072 210 100 239
0039 071 211 100 239
