0004 170 214 214 239 065 211 109 239
0005 149 193 207 239 066 192 124 239
0006 066 176 131 222 148 176 208 229
0007 074 163 139 205 149 162 206 212
0008 143 156 201 200 079 157 138 197
0009 144 152 200 195 078 155 143 193
0010 142 150 199 192 082 148 139 186
0011 144 147 200 192 078 150 141 188
0012 141 147 201 191 072 148 140 186
0013 136 148 197 186 075 144 128 184
0014 071 144 129 183 136 146 199 185
0015 072 144 132 180 138 147 204 185
0016 143 142 203 182 072 140 137 179
0017 139 140 198 176 077 138 129 177
0018 140 137 202 172 073 139 139 176
0019 073 137 138 172 147 137 210 174
0020 063 136 136 172 150 139 216 171
0021 056 130 128 164 164 135 233 167
0022 040 131 116 164 177 134 249 168
0023 027 128 109 163 190 129 268 167
0024 199 133 279 170 023 129 101 164
0025 020 127 096 162 207 129 285 166
0026 208 130 281 167 015 128 092 163
0027 016 134 094 167 211 130 292 170
0028 021 131 094 167 200 138 282 178
0029 196 149 255 206 039 143 108 182
0030 057 161 108 235 191 164 234 239
0031 161 178 218 239 065 178 122 239
0032 150 187 207 239 076 189 132 239
0033 140 191 198 239 080 194 140 239
0034 083 192 143 239 142 193 194 239
0035 080 190 134 239 139 189 195 237
0036 082 194 133 239 142 190 196 239
0037 082 194 134 239 142 194 197 239
0038 142 191 199 239 084 196 138 239
0039 141 194 198 239 082 196 139 239
0040 083 196 132 239 139 194 199 239
0041 084 196 137 239 139 195 201 239
0042 083 199 132 239 135 194 197 239
0043 085 199 137 239 141 194 199 239
0044 080 194 133 239 140 194 198 239
0045 146 193 201 239 083 197 132 239
0046 087 192 136 239 135 192 196 239
0047 084 197 138 239 138 196 196 239
0048 084 199 135 239 134 192 196 239
0049 140 195 196 239 078 196 133 239
0050 141 189 194 239 083 197 137 239
0051 141 193 200 239 082 197 137 239
0052 141 191 196 239 079 194 136 239
0053 150 194 201 239 079 196 133 239
0054 160 208 209 239 074 205 125 239
0055 180 213 225 239
0060 190 209 230 239
