0001 196 208 231 239
0002 098 198 149 239 174 189 221 239
0003 101 170 159 210 167 163 210 209
0004 097 147 160 188 163 138 211 182
0005 148 122 208 163 098 130 152 175
0006 146 117 211 162 095 127 149 177
0007 145 120 201 162 094 121 144 168
0008 139 116 211 163 093 118 143 171
0009 142 117 206 158 094 118 144 168
0010 143 115 203 161 094 118 142 169
0011 093 118 143 171 142 112 205 160
0012 094 118 143 171 142 113 203 162
0013 089 122 140 173 153 117 208 160
0014 087 123 138 173 156 112 213 160
0015 081 125 135 172 165 112 215 157
0016 169 120 226 161 075 125 130 174
0017 179 121 235 157 076 126 125 173
0018 190 120 244 158 066 128 119 180
0019 060 128 114 177 198 108 247 158
0020 054 131 109 180 200 112 257 149
0021 051 131 104 180
0022 048 128 096 183 213 104 263 148
0023 040 123 092 175 213 105 267 147
0024 046 120 095 174 212 101 267 146
0025 043 127 095 179 212 103 265 147
0026 044 128 095 180 214 098 266 133
0027 044 128 095 179 214 102 266 145
0028 043 128 095 179 216 095 267 136
0029 046 129 100 181 205 108 263 154
0030 205 106 253 157 051 133 108 174
0031 064 148 119 201 194 124 240 165
0032 070 166 138 216 184 142 229 196
0033 170 154 222 208 069 179 138 225
0034 161 174 215 227 070 192 139 235
0035 157 173 209 225 075 195 140 236
0036 147 184 204 231 073 203 139 239
0037 147 192 202 234 070 201 134 239 036 204 085 239
0038 140 196 193 234 069 202 133 239 032 200 084 235
0039 070 202 135 239 139 195 190 233 036 204 087 239
0040 066 201 132 239 140 196 192 233 042 205 072 237
0041 066 201 132 238 140 196 193 235
0042 074 204 130 239 138 196 191 235
0043 066 201 132 238 138 196 191 235
0044 066 201 132 238 139 196 192 235
0045 066 201 132 238 138 197 192 235
0046 064 201 127 239 143 200 189 237
0047 142 196 191 238 063 201 127 239
0048 143 196 192 238 063 201 127 239
0049 142 195 193 238 074 203 130 239
0050 148 194 190 236 066 201 132 238
0051 140 196 196 236 057 200 126 238
0052 152 202 199 237 065 206 127 239
