0000 135 192 180 236 084 177 139 236
0001 084 177 138 236 135 180 178 238
0002 084 176 139 236 132 167 182 220
0003 077 177 135 237 135 152 189 201
0004 077 177 134 236 134 127 180 166
0005 077 176 134 236 137 103 179 141
0006 077 177 133 236 139 081 182 126
0007 077 176 134 237 143 064 180 118
0008 078 177 133 237 139 049 177 105
0009 078 177 133 236 138 043 176 095
0010 085 178 139 235 138 041 177 093
0011 085 177 138 236 135 041 177 090
0012 084 177 139 233 138 039 177 089
0013 084 177 139 233 139 036 174 092
0014 084 177 139 233 138 030 176 086
0015 141 031 177 084 084 177 139 233
0016 140 034 176 092 084 177 139 233
0017 084 177 139 233 140 032 180 086
0018 077 177 139 236 142 032 180 086
0019 077 177 140 237 141 033 179 086
0020 084 177 139 234 139 034 179 089
0021 084 177 139 234 138 035 179 089
0022 084 177 139 236 139 032 180 085
0023 085 178 138 236 139 032 180 085
0024 085 178 138 236 139 031 180 085
0025 085 178 139 236 140 036 179 086
0026 085 177 138 236 139 031 179 085
0027 085 177 138 236 140 032 179 086
0028 140 033 179 089 085 177 138 236
0029 139 031 180 085 085 177 139 236
0030 138 033 173 089 085 178 139 236
0031 139 033 173 091 085 178 139 236
0032 138 030 178 084 085 178 139 236
0033 085 178 138 236 140 032 181 087
0034 084 177 139 236 141 035 178 086
0035 084 177 139 236 141 034 181 084
0036 084 177 139 236 142 034 182 084
0037 084 177 139 236 143 033 180 084
0038 085 177 139 236 143 033 180 084
0039 084 177 139 236 142 033 180 085
0040 084 177 139 236 141 034 181 084
0041 084 177 138 236 140 033 181 085
0042 084 177 138 236 140 035 181 084
0043 085 177 138 236 140 035 182 088
0044 085 177 138 236 140 037 182 089
0045 140 043 181 097 084 177 138 236
0046 142 050 185 102 087 180 140 238
0047 086 177 138 236 143 072 182 120
0048 085 177 138 236 141 122 184 157
0049 145 163 186 221 085 176 138 236
0050 148 181 186 238 085 177 138 237
0051 085 178 138 237 149 200 189 239
0052 085 178 138 236 150 200 190 238
0053 084 177 138 236 150 201 190 238
