0000 033 208 075 239
0001 029 208 077 238
0002 027 206 073 237
0003 026 207 071 239
0004 020 207 061 239
0005 010 205 047 239
0006 009 197 038 237
0007 013 195 050 236
0008 022 194 062 236
0009 029 203 060 238
0010 025 203 063 236
0011 026 205 060 238 080 204 129 239
0012 026 204 066 237 100 151 151 194
0013 027 206 066 236 113 102 166 158
0014 023 207 065 237 123 059 165 126
0015 024 208 065 238 125 038 167 114
0016 025 208 064 237 123 039 170 101
0017 025 208 065 237 126 031 168 101
0018 024 208 066 238 126 030 168 102
0019 024 209 066 238 124 037 170 098
0020 025 209 066 237 124 032 167 098
0021 125 030 168 098 026 209 068 237
0022 128 028 170 095 026 209 067 237
0023 024 208 065 238 127 032 174 093
0024 131 032 174 093 024 209 062 237
0025 129 025 171 094 024 209 063 237
0026 124 023 176 099 024 209 063 237
0027 123 026 176 094 024 208 063 237
0028 125 025 175 093 024 209 062 237
0029 128 026 170 093 025 209 063 238
0030 129 026 172 096 024 208 064 238
0031 126 024 174 099 024 208 064 238
0032 129 028 173 094 025 208 064 237
0033 128 027 171 093 025 209 064 237
0034 127 033 178 094 025 209 065 238
0035 129 025 172 095 025 209 064 237
0036 129 025 171 095 025 207 065 237
0037 129 025 175 098 027 208 067 236
0038 126 029 176 095 027 208 066 235
0039 131 027 171 094 027 208 066 236
0040 128 032 173 092 027 209 067 235
0041 131 028 170 093 027 209 067 235
0042 129 028 171 095 027 209 068 235
0043 130 024 172 095 027 209 068 236
0044 027 209 068 236 127 027 170 096
0045 127 033 172 096 028 209 069 235
0046 132 028 171 095 028 209 067 235
0047 136 038 174 102 028 209 067 235
0048 027 209 066 236 129 043 175 107
0049 025 208 064 238 122 071 171 124
0050 025 208 064 238 106 114 161 154
0051 025 209 064 238 100 141 151 190 142 165 199 211
0052 025 209 064 237 094 176 147 227
0053 027 209 065 236 091 202 137 239
0054 026 210 064 238
0055 026 207 067 236
0056 026 208 068 236
0057 026 207 069 236
0058 026 207 069 236
0059 029 210 064 235
0060 028 207 067 235
