0006 053 222 094 239
0007 150 214 188 239
0008 168 185 219 235
0009 182 143 223 196
0010 185 117 220 172
0011 185 089 217 148
0012 184 080 214 135
0013 178 073 217 125
0014 182 073 217 121
0015 184 079 211 118
0016 177 074 218 122
0017 177 075 216 127
0018 183 079 216 123
0019 177 078 217 127
0020 179 076 217 128 051 222 097 239
0021 183 075 217 121
0022 185 072 215 123 051 221 097 239
0023 181 078 216 125
0024 185 076 215 126
0025 180 075 219 134
0026 188 083 216 129
0027 179 081 218 132
0028 188 081 217 131
0029 178 101 216 149
0030 172 142 212 188
0031 160 187 209 235
