0000 141 209 176 239
0001 138 212 177 239
0002 145 209 184 239
0003 156 195 193 238
0004 162 176 204 215
0005 182 148 219 191
0006 188 126 225 165
0007 184 093 225 138
0008 183 076 223 126
0009 187 073 223 122
0010 181 065 221 112
0011 180 067 217 110
0012 181 071 218 114
0013 187 070 223 115
0014 179 068 219 113
0015 179 063 219 115
0016 185 062 217 114
0017 179 069 217 116
0018 178 073 215 116
0019 183 067 216 113
0020 184 065 217 117
0021 178 063 217 117
0022 179 069 216 115
0023 179 068 215 115
0024 180 062 216 113
0025 185 060 215 115
0026 181 071 216 113
0027 180 068 216 114
0028 186 066 214 110
0029 186 060 215 114
0030 181 072 216 116
0031 181 073 216 113
0032 180 073 215 115
0033 181 068 217 114
0034 179 067 217 112
0035 178 069 216 112
0036 181 073 215 113
0037 180 066 216 114
0038 181 066 218 117
0039 185 072 216 115
0040 179 075 216 118
0041 182 073 219 120
0042 183 076 216 120
0043 187 078 225 120
0044 185 082 218 124
0045 179 082 219 123
0046 181 087 218 128
0047 175 100 217 143
0048 176 118 216 161
0049 163 153 200 192
0050 149 183 188 226
0051 139 214 178 239
0052 139 219 174 239
0053 138 218 181 239
0054 136 218 180 239
