0000 048 219 105 239
0001 057 220 104 239
0002 058 220 104 239
0003 155 217 197 239 056 221 107 239
0004 196 173 245 225
0005 208 125 249 181 058 222 104 239
0006 211 090 241 142 057 221 105 239
0007 205 074 238 131 057 221 107 239
0008 202 070 238 123 055 221 107 239
0009 200 066 231 123
0010 199 063 231 123
0011 200 066 233 124 057 221 104 239
0012 196 067 236 130
0013 201 070 236 124 060 221 105 239
0014 204 081 236 130 056 221 105 239
0015 201 081 239 130 057 220 106 239
0016 202 079 239 134 056 220 105 239
0017 204 080 238 131 056 220 106 239
0018 203 079 238 130 056 220 106 239
0019 203 074 239 130 056 220 107 239
0020 199 072 241 127
0021 203 074 240 128 059 221 105 239
0022 198 068 242 133
0023 202 076 240 131
0024 203 084 238 132
0025 205 082 241 132 052 218 103 239
0026 205 083 239 131
0027 204 083 240 139 056 221 107 239
0028 204 086 237 137 057 220 106 239
0029 202 081 240 139 058 220 106 239
0030 203 087 242 138 057 220 106 239
0031 209 101 242 146
0032 202 121 248 166
0033 185 169 236 212
0034 162 213 208 239
0037 057 220 104 239
