0000 146 213 177 239
0001 144 210 183 239
0002 156 214 190 239
0003 158 197 207 239
0004 179 184 220 233
0005 182 167 232 207
0006 192 137 241 185
0007 199 119 242 161
0008 198 106 245 154
0009 202 102 244 150
0010 201 101 242 149
0011 202 097 246 152
0012 200 097 246 151
0013 202 096 246 148
0014 205 092 242 143
0015 203 096 246 148
0016 204 091 248 145
0017 205 093 244 143
0018 204 092 246 143
0019 203 090 242 143
0020 203 092 243 145
0021 200 093 247 148
0022 204 090 249 144
0023 204 091 249 144
0024 200 092 247 148
0025 201 094 246 147
0026 202 092 247 148
0027 203 093 244 143
0028 203 092 248 145
0029 204 089 248 144
0030 204 093 246 142
0031 203 089 248 144
0032 203 085 249 144
0033 206 087 247 139
0034 204 087 241 140
0035 201 089 246 141
0036 202 085 242 139
0037 204 086 247 139
0038 201 084 247 142
0039 204 084 247 140
0040 204 087 248 140
0041 206 083 248 140
0042 202 083 246 142
0043 205 083 247 137
0044 205 085 247 134
0045 203 087 245 136
0046 206 085 244 138
0047 206 085 246 138
0048 206 088 243 137
0049 198 089 243 136
0050 203 090 239 139
0051 205 087 241 134
0052 203 084 243 138
0053 200 089 242 134
0054 204 088 240 136
0055 204 087 242 134
0056 204 085 245 136
0057 209 086 244 127
0058 203 083 244 130
0059 205 081 243 129
0060 203 081 245 127
0061 202 078 242 130
0062 204 078 245 132
0063 202 081 242 133
0064 206 082 243 127
0065 209 084 244 130
0066 208 085 248 128
0067 203 087 244 129
0068 205 091 244 135
0069 194 099 240 143
0070 181 148 221 188
0071 158 178 196 234
0072 146 214 183 239
0073 144 215 181 239
0074 144 220 184 239
0075 146 214 181 239
