0014 109 010 158 088
0015 109 010 158 090
0016 170 181 213 238
0017 172 180 213 237
0018 210 211 261 235
0019 180 159 240 214
0020 175 111 226 168 192 148 237 193
0021 136 082 204 137 186 110 232 164
0022 104 060 191 125
0023 076 063 165 125
0024 069 075 147 140
0025 061 083 128 147
0026 054 083 130 145
0027 050 089 129 154
0028 043 085 133 159
0029 044 088 132 160
0030 045 087 132 160
0031 045 086 132 158
0032 044 087 130 155
0033 048 093 127 153
0034 044 091 114 148
0035 046 088 116 145
0036 048 089 127 138
0037 049 088 127 139
0038 048 085 120 141
0039 045 088 123 144
0040 050 083 122 136
0041 051 087 124 135
0042 057 085 126 140
0043 068 082 137 135
0044 085 083 164 137
0045 121 105 178 158
0046 142 147 190 210
