0000 078 203 110 237 144 207 185 237
0001 078 203 110 237 144 209 187 237
0002 141 203 189 238 078 203 111 237
0003 137 196 187 238 078 203 111 237
0004 079 204 110 238 132 177 186 228
0005 079 203 110 238 127 159 187 205
0006 079 202 110 238 129 137 184 181
0007 079 202 110 238 131 121 186 164
0008 079 203 110 238 131 107 180 152
0009 079 203 110 238 137 093 182 140
0010 079 202 110 238 141 077 183 139
0011 074 203 115 239 138 071 181 132
0012 074 203 115 239 135 075 179 131
0013 080 204 110 238 126 081 176 131
0014 080 202 110 238 130 083 178 135
0015 080 202 110 238 132 083 180 136
0016 078 202 110 238 138 080 180 140
0017 078 203 110 238 131 081 179 135
0018 078 203 110 238 129 079 177 127
0019 078 203 110 238 129 079 178 128
0020 078 203 109 238 139 079 179 138
0021 078 203 109 238 131 083 178 136
0022 078 203 109 238 133 080 179 137
0023 078 203 109 238 132 081 178 136
0024 078 204 110 239 132 083 179 136
0025 078 202 110 238 127 082 177 132
0026 078 202 110 238 135 084 180 140
0027 078 202 110 238 133 084 179 141
0028 079 202 109 237 134 089 179 138
0029 079 203 109 237 127 086 177 134
0030 079 203 109 237 131 090 179 142
0031 079 203 109 237 129 090 178 144
0032 079 203 109 237 131 090 180 141
0033 079 203 109 237 125 095 177 144
0034 078 203 109 238 128 093 176 145
0035 124 096 173 146 078 203 109 238
0036 078 203 109 238 120 100 173 143
0037 078 203 109 238 125 097 173 146
0038 078 203 109 238 123 097 174 145
0039 078 203 109 238 123 097 173 149
0040 078 203 109 238 119 100 172 147
0041 078 205 112 235 120 101 172 147
0042 078 205 112 235 123 101 175 149
0043 078 205 112 235 121 100 171 151
0044 078 202 109 238 121 122 169 164
0045 074 208 114 235 124 144 177 191
0046 128 182 183 232 076 205 110 237
0047 132 200 184 238 074 202 112 239
0048 079 203 109 237 144 209 183 237
0049 143 209 186 238 080 203 109 238
0050 080 204 109 238 146 211 186 238
0051 080 204 109 238 146 211 187 239
0052 079 203 109 238 145 211 187 239
0053 079 203 109 238 145 212 187 239
0054 079 203 109 238 145 212 187 239
0055 079 203 109 238 145 211 186 239
0056 079 203 109 238 145 212 186 239
