0000 074 208 101 237 131 217 157 239
0001 074 209 101 237 127 213 162 237
0002 074 209 101 237 126 210 164 237
0003 135 204 164 236 074 208 100 237
0004 139 191 171 226 074 207 100 237
0005 074 207 101 237 143 160 177 192
0006 152 123 191 165 074 207 101 236
0007 074 207 101 236 158 099 193 139
0008 074 204 101 235 165 077 200 112
0009 075 204 101 235 171 068 198 098
0010 076 209 101 235 164 052 201 090
0011 074 208 100 237 161 052 200 083
0012 158 046 199 084 076 209 101 235
0013 076 209 101 235 161 045 199 085
0014 165 048 197 082 076 208 101 235
0015 162 045 199 085 076 208 101 235
0016 159 050 205 084 076 208 101 235
0017 157 047 200 086 076 208 101 235
0018 076 208 101 235 161 050 199 089
0019 076 208 101 235 166 063 205 102
0020 076 208 101 235 165 074 202 111
0021 076 208 101 235 157 099 195 133
0022 150 132 188 172 072 205 102 235
0023 147 173 177 209 072 205 102 235
0024 133 196 170 231 075 205 099 234
0025 127 211 163 236 075 205 099 235
0026 075 205 099 235 129 213 163 236
0027 075 205 102 236 128 215 162 234
0028 075 205 102 236 127 214 162 235
0029 075 205 102 236 129 214 166 237
0030 075 205 102 236 130 215 162 237
0031 075 206 099 235 130 214 165 237
