0000 115 185 137 222 208 194 226 228
0001 115 184 137 222 209 195 228 229
0002 116 189 138 223 209 194 228 233
0003 206 187 227 231 113 188 133 222
0004 197 179 218 212 117 188 136 219
0005 168 140 198 175 125 171 149 208 204 122 228 161
0006 137 145 170 180 157 110 178 144 201 113 224 146
0007 148 102 185 150
0008 163 093 207 132 143 088 167 130
0009 173 080 212 122 133 091 177 139
0010 178 080 213 120 138 083 177 122 168 109 204 143
0011 175 076 211 116 142 080 183 119
0012 177 077 211 113 147 081 179 120
0013 180 078 216 122 148 083 180 120
0014 179 079 216 119 148 084 180 122
0015 175 079 210 114 145 082 183 119
0016 176 079 210 113 146 082 183 119
0017 178 080 214 120 148 087 178 122
0018 177 078 216 121 143 083 182 123
0019 177 086 217 125 142 087 180 121
0020 173 096 219 144 143 088 171 129
0021 155 113 200 160
0022 142 152 173 191 166 130 205 172
0023 128 176 155 210 189 162 216 199
0024 207 180 228 219 120 184 142 222
0025 116 189 136 223 212 191 234 230
0026 211 194 233 231 115 184 133 219
0027 116 184 134 217 209 192 228 228
0028 116 184 135 218 210 193 228 227
0029 117 185 134 215 207 190 227 226
0030 210 195 228 228 117 186 134 218
0031 117 186 134 217 208 191 228 227
0032 117 186 134 218 208 191 228 229
0033 117 188 135 218 207 191 228 228
