0000 057 211 097 238
0001 055 209 097 238
0002 054 209 097 239
0003 055 211 096 239
0004 055 211 095 239
0005 052 210 092 234
0006 052 209 091 235
0007 051 208 091 235
0008 054 208 096 239
0009 050 209 091 236
0010 050 207 092 239
0011 044 206 091 236
0012 035 201 087 239
0013 025 195 078 239
0014 015 182 080 226 153 200 209 239
0015 013 169 085 216 155 180 226 223
0016 023 165 092 212 164 166 237 213
0017 034 161 112 204 154 153 233 200
0018 031 149 110 191 131 147 195 190
0019 130 142 201 186 019 148 099 188
0020 159 148 234 192 047 137 125 185
0021 148 142 231 183 028 144 105 187
0022 031 143 104 193 140 144 212 185
0023 061 132 133 182 159 141 230 190
0024 036 128 118 176 156 144 233 187
0025 031 135 116 184 140 141 231 182
0026 164 144 238 185 061 130 135 181
0027 162 145 238 184 039 135 118 187
0028 154 147 237 190 064 133 137 187
0029 178 147 246 193 050 138 126 183
0030 063 132 141 181 161 149 236 193
0031 178 144 245 187 053 136 128 184
0032 171 141 244 190 046 136 120 192
0033 064 139 144 192 157 143 235 188
0034 179 138 252 181 045 138 121 183
0035 167 144 236 190 057 140 134 185
0036 161 141 236 184 055 134 133 182
0037 179 142 242 188 056 133 133 183
0038 062 136 139 186 158 143 230 188
0039 062 136 134 189 158 146 236 191
0040 062 138 133 190 156 148 233 194
0041 061 140 130 190 155 150 229 191
0042 155 149 226 201 052 141 127 189
0043 160 150 219 207 049 150 099 196
0044 045 163 095 220 157 160 215 208
0045 035 184 081 238 157 176 217 226
0046 159 194 211 239 027 206 070 239
0047 158 207 213 238 033 213 064 237
