0005 137 208 184 239
0006 107 194 159 239
0007 107 166 160 211
0008 110 115 162 160
0009 097 090 151 131
0010 094 076 156 118
0011 094 065 150 107 137 073 202 127
0012 088 061 145 098 138 064 187 122
0013 089 059 142 098 138 062 183 120
0014 088 058 140 097 138 061 184 120
0015 087 059 142 099 124 069 184 123
0016 082 060 139 100 134 066 181 118
0017 082 060 138 100 130 065 184 120
0018 081 059 140 098
0019 089 059 142 098 134 067 180 122
0020 088 064 144 106 134 078 182 132
0021 088 082 159 123
0022 095 099 151 140 137 117 195 170
0023 108 148 152 193
0024 101 196 145 236
0025 123 220 164 239
