0000 056 198 093 236 106 208 148 239
0001 107 207 146 239 059 200 091 237
0002 109 204 150 239 059 201 091 236
0003 105 202 154 239 058 201 091 237
0004 109 205 149 239 058 199 091 237
0005 108 208 147 239 055 199 095 238
0006 110 205 149 239 061 198 095 236
0007 110 205 149 239 061 198 096 236
0008 110 204 149 239 056 198 096 238
0009 110 207 147 235 062 201 094 235
0010 110 207 146 235 061 199 096 235
0011 111 207 148 239 061 198 097 234
0012 110 206 151 239 060 199 091 237
0013 103 208 148 239 059 201 092 236
0014 109 206 149 239 056 201 092 238
0015 061 201 094 238 110 205 149 239
0016 110 205 150 239 063 201 093 237
0017 109 205 149 239 063 200 093 235
0018 063 202 094 236 110 206 150 239
0019 104 204 148 239 059 201 091 236
0020 099 200 145 239 059 199 091 236
0021 096 178 146 223 057 199 094 235
0022 056 199 095 236 102 164 156 203
0023 095 153 157 192 056 199 096 237
0024 100 156 156 196 056 197 093 237
0025 099 166 156 209 056 199 096 237
0026 099 173 154 217 055 197 096 237
0027 101 169 154 214 060 199 091 238
0028 059 200 091 238 104 157 150 192
0029 060 201 089 235 107 140 145 170
0030 058 198 095 235 102 124 146 158
0031 060 199 090 235 103 113 144 146
0032 099 107 144 141 059 199 091 236
0033 097 101 144 138 059 200 091 238
0034 096 097 141 131 061 199 095 236
0035 059 200 090 237 097 092 141 124
0036 101 085 142 117 060 201 092 237
0037 057 199 095 237 101 080 145 113
0038 102 079 145 115 056 200 094 237
0039 101 079 146 114 056 199 092 235
0040 100 076 143 110 055 199 095 236
0041 101 080 142 111 056 199 092 236
0042 100 079 145 116 054 199 095 236
0043 101 078 143 112 059 201 091 237
0044 101 079 144 113 057 199 094 236
0045 101 078 142 114 054 198 095 237
0046 101 081 144 117 056 199 094 235
0047 099 088 141 120 056 199 095 237
0048 057 201 095 235 099 117 142 150
0049 100 153 150 191 057 201 096 236
0050 101 188 145 239 059 200 090 233
0051 106 195 145 236 057 199 094 235
0052 109 206 146 239 055 200 095 238
0053 109 208 146 239 055 199 095 238
0054 057 199 094 234 111 204 145 235
0055 112 201 151 239 055 200 093 238
0056 111 205 144 235 058 200 093 236
0057 112 201 150 239 059 201 089 236
0058 111 202 150 239 059 200 090 236
0059 112 202 150 239 055 199 094 238
0060 105 200 148 239 056 199 094 235
