0009 201 215 236 239
0010 203 194 241 227
0011 213 168 250 197
0012 216 128 253 173
0013 212 092 248 133
0014 204 061 244 107
0015 194 045 239 091
0016 187 034 232 078 017 033 046 092
0017 182 028 226 068 017 026 046 084
0018 178 027 222 067
0019 169 022 214 060 021 019 050 067
0020 160 019 206 057 030 010 068 056
0021 153 020 202 056 059 013 084 048
0022 142 022 188 057 076 008 116 039
0023 135 025 178 060 093 014 123 050
0024 110 015 166 053 142 023 176 056
0025 117 010 172 052
0026 109 014 150 051 130 025 180 057
0027 135 024 184 055
0028 141 023 189 057 073 008 112 045
0029 142 025 193 058 055 009 091 048
0030 153 024 197 062 036 014 064 055
0031 156 027 199 061
0032 155 024 199 060 025 016 054 068
0033 150 029 193 060 022 014 053 062
0034 138 029 191 062
0035 137 030 181 062 051 012 076 047
0036 128 030 181 066 063 008 104 050
0037 124 035 179 068 100 009 138 033
0038 124 032 170 063 111 011 152 035
0039 128 035 173 066 104 015 160 057
0040 127 036 175 067 108 013 157 057
0041 128 036 176 067 111 012 144 043
0042 127 035 178 067 093 011 137 048
0043 131 035 176 066 082 009 125 038
0044 137 032 182 063 063 009 097 048
0045 144 034 198 069 045 012 071 052
0046 028 015 057 074 148 034 202 067
0047 153 036 202 070 023 021 054 078
0048 023 021 055 076 154 036 202 070
0049 028 013 058 068 148 035 195 070
0050 044 012 071 056 142 035 194 073
0051 139 035 189 070
0052 134 037 180 068
0053 131 034 181 069
0054 115 029 174 066
0055 112 031 175 065
0056 117 032 175 067
0057 114 032 178 074
0058 118 038 179 072
0059 138 049 188 080 094 054 140 089
0060 141 059 196 095 090 076 132 117
0061 156 094 198 130 078 139 119 177
0062 163 148 203 181
0063 172 197 202 232
