0000 133 186 156 222
0001 136 188 160 217
0002 136 189 160 218
0003 138 188 161 218
0004 139 183 164 213
0005 145 172 179 204 186 166 209 196
0006 179 159 205 193 144 164 170 192
0007 181 145 208 171 147 152 172 176
0008 150 135 185 163
0011 182 091 212 125
0013 178 081 219 111
0015 213 060 241 087 109 061 131 098
0016 085 055 109 092 241 045 262 080
0017 062 054 099 095 257 042 290 076
0018 045 050 082 089 275 048 308 079
0019 030 054 069 089 276 061 312 089
0020 026 057 066 088 280 070 313 091
0021 021 057 057 087 287 074 315 095
0022 035 045 064 077 289 074 307 094
0023 288 073 307 095 048 025 084 063
0024 282 073 311 094 086 011 111 041
0025 287 073 314 095 111 017 140 055
0026 120 044 159 066 288 077 310 101
0027 120 055 155 075 288 080 307 103
0028 102 043 125 072 282 080 310 103
0029 289 081 307 103 083 038 104 078
0030 047 029 081 071 288 077 315 100
0031 290 076 307 097 044 015 070 056
0032 279 072 310 096 057 015 093 055
0033 287 068 307 091
0034 284 067 311 088 107 014 134 035
0035 283 069 314 092
0036 288 071 312 093 134 055 164 075
0037 281 073 311 096
0038 282 075 315 097 122 061 164 081
0039 120 052 158 074 290 073 312 095
0040 118 044 158 068 282 069 314 093
0041 274 058 312 083 113 038 150 071
0042 117 035 151 074 254 046 288 081
0043 227 048 249 083
0044 203 059 226 092 135 055 157 087
0045 191 069 215 103
0055 174 136 207 165
0056 164 142 204 171 144 138 172 166
0057 143 145 171 173
0058 145 153 173 186
0061 144 181 170 213 177 183 206 216
0062 181 178 205 212
