0000 138 218 177 239
0001 137 219 177 239
0002 124 221 170 239
0003 150 163 191 206
0004 169 095 211 136
0005 189 056 235 144
0006 187 011 238 074
0007 183 005 244 049
0008 187 005 251 043
0009 186 006 245 045
0010 187 006 245 043
0011 185 004 247 038
0012 184 005 247 039
0013 186 006 246 043
0014 188 005 241 052
0015 201 024 245 084
0016 206 098 246 148
0017 203 147 246 196
0018 197 160 241 211
0019 200 160 241 210
0020 199 159 241 208
0021 199 159 241 206
0022 200 157 240 205
0023 195 156 240 205
0024 195 156 240 205
0025 196 154 241 200
0026 195 159 241 203
0027 198 171 237 220
0028 174 191 214 239
0029 160 199 206 239
0030 138 219 180 239
0031 140 211 181 239
0032 143 209 185 239
0033 143 214 188 239
