0000 092 205 117 238 180 195 199 229
0001 093 202 120 239 176 196 197 230
0002 092 200 119 238 169 174 204 222
0003 149 139 190 177 098 175 136 216
0004 108 142 162 174 138 095 181 128
0005 148 098 189 129
0006 126 086 178 116 139 123 180 154
0007 130 107 174 142
0008 148 093 179 120
0009 143 116 186 148 125 089 177 117
0010 134 104 169 132
0011 136 082 192 117
0012 137 092 174 115 140 118 187 147
0013 112 107 175 139
0014 137 089 180 121 108 118 172 151
0015 153 121 208 158
0016 106 148 155 187 169 159 196 196
0017 109 177 138 214 165 172 200 216
0018 100 199 127 239 169 189 193 227
0019 095 203 117 237 180 189 199 225
0020 090 201 116 239 179 188 198 225
