0003 136 208 184 239
0004 115 219 170 239
0005 126 196 174 237
0006 135 157 183 195
0007 142 120 199 158
0008 148 091 203 133
0009 141 069 204 115
0010 152 043 205 095
0011 145 034 203 086
0012 147 029 207 083
0013 148 028 208 086
0014 144 032 197 090
0015 145 033 198 091
0016 153 029 199 092
0017 149 035 204 087
0018 150 029 197 090
0019 143 032 200 087
0020 148 031 198 093
0021 145 037 200 089
0022 140 061 195 103
0023 138 086 190 127
0024 134 123 186 162
0025 122 162 173 211
0026 114 190 165 239
0027 100 207 153 239
0028 103 220 153 239
0029 117 218 157 239
