0008 160 217 227 239
0009 164 180 221 223
0010 164 138 221 184
0011 164 098 217 156
0012 159 079 215 139
0013 155 069 205 136
0014 152 059 204 132
0015 153 055 201 132
0016 150 049 201 129
0017 150 051 197 122
0018 152 053 203 118
0019 151 049 197 125
0020 148 045 197 121
0021 147 044 194 116
0022 148 043 195 119
0023 145 043 191 118
0024 141 045 196 115
0025 147 043 196 117
0026 146 041 197 112
0027 145 042 197 113
0028 150 052 202 112
0029 148 068 206 119
0030 146 098 201 148
0031 140 143 203 189
0032 150 185 208 239
0033 156 208 225 239
