0000 132 207 181 239 060 209 101 239
0001 134 209 176 239 064 210 104 239
0002 062 208 102 239 134 209 177 239
0003 133 208 182 239 065 206 107 239
0004 129 209 180 239 064 206 107 239
0005 065 207 107 239 135 214 179 239
0006 066 208 108 239 130 209 186 239
0007 066 206 107 239 135 215 179 239
0008 129 209 184 239 064 206 105 239
0009 128 209 183 239 065 207 102 239
0010 129 209 183 239 065 206 108 239
0011 129 209 184 239 064 210 106 239
0012 126 208 184 239 065 206 099 239
0013 129 206 187 239 058 208 105 239
0014 142 204 197 239 065 208 103 239
0015 147 192 204 239 065 208 104 239
0016 146 178 201 225 065 209 104 239
0017 148 159 207 203 057 208 105 239
0018 057 208 105 239 147 142 205 182
0019 146 131 201 171 057 210 104 239
0020 057 209 105 239 144 114 192 154
0021 066 205 105 239 138 109 200 149
0022 059 207 100 239 140 098 193 140
0023 063 211 099 239 141 102 196 146
0024 063 206 104 239 140 101 193 146
0025 141 105 193 149 062 208 105 239
0026 141 106 193 149 062 209 105 239
0027 062 207 103 239 144 110 199 154
0028 064 208 105 239 143 106 197 150
0029 142 106 194 153 065 209 104 239
0030 140 105 199 150 064 210 104 239
0031 064 205 100 239 144 108 195 154
0032 063 207 101 239 144 111 197 154
0033 064 205 101 239 143 112 196 154
0034 065 210 104 239 141 108 191 155
0035 141 110 191 153 059 206 099 239
0036 064 207 103 239 139 112 192 154
0037 064 208 102 239 138 112 195 154
0038 058 208 104 239 140 110 193 153
0039 140 110 192 153 059 209 105 239
0040 140 109 191 153 064 209 104 239
0041 139 109 192 153 064 209 104 239
0042 139 109 192 153 065 205 106 239
0043 065 206 102 239 139 109 193 152
0044 134 110 196 154 066 205 105 239
0045 065 205 102 239 139 109 190 152
0046 064 206 102 239 135 106 195 148
0047 139 108 190 148 064 206 101 239
0048 063 208 105 239 137 106 191 147
0049 063 208 104 239 136 108 192 148
0050 133 114 187 155 058 206 103 239
0051 139 123 190 170 059 205 104 239
0052 137 147 189 206 064 206 103 239
0053 137 168 181 239 064 207 099 239
0054 062 205 102 239 132 206 173 239
0055 062 207 101 239 134 206 180 239
0056 135 206 179 239 063 209 104 239
0057 063 207 102 239 133 211 175 239
0058 063 206 102 239 133 211 175 239
0059 135 206 179 239 063 208 105 239
0060 134 206 179 239 062 207 104 239
