0000 132 211 185 239 065 210 100 239
0001 139 206 186 239 066 209 100 239
0002 140 205 188 239 066 209 101 239
0003 135 211 186 239 061 210 101 239
0004 133 206 186 239 063 214 097 239
0005 132 210 185 239 064 209 100 239
0006 134 205 184 239 064 211 100 239
0007 138 191 192 237 064 212 106 239
0008 135 181 190 235 064 211 105 239
0009 132 172 191 238 064 214 098 239
0010 129 161 188 217 065 210 099 239
0011 137 153 188 206 060 213 105 239
0012 136 144 189 189 065 210 100 239
0013 128 137 192 178 065 210 100 239
0014 066 210 101 239 131 130 190 170
0015 137 120 191 158 062 214 103 239
0016 139 108 192 154 064 208 100 239
0017 135 097 192 147 064 209 099 239
0018 139 084 189 127 064 210 099 239
0019 138 078 190 122 065 210 100 239
0020 136 075 184 122 061 213 104 239
0021 134 079 186 130 064 210 103 239
0022 138 085 191 131 063 211 101 239
0023 137 082 182 128 064 211 104 239
0024 137 081 183 128 061 212 104 239
0025 137 087 183 137 064 210 098 239
0026 137 083 191 132 064 210 102 239
0027 137 084 190 131 062 213 103 239
0028 133 089 186 142 064 209 099 239
0029 136 092 190 141 065 210 100 239
0030 136 090 190 140 060 210 102 239
0031 133 096 185 147 063 214 098 239
0032 133 093 183 143 064 213 098 239
0033 131 094 184 146 063 214 098 239
0034 133 094 189 146 064 213 099 239
0035 134 092 187 145 065 209 100 239
0036 133 091 191 140 065 211 098 239
0037 127 094 183 150 065 211 100 239
0038 132 095 189 143 065 210 100 239
0039 131 091 188 136 063 214 099 239
0040 064 209 099 239 131 092 185 136
0041 133 091 188 140 063 212 097 239
0042 064 208 099 239 134 092 186 140
0043 135 093 185 139 066 209 101 239
0044 132 094 184 144 066 210 100 239
0045 132 093 183 137 065 210 099 239
0046 134 097 185 144 065 209 100 239
0047 133 093 185 137 061 211 106 239
0048 133 093 185 137 062 215 098 239
0049 065 210 100 239 132 094 185 138
0050 132 093 184 143 066 210 100 239
0051 131 099 182 147 066 210 100 239
0052 131 110 183 155 063 209 099 239
0053 063 213 099 239 132 129 185 176
0054 132 158 184 220 062 209 100 239
0055 129 204 176 239 060 212 107 239
0056 138 207 181 239 066 211 105 239
