0000 057 201 094 239 108 205 144 239
0001 056 200 092 239 108 209 143 239
0002 110 208 142 236 059 196 096 234
0003 109 204 143 239 054 197 091 237
0004 109 203 143 239 047 185 085 218
0005 107 207 143 239 035 176 086 210
0006 100 202 147 239 035 164 088 202
0007 045 144 089 193 108 192 145 226
0008 045 127 096 182 101 180 139 212
0009 055 117 102 166 098 162 130 197
0010 063 116 110 159 085 143 130 187
0011 068 110 116 148 087 140 128 184
0012 066 106 115 149 092 132 123 176
0013 068 102 120 141 091 125 120 169
0014 067 100 117 140
0015 063 096 118 138
0016 071 099 122 135
0017 061 097 116 136
0018 056 097 115 139
0019 049 097 116 136
0020 064 101 118 135 077 121 130 172
0021 065 101 117 135
0022 062 101 115 136
0023 065 100 118 137
0024 063 099 118 140
0025 064 100 118 139
0026 060 097 115 137
0027 060 098 115 139 086 117 127 169
0028 048 103 116 140 090 117 130 168
0029 098 137 140 179 055 110 109 144
0030 047 118 112 149 113 159 153 194
0031 119 175 156 215 054 138 099 171
0032 056 161 097 190 119 190 150 233
0033 119 204 154 239 057 178 094 213
0034 116 204 155 239 051 186 088 223
0035 114 206 156 239 059 195 090 232
0036 121 208 156 239 059 199 091 236
0037 121 207 157 239 061 196 094 231
0038 117 205 155 239 058 199 090 233
0039 056 197 096 230 116 204 155 239
0040 060 200 092 234 117 207 150 239
0041 118 209 157 239 056 197 095 230
