0006 156 207 191 238
0007 163 189 226 238 115 202 175 235
0008 175 161 235 219 131 180 183 234
0009 180 128 241 184 138 160 196 213
0010 185 107 245 166 146 147 199 201
0011 184 091 256 152 149 142 201 192
0012 182 093 253 147 156 134 198 186
0013 187 086 249 145
0014 185 083 249 142
0015 182 086 246 139 152 129 197 180
0016 181 084 246 138 147 125 203 177
0017 178 081 244 139 148 126 200 181
0018 177 080 242 138
0019 176 079 243 139
0020 175 079 245 139
0021 178 083 246 140 149 128 199 181
0022 178 082 243 139
0023 176 084 243 138 141 132 193 183
0024 175 088 238 142 141 132 195 184
0025 172 094 233 149
0026 158 112 202 172 113 149 168 203
0027 096 176 155 229 147 145 186 200
0028 121 188 166 239 075 208 126 239
0029 110 209 153 239
