0000 196 160 239 202
0001 198 161 237 199
0002 193 162 232 205 120 211 165 239
0003 192 164 235 199 126 174 173 216
0004 194 164 234 202 113 115 168 153
0005 194 163 236 204 108 073 151 118
0006 191 163 236 203 096 058 135 112
0007 195 163 231 206 098 076 137 126
0008 106 083 163 127 193 164 234 204
0009 109 062 157 108 191 164 233 204
0010 092 050 130 109 193 164 232 204
0011 093 068 133 114 189 164 232 203
0012 193 165 234 202 099 079 140 125
0013 105 071 155 118 195 164 231 205
0014 097 060 145 113 195 164 232 204
0015 088 066 131 117 197 163 234 202
0016 095 090 145 133 196 160 239 200
0017 196 166 237 203 109 124 149 173
0018 120 188 165 239 193 164 234 205
0019 195 160 231 201 120 212 165 239
0020 193 165 227 205
0021 189 166 228 204
0022 190 165 231 204
0023 187 170 227 210
0024 190 165 229 206
0025 189 168 232 206
0026 193 167 231 205
0027 190 168 231 205
0028 186 164 229 205
0029 191 164 232 206
