0001 119 190 155 237
0002 134 169 167 205
0003 147 103 186 142
0004 153 062 193 104
0005 161 050 200 095
0006 164 049 208 096
0007 167 072 211 110
0008 166 087 208 128
0009 165 090 201 129
0010 157 074 195 120
0011 156 068 193 109
0012 154 058 197 104
0013 158 051 197 095
0014 154 042 192 093
0015 161 037 196 086
0016 166 044 204 085
0017 164 058 211 098
0018 159 067 205 106
0019 156 073 201 111
0020 152 070 197 109
0021 159 074 193 112
0022 153 068 194 109
0023 154 067 195 109
0024 160 069 194 113
0025 155 069 192 112
0026 145 073 193 116
0027 139 097 180 134
0028 133 128 172 169
0029 133 149 165 190
0030 117 168 158 224
0031 117 191 156 238
