0024 141 215 178 239
0025 153 204 193 239
0026 171 175 212 222
0027 181 151 222 199
0028 191 135 231 180
0029 194 116 234 165
0030 194 102 235 152
0031 198 088 243 135
0032 197 086 240 130
0033 200 078 242 122
0034 198 072 242 116
0035 198 068 241 118
0036 197 069 241 117
0037 195 068 239 118
0038 199 069 241 115
0039 199 069 239 112
0040 197 067 238 114
0041 197 067 238 114
0042 196 067 238 114
0043 196 067 237 114
0044 195 065 240 111
0045 195 068 234 111
0046 195 064 235 112
0047 196 067 233 111
0048 194 066 235 115
0049 194 068 238 109
0050 194 066 236 113
0051 193 065 235 112
0052 190 065 230 116
0053 193 065 234 112
0054 190 066 229 116
0055 191 068 229 115
0056 195 066 233 113
0057 193 064 233 108
0058 190 066 229 115
0059 195 066 233 110
0060 192 065 231 113
0061 183 073 221 122
0062 168 098 210 142
0063 155 123 199 174
0064 137 167 178 220
0065 119 199 155 236
0066 105 218 146 239
