0006 165 220 217 239
0007 194 172 242 212
0008 205 129 246 170
0009 208 098 247 138
0010 208 084 241 116
0011 207 074 239 108 056 222 107 239
0012 204 064 241 114
0013 201 066 242 103
0014 202 074 244 121
0015 200 076 239 121
0016 192 076 231 118
0018 196 058 224 113
0019 198 057 225 108 051 215 106 239
0020 199 052 227 109
0021 198 059 237 112 048 220 108 239
0022 195 063 235 120
0023 192 067 231 117
0025 192 056 225 116
0027 196 049 229 109
0028 195 053 228 110
0029 192 057 232 110
0030 194 060 227 111
0032 188 055 218 116
0033 188 059 218 117
0034 183 066 221 125
0035 189 069 219 123
0036 186 092 222 148
0037 185 132 228 172
0038 165 199 211 239
