0003 173 214 220 239 107 220 147 239
0004 173 163 219 210 107 172 145 215
0005 175 120 213 167 115 122 150 171
0006 168 081 213 134 117 075 155 133
0007 120 059 157 115 168 061 219 125
0008 166 048 214 106 114 051 156 100
0009 167 038 214 100 121 045 158 096
0010 172 036 216 099 125 041 160 097
0011 170 033 216 098 127 042 159 095 102 072 153 148
0012 163 036 208 097 123 041 159 088
0013 166 037 210 095 128 041 159 089
0014 165 033 210 096 132 041 163 099
0015 165 032 207 097 132 040 161 096
0016 164 035 209 095 127 042 161 088 108 064 158 143
0017 167 036 215 095 121 042 159 089
0018 168 056 210 113 126 051 158 097
0019 174 092 219 133 114 087 151 130
0020 105 162 148 210 178 159 226 210
0021 108 196 148 239 178 204 225 239
0022 106 212 149 239 178 221 228 239
0023 113 221 146 239 179 221 215 239
0024 180 222 219 239
0025 181 222 220 239
