0003 126 211 166 239
0004 126 223 161 239
0006 140 206 185 239
0007 157 200 201 239
0008 165 151 218 204
0009 176 120 226 189
0010 174 098 224 171
0011 183 096 246 152
0012 184 090 247 149
0013 185 084 237 148
0014 180 081 234 149
0015 189 081 238 146
0016 186 085 253 141
0017 185 083 243 155
0018 188 090 249 146
0019 190 092 256 144
0020 185 092 252 150
0021 189 087 250 146
0022 186 087 252 146
0023 187 090 253 151
0024 186 091 254 151
0025 186 087 238 151
0026 188 091 251 144
0027 190 088 251 147
0028 187 093 254 149
0029 190 088 258 150
0030 190 086 253 149
0031 187 093 254 150
0032 188 087 254 151
0033 187 092 255 151
0034 188 085 250 150
0035 180 095 250 153
0036 169 113 230 176
0037 148 159 207 207
0038 148 188 193 239
0039 126 223 162 239
