0011 121 222 157 239
0012 122 222 164 239
0013 123 222 165 239
0016 122 220 168 239
0017 123 217 168 239
0018 122 215 167 239
0019 110 215 162 239
0020 112 218 163 239
0021 110 217 163 239
0022 111 218 165 239
0023 108 217 167 239
0024 109 213 173 239
0025 107 213 171 239
0026 120 207 166 238
0027 118 207 171 239
0028 124 206 169 238
0029 120 206 174 239
0030 118 196 167 236
0031 118 187 178 234
0032 121 174 179 221
0033 128 162 178 215
0034 127 148 177 203
0035 125 142 178 199
0036 124 136 179 192
0037 130 128 183 186
0038 127 119 181 176
0039 130 105 185 162
0040 138 101 195 161
0041 147 094 202 157
0042 152 091 202 154
0043 160 085 217 149
0044 167 084 219 150
0045 168 085 224 149
0046 163 083 218 145
0047 158 081 221 143
0048 159 079 213 144
0049 160 079 211 144
0050 154 081 208 145
0051 151 080 209 144
0052 150 079 204 142
0053 150 079 204 140
0054 149 078 205 140
0055 150 078 203 139
0056 150 078 204 138
0057 150 078 203 138
0058 151 077 204 142
0059 150 077 204 143
0060 151 079 203 141
0061 149 079 203 140
0062 150 079 203 139
0063 150 080 203 139
0064 151 081 202 141
0065 149 094 202 153
0066 146 126 191 184
0067 130 190 174 235
