0000 135 181 188 232
0001 134 183 187 236
0002 134 184 183 234
0003 137 183 184 232
0004 139 180 190 227
0005 153 171 198 211
0006 167 145 219 184
0007 175 132 227 170
0008 182 106 237 144
0009 177 087 235 128
0010 181 077 241 115
0011 182 068 237 107
0012 180 064 243 101
0013 178 057 237 095
0014 179 060 241 098
0015 179 062 244 099
0016 185 061 239 099
0017 179 062 238 100
0018 178 062 243 100
0019 177 061 243 099
0020 178 059 239 098
0021 178 063 244 100
0022 184 062 241 100
0023 183 064 242 101
0024 176 061 239 101
0025 177 057 240 101
0026 169 058 223 102
0027 156 067 211 111
0028 147 091 203 133
0029 142 123 194 164
0030 128 159 176 204
0031 121 172 166 218
0032 117 193 157 239
0033 117 213 159 239
