0001 158 209 198 239
0002 182 189 232 239
0003 199 156 254 195
0004 215 135 274 177
0005 215 128 276 169
0006 217 111 282 154
0007 222 108 282 148
0008 229 105 285 146
0009 227 101 286 143
0010 229 101 286 144
0011 225 101 287 142
0012 225 102 289 143
0013 229 103 287 146
0014 226 102 289 146
0015 227 100 290 142
0016 229 101 290 142
0017 228 101 289 145
0018 231 102 288 141
0019 229 097 286 141
0020 228 099 287 144
0021 229 098 289 140
0022 230 097 288 140
0023 225 098 290 138
0024 226 099 289 137
0025 230 098 287 140
0026 227 103 284 142
0027 221 105 283 149
0028 218 112 276 152
0029 206 138 260 179
0030 187 180 236 230
0031 174 209 215 239
0032 149 207 187 239
0038 150 212 187 239
