0017 148 213 183 239
0018 157 180 200 238
0019 164 153 215 201
0020 169 138 221 186
0021 175 117 229 161
0022 176 108 230 151
0023 185 095 239 141
0024 187 086 243 127
0025 183 084 241 124
0026 184 075 241 116
0027 184 073 246 113
0028 181 064 250 108
0029 181 066 241 109
0030 181 065 242 106
0031 182 063 243 107
0032 177 064 239 108
0033 176 065 241 108
0034 178 062 238 105
0035 178 063 233 106
0036 178 061 236 105
0037 179 062 233 105
0038 178 062 234 106
0039 179 062 234 104
0040 172 058 229 103
0041 175 064 236 107
0042 175 065 234 108
0043 174 064 233 107
0044 173 060 232 104
0045 178 060 235 107
0046 173 064 230 108
0047 173 063 233 106
0048 178 059 231 104
0049 177 061 236 107
0050 178 060 236 106
0051 170 059 227 105
0052 177 062 235 106
0053 173 064 232 107
0054 169 067 224 113
0055 158 089 197 130
0056 137 117 181 165
0057 119 159 160 211
0058 105 211 140 239
0059 100 215 139 239
0062 025 212 049 235
