0000 045 098 084 145
0007 120 180 174 232
0008 139 149 192 193
0009 161 098 225 159
0010 184 075 239 132
0011 198 060 245 120
0012 208 056 252 114
0013 212 057 265 109
0014 219 051 278 103
0015 221 048 282 108
0016 221 053 287 111
0017 220 055 279 112
0018 221 058 280 112
0019 226 055 284 113
0020 218 061 279 113
0021 224 059 282 114
0022 221 057 280 115
0023 215 064 281 118
0024 221 058 276 117
0025 217 061 273 116
0026 210 060 264 115
0027 191 060 245 116
0028 177 070 225 139
0029 160 094 212 164
0030 116 151 168 228
0031 073 207 121 239
