0000 154 208 179 235
0001 142 209 179 238
0002 151 200 193 238
0003 153 189 198 231
0004 153 171 207 218
0005 160 150 212 204
0006 165 125 216 178
0007 167 112 223 166
0008 170 100 221 155
0009 172 092 222 145
0010 176 077 224 136
0011 175 073 226 126
0012 176 067 222 122
0013 173 063 221 120
0014 173 060 226 118
0015 172 057 226 120
0016 178 063 219 126
0017 177 066 221 131
0018 177 075 221 137
0019 176 093 212 148
0020 171 114 212 166
0021 168 137 209 188
0022 155 177 196 219
0023 159 189 190 233
0024 155 205 180 239
0025 155 200 182 237
