0000 160 176 207 227 073 163 119 210
0001 173 174 211 222 073 163 119 210
0002 073 163 119 210 177 168 210 222
0003 073 163 119 210 181 173 217 220
0004 073 163 119 210 181 175 213 223
0005 073 163 119 210 182 168 215 222
0006 073 163 120 210 178 177 222 222
0007 073 164 120 210 182 177 226 215
0008 075 159 122 204 181 146 224 206
0009 075 160 122 204 185 128 229 182
0010 075 160 122 204 199 110 237 164
0011 074 160 122 204 202 105 250 161
0012 074 159 122 204 207 095 256 142
0013 074 159 122 204 208 090 261 137
0014 074 159 122 204 208 090 263 139
0015 074 159 122 204 208 091 264 141
0016 074 159 122 204 209 089 260 143
0017 074 159 122 204 209 091 260 141
0018 074 159 122 204 213 086 259 137
0019 074 159 122 204 207 084 255 134
0020 077 158 119 213 213 084 259 136
0021 076 161 119 213 213 083 258 137
0022 076 161 120 213 213 083 259 137
0023 076 162 120 213 212 083 259 138
0024 077 158 120 213 206 081 258 131
0025 077 158 120 213 211 080 266 134
0026 077 158 120 213 214 088 251 139
0027 077 158 120 213 202 099 246 149
0028 077 158 120 213 193 115 233 164
0029 168 163 214 213 077 158 120 213
0030 159 171 208 223 077 158 120 213
0031 074 160 122 204 163 177 207 224
0032 074 160 121 204 165 178 204 225
