0005 154 219 188 239
0008 120 220 179 239
0009 119 198 174 239
0010 124 190 173 238
0011 130 178 178 231
0012 137 160 182 225
0013 138 149 177 212
0014 137 151 182 211
0015 133 143 179 210
0016 132 148 179 210
0017 138 144 178 207
0018 133 148 179 210
0019 144 145 181 207
0020 139 144 181 212
0021 140 144 180 206
0022 138 145 179 205
0023 135 148 179 207
0024 135 148 179 208
0025 134 143 179 208
0026 138 147 177 207
0027 137 152 181 221
0028 134 166 181 227
0029 133 189 183 238
0030 123 220 181 239
