0000 187 221 210 239 090 222 112 239
0001 091 221 116 239 186 220 209 239
0002 184 223 205 239 090 222 114 239
0003 187 221 208 239
0005 182 218 208 239
0006 092 219 118 239 180 221 204 239
0007 170 205 194 238 107 204 137 239
0008 159 181 185 215 124 174 152 212
0009 152 152 188 185 123 151 163 189
0010 108 125 151 150 163 122 197 157
0011 073 092 110 124 204 100 235 133
0012 241 079 280 113 010 065 032 100
0013 264 071 301 102 006 079 028 107
0014 266 079 300 105
0015 261 081 299 109
0016 264 078 304 108
0017 262 085 300 111
0018 263 086 300 115
0019 265 096 304 119
0020 263 084 305 108
0021 249 028 286 060 009 011 030 037
0031 190 009 216 043 093 007 119 029
0032 063 041 099 086 201 053 226 091
0033 054 161 092 197 199 142 237 170
0034 195 206 224 239 090 220 110 239
0035 183 218 208 239
0036 185 219 209 239
0037 075 219 099 239
0040 091 220 114 239
0041 188 217 212 239
0042 182 218 213 239
0043 188 222 212 239
0044 190 217 213 239
0045 189 220 209 239
0046 186 219 207 239
0047 189 224 213 239 088 220 112 239
0048 084 220 110 239
