0000 106 197 126 232 179 193 203 229
0001 110 195 131 231 180 187 205 225
0002 105 185 128 220 181 184 207 227
0003 080 172 106 213
0004 218 139 247 184 044 146 077 197
0005 021 118 068 152 233 110 287 148
0006 013 099 042 126 271 087 315 122
0007 007 093 042 123 271 091 315 122
0008 013 091 043 123 272 093 314 121
0009 008 091 041 122 271 094 313 120
0010 014 097 043 127 270 092 312 122
0011 271 094 313 117 006 098 040 130
0012 013 090 041 118 258 079 310 110
0013 257 047 307 083 008 061 045 092
0014 252 006 297 052 012 021 047 059
0015 019 012 054 049 248 007 292 051
0016 024 006 065 047 237 003 296 058
0017 022 009 051 042 248 007 299 055
0018 250 006 299 054 021 012 053 049
0019 015 015 053 053 244 008 298 061
0020 007 017 046 063 249 012 294 052
0021 237 029 284 071 014 041 053 084
0022 217 062 255 103 027 078 074 118
0023 046 109 091 139 200 090 233 140
0024 188 131 215 169 068 139 107 171
0025 187 160 208 194 083 161 121 199
0026 182 181 203 217 107 186 125 217
0027 110 191 130 225 184 193 204 227
0028 108 192 131 227 187 193 209 231
0029 105 189 129 227 184 193 205 230
