0000 182 189 201 226 092 188 115 223 247 157 302 204
0001 182 188 203 225 096 191 116 222 248 157 299 204
0002 181 193 200 226 095 191 114 221 247 156 302 204
0003 181 194 201 228 092 187 115 222
0004 178 188 200 227 092 190 114 223
0005 180 187 201 224 092 188 116 222
0006 177 191 200 228 091 188 115 221
0007 178 194 203 232 093 190 116 222
0008 200 193 219 224 086 189 107 222
0009 065 183 095 216 216 175 252 210
0010 032 165 069 199 240 145 281 180
0011 019 157 058 189 245 134 290 163
0012 010 138 048 166 257 116 293 142
0013 008 121 038 148 261 102 301 127 219 156 258 195
0014 267 089 303 112 006 106 037 135 219 156 258 195 244 157 301 203
0015 008 098 031 119 265 079 304 104 219 156 258 195 244 156 301 203
0016 263 073 302 102 007 093 036 122 245 156 301 203 215 153 254 189
0017 261 070 300 099 008 088 036 116
0018 267 070 304 096 007 087 035 117
0019 263 068 301 094 010 089 029 112
0020 263 070 301 097 010 092 029 117
0021 264 069 304 096 008 087 029 111
0022 263 070 305 096 008 091 031 114
0023 259 067 305 098 008 090 031 113
0024 262 073 300 097 010 088 031 112
0025 264 071 301 094 007 091 027 110 245 154 301 201
0026 262 070 301 096 009 087 029 112 239 154 296 202
0027 261 070 308 099 010 088 031 113
0028 007 079 038 106 254 067 304 094
0029 018 060 056 092 225 052 267 084
0030 195 023 233 062 050 033 085 070
0031 163 010 196 043 087 013 111 052
0032 101 006 127 044 157 007 188 041
0033 110 015 137 049 155 012 183 047
0034 112 035 139 057
0036 097 057 133 105 164 058 192 096 238 158 301 204
0037 098 059 133 110
0038 099 062 135 101 244 158 305 203
0040 238 158 302 204 099 062 136 098
0042 097 063 134 106
0044 169 059 200 081 099 064 133 084
0045 089 060 126 094 167 067 207 089
0046 165 076 210 108 085 075 116 110
0047 181 114 216 150 077 097 114 139
0048 069 136 094 164 200 146 222 192
0049 070 155 102 193 195 176 216 213
0050 077 173 099 209 188 187 212 224
0051 187 183 208 218 080 180 103 215
0052 086 183 108 219 182 185 203 219
