0000 134 178 154 208 210 184 230 219
0001 141 177 162 203 206 186 227 218
0002 204 185 223 213
0004 191 160 213 192
0005 153 137 186 174
0006 158 121 189 161
0007 157 112 184 151
0008 154 101 182 132
0009 180 086 221 123
0012 120 067 155 099
0013 095 065 116 095 235 072 260 107
0014 074 062 098 094 252 061 279 097
0015 265 061 291 095 057 056 093 095
0016 054 061 093 096 269 064 299 096
0017 042 066 081 096 279 068 306 099
0018 044 073 078 099 279 074 311 102
0019 047 079 078 105 287 083 306 108
0020 288 090 309 116 036 080 078 107
0021 032 079 073 107
0022 040 073 081 099
0023 036 059 081 088
0024 044 036 085 070 280 046 306 075
0025 278 027 305 062 053 015 091 055
0026 068 010 095 043 267 011 306 056
0027 267 010 294 054 079 009 103 041
0028 080 010 103 042 271 008 298 048
0029 080 008 107 038 266 011 293 048
0030 080 008 105 040 270 012 297 045
0031 079 006 104 044 263 015 288 050
0032 076 010 102 041 263 013 296 055
0033 078 007 105 047 268 009 293 049
0034 267 009 292 053 084 009 110 046
0035 260 015 285 056
0036 245 023 266 059 108 020 132 062
0037 224 039 247 070 123 040 156 072
0038 212 053 233 082 132 059 169 090
0039 199 063 224 101
0040 185 077 222 111 150 080 188 108
0042 179 100 216 131
0043 161 116 204 149
0044 177 133 219 163
0045 193 156 221 190
0046 196 168 222 204 143 166 165 197
0047 200 169 224 206
0048 202 178 225 213 141 175 162 205
0049 199 181 221 212
0050 202 179 224 211 137 175 161 208
0051 137 175 160 208 205 177 229 213
