0000 123 211 157 237 067 209 090 234
0001 123 212 157 237 068 207 091 236
0002 123 212 157 237 062 206 098 235
0003 123 211 156 236 064 204 098 233
0004 124 209 153 239 065 195 097 235
0005 117 201 158 236 061 189 097 233
0006 123 183 153 218 064 182 101 222
0007 118 163 147 196 073 169 103 206
0008 112 152 148 186 075 144 110 192
0009 104 143 144 180 077 141 108 183
0010 107 141 139 180 075 135 116 178
0011 100 137 141 177 078 133 121 173
0012 108 138 145 173 080 130 119 171
0013 109 135 149 171 077 130 119 174
0014 111 137 147 173 078 130 117 175
0015 109 135 144 173 075 133 117 175
0016 113 137 150 173 075 133 118 171
0017 080 133 121 174 112 136 150 174
0018 110 138 151 176 083 133 120 172
0019 112 139 151 176 082 131 126 173
0020 113 137 146 175 083 133 120 173
0021 114 138 149 173 086 128 115 168
0022 112 141 152 176 079 130 117 171
0023 116 148 154 182 086 140 113 177
0024 118 160 154 194 083 151 114 187
0025 122 178 152 209 076 170 113 207
0026 117 196 156 232 078 195 105 227
0027 124 203 163 235 069 198 108 232
0028 070 201 107 233 130 206 158 238
0029 077 201 108 234 131 205 160 238
0030 131 206 160 239 078 202 106 229
0031 075 201 112 232 131 207 159 239
0032 127 205 163 237 075 201 112 232
0033 131 208 159 239 074 203 111 232
0034 129 206 160 239 072 204 103 234
0035 129 206 158 239 066 203 105 234
