0010 092 206 146 238
0011 091 195 140 236
0012 099 180 159 232
0013 094 148 150 204
0014 085 142 124 192 110 135 157 192
0015 080 117 146 179
0016 083 117 133 172 113 112 151 185
0017 082 112 132 169 113 108 150 180
0018 090 104 136 167
0019 091 099 150 161
0020 103 097 157 163
0021 105 095 153 160
0022 102 096 153 162
0023 103 093 153 163
0024 102 091 153 162
0025 113 089 156 166
0026 102 092 154 158
0027 105 088 153 156
0028 107 088 153 155 083 093 122 154
0029 101 087 147 157
0030 102 085 148 158
0031 085 095 147 151
0032 100 088 148 159
0033 088 092 154 157
0034 085 098 150 154
0035 116 101 157 167 084 102 135 158
0036 119 107 162 173 085 111 135 169
0037 106 137 161 203
0038 125 210 168 239 082 201 131 239
