0002 164 179 207 231 091 195 162 237
0003 173 154 207 203 111 173 173 219
0004 132 139 198 182 172 125 210 171
0005 175 113 215 159 139 121 198 172
0006 140 115 191 164 180 110 218 155
0007 142 109 190 159 183 107 218 153
0008 144 111 193 157 182 106 217 153
0009 144 110 193 157 183 107 218 154
0010 142 108 190 158 184 107 217 153
0011 141 109 191 157 184 106 217 154
0012 145 110 192 156 183 106 217 154
0013 143 109 194 156 181 104 216 152
0014 141 108 191 158 179 106 216 152
0015 135 112 188 160 180 108 210 151
0016 173 117 209 163 119 134 189 177
0017 098 180 173 228 172 149 213 196
0018 173 176 208 233 094 216 160 239
