0014 120 202 172 239
0015 118 197 184 239
0016 115 181 186 233 047 206 118 239
0017 133 170 185 226 105 169 146 222 056 189 130 235
0018 136 157 189 214 110 163 150 205 063 183 126 232
0019 136 147 195 208 108 156 153 201 068 172 147 229
0020 111 146 183 199 076 166 149 223
0021 076 159 149 217 146 132 195 196
0022 077 154 151 213 146 127 195 192 102 138 168 184
0023 117 129 193 183 077 151 140 204
0024 137 128 194 185 077 146 149 198
0025 141 126 187 189 074 142 144 192
0026 140 122 188 179 072 134 142 187 116 117 161 169
0027 134 118 189 175 079 131 148 190
0028 134 117 189 174 070 129 138 186
0029 133 113 189 172 076 125 143 183 112 110 153 151
0030 134 111 191 166 075 124 135 178 106 108 146 156
0031 133 105 188 163 071 117 138 173
0032 135 104 189 161 073 115 137 172
0033 132 106 187 159 072 115 139 167
0034 134 104 191 158 074 115 140 167
0035 123 104 188 161 075 116 139 167
0036 133 104 192 159 073 115 146 172 053 021 120 073 115 090 150 127
0037 133 105 188 161 076 115 135 171 115 090 150 128
0038 135 106 187 160 070 118 141 173 114 092 150 129
0039 132 107 191 160 077 117 151 169 115 092 150 129
0040 137 107 190 161 076 118 133 175 113 097 154 145
0041 135 107 182 168 069 117 137 180 115 094 152 138
0042 135 107 187 163 070 120 136 179 111 098 156 151
0043 133 107 191 161 074 114 146 173
0044 133 107 190 160 072 118 145 175
0045 126 106 186 160 072 119 141 179
0046 127 105 186 161 074 118 149 180
0047 119 104 185 167 068 119 135 175
0048 138 107 188 164 076 116 148 168
0049 138 107 188 166 111 106 155 154 076 117 142 170
0050 131 112 188 167 069 125 135 177
0051 142 116 188 175 070 130 124 187
0052 111 119 190 182 067 140 129 193
0053 054 169 127 219 121 135 182 193
0054 118 172 179 226 033 210 091 239 001 179 035 230
0055 117 201 170 239
