0000 072 146 122 207 162 160 202 213
0001 072 146 123 207 162 160 202 213
0002 162 159 202 214 072 146 123 207
0003 163 158 204 209 072 146 123 207
0004 072 146 123 207 159 159 206 205
0005 072 153 126 209 165 164 204 205
0006 072 153 126 209 169 161 204 203
0007 072 153 126 209 174 162 202 204
0008 072 153 126 209 175 150 203 198
0009 072 153 126 209 179 144 210 194
0010 072 152 125 209 173 139 216 183
0011 174 132 218 175 072 153 125 210
0012 072 152 125 210 185 121 221 165
0013 067 150 124 208 191 103 228 155
0014 197 099 229 148 072 152 125 210
0015 198 091 234 140 072 152 125 210
0016 067 150 124 208 197 083 234 134
0017 200 079 233 128 072 153 125 209
0018 200 081 238 133 070 149 126 206
0019 202 080 242 125 070 149 126 206
0020 202 078 241 127 070 149 126 206
0021 203 076 244 125 072 153 125 210
0022 203 077 241 120 072 153 125 210
0023 201 075 247 124 072 153 125 210
0024 202 074 247 122 072 153 125 210
0025 203 075 248 124 072 153 125 210
0026 203 075 248 123 072 153 125 210
0027 204 075 243 123 072 153 125 210
0028 203 075 244 125 072 153 125 210
0029 210 078 243 124 071 149 126 206
0030 209 078 244 125 071 149 126 206
0031 204 075 243 124 071 149 126 206
0032 204 076 243 124 071 149 126 206
0033 203 075 247 125 071 149 126 206
0034 203 075 247 125 071 149 126 206
0035 203 075 246 124 071 149 126 206
0036 202 075 239 128 071 149 126 206
0037 071 152 126 209 194 085 233 133
0038 072 147 124 204 180 119 222 163
0039 166 141 209 194 070 150 126 203
0040 158 163 205 209 066 146 126 202
0041 069 150 127 195 163 161 207 213
0042 069 147 128 191 162 162 208 212
0043 071 142 131 185 161 152 209 209
0044 154 146 203 194 077 133 132 178
0045 139 129 189 170 073 127 141 174
0046 134 114 186 156 098 116 143 166
0047 105 110 144 164 132 111 182 151
0048 106 109 146 167 133 110 177 155 051 133 096 167
0049 122 109 178 155 105 110 142 164 051 136 095 174
0050 118 107 177 153 051 137 094 174
0051 118 105 174 153
0052 122 106 178 153 105 105 142 164 050 133 092 170
0053 118 104 172 153 052 134 096 167
0054 117 104 172 154 051 134 096 167
0055 118 108 173 157 051 134 096 168
0056 112 106 173 154 051 134 095 167
0057 110 105 176 153 045 132 093 174
0058 111 106 175 154 050 135 095 168
0059 112 105 172 155 046 132 095 172
0060 110 105 173 154 046 132 094 174
0061 111 105 171 154 046 132 093 174
0062 117 109 173 155 050 137 098 172
0063 115 108 173 155 049 136 098 172
0064 117 115 170 162 049 136 091 170
0065 130 137 193 181 059 139 152 181
0066 066 149 118 194 135 152 190 202
0067 057 150 111 201 144 159 190 208
0068 061 152 115 200 143 162 188 212
0069 143 161 188 213 065 154 122 205
0070 068 156 118 207 143 163 191 212
0071 066 155 119 207 142 162 186 215
0072 142 164 191 214 067 153 119 205
0073 142 161 190 214 067 154 119 205
