0005 190 215 234 239
0006 193 187 235 226
0007 207 122 247 182
0008 215 104 254 170
0009 214 089 261 165
0010 213 086 265 164
0011 215 086 259 158
0012 218 086 260 161
0013 213 084 262 157
0014 212 087 261 156
0015 213 080 262 160
0016 214 080 265 163
0017 211 078 261 153
0018 211 075 260 153
0019 215 074 260 153
0020 216 074 265 157
0021 211 074 264 159
0022 210 078 261 155
0023 213 077 262 156
0024 213 084 263 161
0025 213 108 256 172
0026 203 168 238 209
0027 195 186 244 237
0028 192 208 228 239
