0020 161 214 198 239
0021 170 201 206 239
0022 178 190 217 239
0023 184 173 227 232
0024 191 166 229 220
0025 191 144 238 199
0026 197 131 244 183
0027 199 121 248 168
0028 201 111 253 157
0029 199 097 251 145
0030 198 085 250 128
0031 197 080 250 120
0032 195 068 248 108
0033 193 062 243 100
0034 189 059 241 100
0035 182 058 233 098
0036 180 054 230 099
0037 177 055 238 100
0038 175 055 237 100
0039 177 057 235 100
0040 181 057 235 104
0041 178 061 232 102
0042 177 058 234 099
0043 178 060 233 101
0044 180 060 235 101
0045 179 059 237 103
0046 182 064 236 107
0047 181 060 237 104
0048 182 061 235 103
0049 176 058 229 105
0050 182 059 234 101
0051 184 060 236 104
0052 181 059 235 102
0053 177 061 237 102
0054 183 060 237 104
0055 184 061 235 103
0056 180 059 238 104
0057 177 065 235 108
0058 179 064 235 109
0059 183 061 235 102
0060 178 059 230 104
0061 184 060 234 102
0062 182 059 235 103
0063 180 060 230 102
0064 184 060 235 104
0065 182 063 235 109
0066 184 059 235 103
0067 183 059 235 104
0068 183 060 235 104
0069 181 060 234 102
0070 179 061 233 101
0071 180 061 233 106
0072 178 059 230 106
0073 170 073 213 116
0074 152 094 197 139
0075 147 116 188 168
0076 129 153 173 204
0077 119 182 160 235
0078 110 207 149 239
0079 101 216 141 239
0080 110 216 150 239
