0000 197 157 230 197 106 218 154 239
0001 195 155 236 198 116 196 166 239
0002 114 163 175 219 192 157 233 197
0003 111 119 175 171 195 157 232 198
0004 110 079 167 126 195 159 232 194
0005 114 066 167 114 194 157 235 195
0006 115 063 168 107 194 158 234 194
0007 192 157 234 194 113 061 173 104
0008 117 058 176 103 196 157 237 195
0009 119 056 177 100 189 157 232 193
0010 120 053 176 099 189 158 231 195
0011 121 054 180 093 187 159 231 198
0012 190 158 231 195 123 052 182 093
0013 195 160 234 199 121 049 181 093
0014 127 049 182 089 193 160 233 196
0015 189 154 231 197 121 045 183 089
0016 189 154 234 195 123 048 182 087
0017 190 157 232 194 128 048 182 088
0018 189 155 233 194 117 048 182 093
0019 188 154 231 197 121 046 183 089
0020 122 050 183 093 190 158 233 197
0021 188 157 231 196 119 047 180 090
0022 127 049 182 088 188 156 230 196
0023 191 156 233 195 118 054 181 100
0024 197 158 228 193 131 082 180 125
0025 189 160 227 193 127 155 184 203
0026 189 157 230 194 120 208 167 239
0027 189 153 226 192 119 220 161 239
0028 186 159 229 197 110 214 156 239
0029 188 159 230 195
0030 187 159 229 198
0031 187 157 228 197
