0004 088 175 150 226
0005 074 126 124 185
0006 057 094 105 171 059 194 113 239
0007 037 083 082 156 023 193 103 237 108 137 139 160
0008 018 083 068 155 091 126 136 197 014 185 065 239
0009 017 093 070 165 092 109 132 198
0010 019 093 072 169 096 098 147 161
0011 017 092 075 165 100 089 139 154 073 123 133 188
0012 021 089 074 167 087 092 136 162
0013 017 091 077 167 090 090 137 159
0014 021 096 073 171 095 087 140 151 080 113 130 180
0015 019 095 077 165 098 089 141 156 076 123 135 189
0016 020 093 070 161 097 095 138 155 079 118 131 187
0017 023 095 073 166 097 091 141 158
0018 022 096 077 167 083 114 126 190 102 094 141 158
0019 021 098 079 166 092 098 136 163 075 121 124 194
0020 019 098 078 166 095 091 140 159 077 121 124 196
0021 081 120 129 189 019 105 082 175
0022 033 132 094 183 061 172 135 217
0023 069 171 121 222
