0009 134 209 178 239
0010 104 167 160 216
0011 087 155 142 202
0012 057 144 112 194 087 164 138 219
0013 097 146 144 212 052 141 101 195
0014 097 111 141 187 050 117 093 176
0015 098 105 140 175 053 108 094 165
0016 095 088 139 168 056 094 099 151
0017 092 078 135 154 059 085 099 148
0018 092 073 133 152 063 072 093 133
0019 087 062 128 148 062 071 095 138
0020 090 066 126 142 062 066 091 128
0021 088 062 128 142 064 065 091 122
0022 088 065 127 139 061 063 091 128
0023 088 062 127 144 061 066 095 128
0024 090 065 126 146 060 065 089 122
0025 086 064 130 145 059 070 090 128
0026 092 073 134 152 056 079 095 135
0027 092 101 132 171 049 108 096 152
0028 064 140 111 189 096 162 139 209 035 192 109 238
0029 091 191 139 239
0031 083 109 113 155
0032 083 110 113 156
0033 082 110 112 154
0034 082 111 112 156
0036 084 113 111 143
