0003 025 223 066 239
0004 026 218 065 239 101 222 158 239
0005 092 177 150 228 029 211 075 239
0006 083 141 153 202 041 201 084 239
0007 078 097 138 167 054 163 107 225
0008 069 086 123 155 075 139 117 205
0009 060 081 112 155 105 101 133 174
0010 059 085 109 157 108 088 144 168
0011 059 089 112 157 112 087 147 169
0012 060 088 112 158 109 091 143 174
0013 062 091 109 164 110 091 143 182
0014 057 091 111 164 110 098 144 186
0015 060 093 109 165 112 095 143 178
0016 061 088 108 165 113 096 140 185
0017 061 097 110 169 112 099 140 180
0018 061 093 108 169 112 099 142 182
0019 061 099 111 169 108 094 148 189
0020 062 097 110 168 112 105 153 181
0021 062 098 110 167 111 101 153 185
0022 059 096 112 167 112 099 150 189
0023 062 089 111 166 114 102 152 186
0024 063 095 115 162 114 104 153 182
0025 061 091 109 165 108 094 156 197
0026 062 096 114 163 118 102 157 179
0027 064 095 110 164 119 103 157 178
0028 059 093 112 161 119 107 159 184
0029 064 095 114 162 119 107 160 185
0030 064 097 116 163 108 101 154 202
0031 063 094 110 167 109 095 159 194
0032 062 092 110 166 111 099 155 187
0033 065 093 112 168 111 104 154 182
0034 065 095 115 166 113 103 157 185
0035 065 094 111 165 112 104 154 181
0036 064 095 117 165 112 099 155 188
0037 064 090 110 170 112 101 152 183
0038 063 091 111 166 110 105 154 183
0039 064 094 111 164 111 105 153 182
0040 063 093 112 165 112 104 156 183
0041 063 094 110 171 110 104 155 189
0042 056 107 114 171 117 131 162 173
0043 055 122 112 177 086 164 155 206
0044 061 201 127 239 057 147 127 200
0045 063 172 126 223 039 210 089 239
0046 081 204 134 239 030 215 078 239
0047 020 217 067 239
0048 021 211 064 239
0049 031 221 063 239
0050 024 222 063 239
