0000 064 192 124 239
0001 068 190 120 239 125 224 156 239
0002 063 194 118 239 109 204 156 239
0003 102 184 155 235 073 190 112 239
0004 066 189 129 239 104 142 158 199
0005 071 179 131 225 098 113 144 181
0006 084 102 139 165 081 156 135 217
0007 076 091 130 165 085 158 125 213
0008 070 095 126 174 105 119 132 188
0009 063 090 115 165 106 109 132 174
0010 060 093 109 167 110 096 135 161
0011 056 093 109 166 112 091 139 153
0012 059 095 113 168 115 094 140 157
0013 059 103 112 174 115 098 141 166
0014 060 100 108 170
0015 059 101 107 171 123 096 146 152
0016 061 098 113 167 125 095 148 145
0017 061 098 107 168 125 096 149 148
0018 061 092 108 166
0019 061 094 108 167
0020 060 099 109 169 112 096 150 178
0021 060 097 108 165 107 095 148 189
0022 060 092 109 168 106 093 147 189
0023 062 096 110 165 112 095 152 177
0024 062 089 108 164 109 088 153 191
0025 062 094 110 164 110 089 153 191
0026 061 095 110 161
0027 061 097 110 161
0028 061 092 108 162 114 090 158 186
0029 062 091 113 161 115 097 152 185
0030 064 090 113 163
0031 065 094 113 163
0032 068 089 115 154 119 105 146 183
0033 069 088 110 155
0034 070 087 114 156
0035 070 089 115 157
0036 064 090 109 147 120 101 147 180
0037 069 089 112 155 117 119 144 183
0038 069 097 112 161 113 110 149 185
0039 063 095 115 158 121 110 166 173
0040 059 096 110 154 113 109 166 174
0041 064 099 111 162 121 109 166 174
0042 066 094 114 159 120 110 167 175
0043 066 096 116 160 118 104 168 180
0044 060 096 110 161 120 111 167 179
0045 066 097 113 159 116 101 161 176
0046 060 096 110 154 117 102 159 177
0047 066 098 117 164 117 102 160 175
0048 067 092 109 159 116 098 160 176
0049 067 093 113 161 115 100 160 181
0050 068 093 112 165 113 096 164 194
0051 057 099 110 160 116 111 155 185
0052 056 121 112 170 096 162 167 201
0053 077 196 135 239 055 144 124 189
0054 044 202 092 239 071 162 129 205
0055 034 204 077 239 089 187 150 238
0056 023 206 059 239 109 216 159 239 081 204 112 235
0057 023 211 061 239
