0006 176 197 227 239
0007 187 162 230 229
0008 186 125 229 201
0009 181 109 228 194
0010 175 090 216 177
0011 171 076 209 156
0012 161 060 204 150
0013 161 056 199 141
0014 159 058 199 142
0015 159 052 199 141
0016 160 053 200 141
0017 161 062 199 141
0018 159 064 204 142
0019 159 064 204 143
0020 165 056 202 145
0021 160 063 205 143
0022 166 059 207 146
0023 160 061 207 142
0024 165 064 205 143
0025 167 062 208 145
0026 171 076 212 160
0027 177 086 217 183
0028 186 123 224 197
0029 188 145 226 218
0030 179 179 230 239
0031 181 212 223 239
