0007 140 224 168 239
0008 137 196 169 239
0009 131 169 166 225
0010 124 153 165 213
0011 118 133 160 201
0012 121 116 160 190
0013 122 112 158 184
0014 124 105 158 178
0015 118 102 161 176
0016 118 098 156 173
0017 120 092 158 166
0018 119 092 159 167
0019 122 093 162 162
0020 122 090 161 162
0021 117 091 156 164
0022 121 091 161 159
0023 121 094 160 159
0024 114 094 163 160
0025 117 094 158 157
0026 117 093 158 158
0027 117 091 158 158
0028 116 094 161 158
0029 122 095 159 158
0030 117 089 159 156
0031 120 095 163 162
0032 119 091 158 162
0033 121 091 162 158
0034 117 092 159 160
0035 119 094 159 163
0036 121 104 160 176
0037 125 157 176 215
0038 132 208 177 239
