0004 142 221 188 239
0005 139 187 189 233
0006 144 125 193 185
0007 149 108 189 162
0008 152 084 190 147
0009 155 076 185 142
0010 150 080 193 139
0011 155 080 190 141
0012 151 080 191 139
0013 155 085 189 145
0014 155 088 189 146
0015 154 090 191 145
0016 154 091 191 142
0017 154 089 192 142
0018 155 088 191 141
0019 150 086 191 141
0020 151 087 191 141
0021 151 088 191 141
0022 151 089 191 141
0023 156 090 188 146
0024 156 089 189 145
0025 155 088 189 148
0026 156 082 191 151
0027 155 089 189 156
0028 146 105 188 160
0029 146 115 187 178
0030 142 153 185 202
0031 138 182 177 237
0032 142 194 182 238
0033 141 214 183 239
