0000 060 217 096 239 111 216 145 239
0001 055 213 097 239 112 216 145 239
0002 054 213 097 239 111 217 145 239
0003 056 213 097 239 111 216 145 239
0004 056 216 100 239 112 216 145 239
0005 056 216 101 239 112 216 144 239
0006 057 215 099 239 114 216 149 238
0007 057 216 099 239 115 216 149 238
0008 054 216 099 239 115 217 149 238
0009 055 216 099 239 115 212 147 239
0010 055 216 098 239 120 215 156 238
0011 055 216 099 239 126 216 165 237
0012 147 196 191 239 053 215 100 239
0013 172 159 205 222 054 216 100 239
0014 179 108 210 157 054 216 100 239
0015 167 049 200 114 054 216 100 239
0016 149 033 186 097 054 216 100 239
0017 143 032 175 090 054 216 100 239
0018 142 036 172 086 057 216 100 239
0019 140 033 180 093 057 216 100 239
0020 144 037 178 094 053 216 100 239
0021 140 048 176 097 057 216 100 239
0022 127 044 175 097 053 215 100 239
0023 130 043 171 094 057 216 100 239
0024 137 029 170 097 057 216 100 239
0025 142 035 176 101 057 216 100 239
0026 147 038 176 092 057 216 100 239
0027 144 047 177 099 057 216 100 239
0028 135 052 173 099 057 216 100 239
0029 140 044 178 104 057 216 100 239
0030 147 038 178 098 057 216 099 239
0031 151 051 182 114 057 216 099 239
0032 143 081 179 145 057 216 099 239
0033 057 216 099 239 133 133 168 192
0034 115 184 160 230 057 216 099 239
0035 118 199 152 237 057 216 099 239
0036 109 208 146 239 054 216 099 239
0037 054 216 099 239 106 216 149 239
0038 055 217 099 239 107 214 148 239
