0000 068 156 116 204 162 150 205 202
0001 068 156 116 204 162 150 205 202
0002 068 156 116 204 160 150 206 202
0003 069 156 115 204 160 149 206 201
0004 158 150 209 204 065 154 115 205
0005 157 152 210 202 069 155 115 204
0006 157 152 209 202 069 155 115 204
0007 158 152 209 202 069 156 115 204
0008 158 152 209 202 069 156 115 204
0009 158 151 206 202 069 156 116 204
0010 155 149 204 202 069 156 116 204 197 130 239 168
0011 153 138 208 178 069 156 115 204 197 127 239 161
0012 069 156 115 204 199 120 237 158 159 119 201 149
0013 152 087 200 133 069 156 115 204
0014 069 156 115 204 151 057 198 112
0015 150 041 200 106 069 156 115 204
0016 155 034 200 101 069 157 116 204
0017 154 031 202 097 068 157 115 204
0018 158 026 204 099 068 157 115 204
0019 159 026 204 098 069 157 115 204
0020 159 027 203 097 069 157 115 204
0021 069 157 115 204 150 030 203 096
0022 069 158 115 204 155 031 209 096
0023 158 025 205 101 069 157 116 204
0024 160 026 205 099 069 157 116 204
0025 154 029 203 094 069 157 115 204
0026 154 029 203 094 069 157 115 204
0027 159 026 205 099 069 157 115 204
0028 153 030 202 094 068 155 116 204
0029 155 030 202 096 069 155 116 204
0030 151 030 203 097 069 155 115 204
0031 151 038 204 100 069 155 115 204
0032 069 156 115 204 153 068 208 109
0033 069 156 115 204 159 092 200 132
0034 068 156 116 204 161 118 207 159 201 118 243 151
0035 068 156 116 204 160 134 200 176 202 123 240 159
0036 068 156 116 204 156 139 203 188
0037 068 156 116 204 158 147 202 194
0038 068 156 116 204 157 147 198 196 197 128 243 169
0039 162 146 207 196 068 156 116 204
