0000 058 216 106 239
0001 057 215 108 239
0002 058 216 108 239
0003 057 216 108 239 098 137 136 177
0004 056 216 107 239 103 139 132 174
0005 056 214 106 239
0006 059 218 104 239
0007 059 219 104 239
0008 097 139 133 172
0010 097 138 133 172
0011 097 140 135 179
0012 094 137 136 173
0013 094 137 136 174
0014 098 134 134 170
0015 098 135 134 170
0016 095 136 132 169
0017 175 195 218 239 096 137 132 169
0018 172 152 210 224 100 136 130 170
0019 165 133 203 196 098 135 131 172
0020 164 108 202 187 092 135 136 171
0021 163 099 198 172 095 136 135 171
0022 163 095 198 160 093 136 134 171
0023 163 092 195 148 093 136 134 170
0024 160 087 193 147
0025 158 082 192 145
0026 159 083 194 144
0027 160 080 191 141
0028 159 084 190 144
0029 159 084 189 143
0030 160 080 190 142
0031 159 081 190 140
0032 158 082 190 148
0033 158 083 190 149
0034 159 081 191 150
0035 159 083 191 149
0036 160 087 192 150
0037 162 092 193 153
0038 158 108 198 179
0039 161 142 199 226
0040 092 137 132 175
0050 097 137 135 171
0051 098 138 135 173
0052 099 139 129 174
0053 095 137 132 172
