0010 033 221 075 239
0011 028 218 069 239
0012 025 220 069 239
0013 032 220 065 239
0014 029 221 070 239
0015 030 219 074 239
0016 033 221 072 239
0019 211 220 237 239
0020 204 215 237 239
0021 162 209 215 239
0022 157 187 217 218
0023 153 140 225 176
0025 167 052 215 093
0026 175 009 228 064
0027 202 010 256 047 034 220 072 239
0028 222 006 272 039
0029 234 005 281 042 039 221 070 239
0030 250 008 299 053
0031 277 017 311 075
0033 033 220 069 239
0034 038 214 069 239
0035 031 210 071 239
0036 029 213 070 239
0037 030 212 072 239
0038 035 217 070 239
0039 030 218 072 239
0040 034 218 070 239
0041 032 219 071 239 270 206 309 235
0042 034 220 072 239
0044 058 218 083 239
0045 068 217 093 239
0046 081 210 102 238
0048 095 209 120 239
0050 206 213 227 239
0059 200 221 222 239
0061 194 220 223 239
