0000 117 179 136 211 202 175 220 204
0001 117 181 137 213 206 178 223 205
0002 116 182 136 214 205 175 225 208
0003 116 178 136 212 207 180 225 208
0004 117 181 137 213 205 172 227 208
0005 116 182 137 213 208 177 229 211
0006 117 183 137 213 209 181 233 213
0007 117 180 137 210 216 179 240 211
0008 118 180 136 213 220 177 246 213
0009 222 172 252 209 114 178 134 214
0010 113 177 132 214 217 167 253 204
0011 219 167 254 203 115 180 133 213
0012 111 180 132 215 223 171 248 202
0013 111 182 132 213 226 172 249 204
0014 108 181 127 210 223 172 247 204
0015 227 173 251 205 096 180 119 214
0016 219 173 252 203 076 174 108 205
0017 224 171 258 204 060 164 095 192
0018 223 166 258 203 039 132 079 165
0019 224 171 259 205 031 103 072 133
0020 223 168 259 204 039 073 081 106
0021 048 046 085 081 229 170 255 203
0022 223 168 258 203 075 012 110 053
0023 223 165 258 203 106 007 129 038
0024 225 169 259 205 128 008 154 047
0025 223 168 258 204 140 023 176 057
0026 223 169 258 205 140 038 180 072
0027 223 168 258 205 148 055 181 076
0028 223 169 257 205 142 073 173 096
0029 131 079 172 100 223 167 258 205
0030 228 170 256 205 099 077 140 110
0031 228 170 253 204 084 079 119 118
0032 223 167 257 203 058 079 092 111
0033 040 076 080 107 224 167 258 202
0034 036 072 079 100 226 170 255 203
0035 228 169 253 202 034 061 078 090
0036 223 169 258 204 054 036 093 072
0037 227 176 254 207 081 022 107 058
0038 108 008 132 047 223 169 249 204
0039 127 007 159 045 226 171 251 205
0040 137 015 174 056 226 172 251 205
0041 223 172 254 207 140 022 180 061
0042 142 032 181 064 226 173 250 205
0043 143 035 184 063 227 176 251 207
0044 141 036 182 068 223 172 248 205
0045 142 040 179 072 226 171 252 205
0046 224 175 249 208 135 040 177 073
0047 225 176 248 208 129 042 173 072
0048 225 174 255 209 121 040 164 071
0049 114 048 153 078 225 177 247 208
0050 112 055 145 081 227 179 251 208
0051 227 176 250 209 095 063 133 101
0052 227 173 250 204 088 098 113 129
0053 227 174 250 207 087 115 115 139
0054 226 176 251 209 085 142 116 175
0055 220 172 248 208 093 162 117 196
0056 101 177 122 205 221 176 243 204
0057 107 180 127 212 216 174 242 208
0058 216 176 240 208 112 178 132 211
0059 116 178 135 212 213 172 240 207
0060 114 177 135 212 208 180 231 212
0061 115 178 136 212 203 175 224 208
0062 116 178 135 209 204 177 225 211
0063 117 181 134 210 204 175 225 211
0064 117 181 138 212 203 178 224 212
0065 117 180 137 209 203 178 225 213
0066 203 177 223 210 117 179 136 213
0067 116 181 136 210 202 174 225 210
0068 113 178 133 208 202 174 224 210
0069 115 178 134 211 206 174 226 207
0070 115 178 136 214 202 176 224 212
0071 115 177 137 214 202 177 224 212
