0000 182 209 211 239 108 208 134 238
0001 185 215 213 239 103 209 134 239
0002 102 213 134 239 186 218 217 239
0003 109 214 134 239 184 211 219 239
0004 181 209 215 239 108 211 135 239
0005 107 212 135 239 190 217 225 239
0006 106 212 131 239 230 203 268 239
0007 107 209 131 236 256 163 300 198
0008 104 206 128 238 218 111 253 145
0009 102 209 126 239
0010 100 203 123 239 144 078 185 107
0011 141 099 196 131 097 207 120 239
0012 166 124 211 157 094 205 129 239
0013 101 205 124 239 221 158 261 195
0014 267 172 316 206 103 212 124 239
0015 101 212 125 239 246 135 310 168
0016 237 086 292 136 098 211 122 237
0017 102 212 126 239 217 058 247 117
0018 103 211 127 239 149 087 193 113
0019 097 213 130 239 151 134 186 178
0020 167 186 200 239 101 209 128 239
0021 185 210 217 239 105 211 131 239
0022 105 212 129 239 189 210 222 239
0023 105 213 129 239 193 214 219 239
