0001 078 209 098 237
0002 076 209 099 236
0003 076 210 095 239
0005 074 209 093 236
0006 075 214 098 238
0007 075 215 096 239
0009 075 214 095 239
0010 072 217 095 239
0011 078 212 098 239
0012 073 212 094 239
0013 182 221 208 239
0014 073 212 096 239 178 222 206 239
0015 158 210 202 239 076 212 096 239
0016 149 184 192 233 076 211 097 239
0017 150 132 200 169 075 212 095 239
0019 177 019 224 064
0020 198 005 233 040 073 209 092 236
0021 219 007 249 038 075 213 094 239
0022 233 008 262 041 073 212 095 239
0023 255 010 285 055
0024 271 022 306 074
0025 279 063 306 096
0026 280 086 314 120
0027 282 120 308 151
0029 271 173 310 210
0030 276 187 306 221
0031 265 196 306 233
0032 263 195 300 235
0033 258 200 298 237
0034 255 199 294 238
0035 253 204 288 236
0036 251 203 285 236
0037 250 212 280 239
0043 075 210 096 235
0045 074 216 095 239
