0000 186 212 216 239 105 214 129 239
0001 185 211 215 239 106 212 128 236
0002 105 213 131 239 186 211 216 239
0003 105 213 131 239 186 212 216 239
0004 190 211 218 239 105 212 131 239
0005 104 213 130 239 194 198 226 239
0006 206 140 245 174 105 214 131 239
0007 208 076 235 126 105 214 131 239
0008 197 060 224 105 104 210 131 239
0009 193 058 220 101 107 214 130 236
0010 105 213 130 239 193 061 220 098
0011 104 214 129 239 193 058 219 095
0012 104 214 129 239 193 058 219 095
0013 193 059 219 095 105 215 129 239
0014 106 210 130 239 193 060 220 097
0015 190 060 218 102 105 214 129 235
0016 193 065 221 119 106 210 130 239
0017 106 215 129 235 199 114 226 156
0018 192 182 226 234 110 215 129 236
0019 104 214 129 239 188 206 215 239
0020 104 212 129 239 181 213 208 235
0021 105 212 130 239 182 214 210 239
0022 106 212 129 236 191 213 215 238
0023 104 212 132 239 190 213 217 239
