0000 089 171 106 200 157 171 175 205
0001 156 171 174 205 089 174 106 202
0002 156 171 173 205 087 172 105 201
0003 155 176 173 204 086 174 104 201
0004 085 173 103 201 152 174 172 208
0005 084 174 102 202 154 156 173 191
0006 153 124 177 152 085 173 103 202
0007 160 077 183 116 084 171 103 199
0008 163 041 185 084 084 173 102 201
0009 158 027 181 071 084 173 102 201
0010 157 026 181 064 084 172 102 201
0011 158 024 181 064 084 172 102 201
0012 155 023 180 061 084 172 103 201
0013 156 023 182 061 084 172 103 201
0014 161 024 181 059 084 172 103 201
0015 157 024 181 063 084 174 103 201
0016 157 023 181 064 086 169 104 199
0017 157 024 183 066 086 171 103 200
0018 155 022 182 069 085 172 103 199
0019 155 032 178 075 086 171 103 198
0020 159 066 178 098 086 172 103 199
0021 159 108 183 141 086 172 104 199
0022 159 144 181 179 086 171 104 199
0023 086 172 104 199 158 168 177 204
0024 087 172 104 199 157 172 176 207
0025 086 172 103 200 156 174 174 207
0026 086 173 103 201 157 174 176 206
0027 087 173 104 200 159 176 176 207
