0000 155 200 182 239
0002 152 209 179 239
0003 159 198 195 239
0004 159 180 203 227
0005 159 156 208 211
0006 163 139 215 197
0007 168 112 215 169
0008 169 099 210 165
0009 171 090 211 159
0010 172 081 211 148
0011 174 075 217 144
0012 169 074 221 132
0013 175 068 219 134
0014 175 070 220 132
0015 171 069 221 131
0016 175 076 217 139
0017 170 081 215 156
0018 168 103 211 170
0019 164 130 204 201
0020 157 165 192 217
0021 150 190 178 234
0022 145 207 176 239
0023 149 204 177 239
0024 149 194 178 238
0025 150 197 179 239
0026 154 197 183 237
0027 154 197 182 238
