0001 036 021 099 069
0008 121 206 179 237
0009 143 155 207 217
0010 158 115 227 181
0011 168 076 228 164
0012 163 054 223 146
0013 164 048 229 136
0014 168 040 223 131
0015 168 041 230 122
0016 170 034 224 122
0017 167 037 228 122
0018 163 033 221 115
0019 166 030 226 115
0020 165 035 221 121
0021 164 035 225 119
0022 164 029 225 114
0023 163 033 226 119
0024 168 035 226 121
0025 165 044 225 114
0026 163 043 225 119
0027 162 049 218 125
0028 154 079 204 136
0029 135 123 182 177
0030 110 178 160 239
