0000 062 040 113 088
0004 136 200 171 236
0006 156 147 199 211
0007 154 116 208 181
0008 161 100 214 173
0009 161 095 217 164
0010 163 094 220 160
0011 164 090 225 155
0012 169 078 219 152
0013 164 076 218 146
0014 162 075 215 148
0015 164 073 217 145
0016 162 073 217 143
0017 164 067 211 144
0018 156 066 209 137
0019 160 073 211 137
0020 157 066 212 142
0021 157 067 212 138
0022 158 073 210 141
0023 157 065 211 147
0024 159 074 210 146
0025 158 065 211 147
0026 158 075 210 150
0027 158 076 211 151
0028 159 074 212 149
0029 159 076 215 153
0030 159 071 215 148
0031 160 078 213 151
0032 160 077 218 152
0033 161 075 216 152
0034 161 076 215 151
0035 160 076 212 152
0036 164 072 210 151
0037 164 071 210 151
0038 165 071 208 150
0039 160 073 215 148
0040 161 082 216 150
0041 161 081 215 151
0042 161 081 213 156
0043 160 089 210 164
0044 156 121 205 182
0045 146 160 185 207
0046 133 208 163 237
