0000 208 208 250 239 078 217 111 239
0001 209 207 250 239 074 214 110 239
0002 208 209 251 239 074 216 111 239
0003 209 207 247 239 083 204 116 239
0004 200 191 245 239 097 185 136 236
0005 105 159 156 214 197 165 244 218
0006 116 138 167 196 190 137 240 190
0007 122 129 172 185 184 123 235 179
0008 187 111 239 168 127 115 175 188
0009 187 099 227 181 133 103 176 177
0010 177 095 223 166 113 091 179 143
0011 179 093 220 170 112 088 175 138
0012 175 098 217 169
0013 176 096 222 166 116 093 180 148
0014 176 094 217 169 115 089 179 144
0015 175 094 219 171 111 088 174 140
0016 175 095 218 172 114 092 179 148
0017 177 096 217 180 115 089 169 138
0018 175 096 224 172 117 091 178 144
0019 112 089 174 141 175 097 224 169
0020 112 089 175 141 175 098 222 167
0021 177 098 216 175 106 087 169 138
0022 178 100 217 172 116 088 179 144
0023 178 097 218 177 113 089 174 142
0024 178 104 215 173 110 087 173 138
0025 180 102 217 184 115 093 178 149
0026 179 116 229 184 116 110 176 166
0027 198 133 241 208 120 141 183 189
0028 118 164 171 210 200 153 246 228
0029 213 182 255 239 118 195 162 239
0030 210 201 254 239 125 212 170 239
0031 210 209 254 239 125 215 165 239
0032 205 207 244 238 123 217 174 239
0033 205 209 248 239 124 220 160 239
0034 205 209 248 239 123 214 161 239
0035 209 213 247 239 121 216 163 239
