0000 159 213 180 236 093 208 114 235
0001 159 213 179 236 094 212 113 238
0002 157 212 183 239 089 210 109 238
0003 070 207 093 236 164 205 185 237
0004 057 185 082 216 170 193 191 224
0005 059 129 091 162 158 151 194 180
0006 073 084 101 123 156 106 182 135
0007 086 055 111 096 141 070 183 103
0008 098 036 119 079 145 048 172 079
0009 107 027 130 071 140 046 163 071
0010 115 027 138 064 129 041 167 064 138 051 162 071
0011 122 028 147 066 133 037 162 071
0012 130 034 156 067
0013 126 032 152 067
0014 126 033 152 068
0015 130 033 155 067
0016 129 033 154 067
0017 129 034 153 066
0018 130 035 157 070
0019 130 036 158 069
0020 119 028 144 063 133 034 159 064
0021 108 025 131 068 141 036 168 062
0022 092 028 115 069 153 027 186 057
0023 174 026 197 055 076 032 101 067
0024 200 025 222 067 046 041 076 074
0025 217 037 241 078 018 055 059 085
0026 232 062 260 096 008 087 053 112
0027 231 087 268 121 009 105 051 129
0028 014 143 043 164 236 130 265 163
0029 018 170 052 198 220 168 258 197
0030 213 201 242 232 029 193 067 225
0031 053 202 082 233 195 209 219 235
0032 188 218 208 239 075 207 096 236
0033 176 209 195 235 098 208 117 236
0034 175 210 196 239 101 207 118 235
0035 176 209 195 236 102 205 118 234
0036 100 207 118 236 176 212 197 239
0037 171 209 199 238 099 207 117 237
0038 175 214 195 234 099 210 117 238
0039 097 207 115 236 173 211 191 239
0040 099 208 117 236 172 213 190 239
0041 100 207 117 236 172 214 189 239
0042 099 208 117 237 174 212 192 239
0043 098 208 117 238 172 215 192 239
0044 098 208 116 236 175 211 193 239
0045 098 208 116 236 173 212 192 239
0046 098 209 117 237 172 214 190 239
0047 099 209 117 237 170 214 189 239
0048 100 210 117 236 170 214 189 239
0049 100 210 117 237 174 219 192 239
0050 099 210 117 237 174 218 192 239
0051 099 210 117 238 174 211 192 238
