0000 114 213 151 239 064 204 094 238
0001 114 213 151 239 062 204 101 239
0002 115 213 152 239 063 205 093 239
0003 063 204 095 238 117 211 155 239
0004 110 214 152 239 063 206 099 239
0005 119 212 155 239 063 204 096 239
0006 119 212 156 239 063 206 094 238
0007 114 209 154 239 063 205 098 239
0008 113 213 156 239 060 204 097 238
0009 060 207 096 237 119 212 156 239
0010 119 213 155 239 064 205 099 238
0011 114 209 153 239 060 205 097 239
0012 118 204 159 239 063 202 098 239
0013 064 205 098 239 119 192 161 231
0014 063 205 097 239 132 155 170 189
0015 065 204 094 237 135 123 180 155
0016 063 204 101 239 142 099 186 127
0017 063 204 098 239 144 076 187 111
0018 064 208 093 239 152 062 194 103
0019 059 206 096 239 155 051 194 090
0020 061 203 092 239 156 044 199 088
0021 064 202 099 237 156 041 197 083
0022 063 203 099 237 158 036 196 072
0023 064 206 093 238 160 034 199 077
0024 063 206 095 239 160 035 203 075
0025 063 208 095 235 160 034 199 076
0026 064 206 093 239 153 036 197 076
0027 062 205 096 239 159 038 199 080
0028 062 206 099 239 153 041 199 085
0029 063 204 099 239 160 054 192 097
0030 063 208 094 239 143 083 181 127
0031 063 205 094 239 133 110 173 149
0032 063 207 094 239 132 153 169 193
0033 064 208 094 239 126 181 162 215
0034 121 200 153 236 063 203 098 239
0035 063 206 093 239 118 209 156 239
0036 120 206 154 236 064 207 095 239
0037 117 209 157 239 064 205 096 234
0038 120 212 155 239 064 204 096 239
0039 119 215 156 239 059 205 097 239
0040 118 213 158 239 060 205 095 238
