0000 058 195 095 237 107 201 155 238
0001 109 201 153 239 063 194 095 235
0002 062 198 096 239 110 201 153 238
0003 111 201 154 239 064 193 095 228
0004 110 203 154 239 062 193 096 236
0005 109 202 154 239 063 191 096 233
0006 110 201 152 238 063 195 098 232
0007 111 201 151 239 063 196 095 239
0008 110 201 152 238 062 196 098 234
0009 109 202 154 239 060 193 095 235
0010 110 202 152 239 065 194 095 229
0011 110 202 153 239 065 196 099 234
0012 062 196 098 235 109 198 160 237
0013 061 198 098 239 109 202 154 239
0014 110 201 155 238 063 198 099 234
0015 110 202 154 238 063 197 097 235
0016 110 200 154 239 065 196 098 237
0017 111 203 154 239 063 197 096 235
0018 111 206 155 239 064 195 098 233
0019 110 205 157 239 065 195 096 232
0020 110 206 158 239 063 198 097 237
0021 111 203 154 239 060 194 097 235
0022 066 196 098 235 111 201 155 239
0023 111 205 155 239 065 197 099 237
0024 064 194 097 235 111 202 153 239
0025 110 201 152 239 062 194 097 233
0026 056 191 098 236 111 202 151 239
0027 057 195 096 233 112 199 152 239
0028 058 195 096 234 110 207 145 239
0029 113 201 154 239 064 196 096 229
0030 064 196 099 237 113 201 153 239
0031 063 196 098 233 112 202 154 239
0032 103 201 147 238 064 197 099 238
0033 105 187 150 239 058 196 095 234
0034 100 168 153 212 064 194 096 232
0035 098 144 150 180 062 196 097 233
0036 098 125 155 161 063 196 097 233
0037 096 120 153 153 063 196 096 231
0038 096 120 153 152 063 198 095 234
0039 097 119 153 154 057 194 095 234
0040 096 119 154 153 061 195 100 235
0041 098 114 154 147 065 195 099 235
0042 096 108 154 140 064 193 096 229
0043 097 104 151 140 061 190 099 233
0044 098 093 149 131 063 192 096 237
0045 100 089 147 128 063 193 099 235
0046 099 086 150 122 062 196 098 238 113 208 169 239
0047 098 084 151 119 061 196 100 239
0048 093 082 155 116 063 194 098 238
0049 097 083 153 116 064 194 097 234
0050 097 085 153 118 064 193 097 236
0051 096 082 151 117 062 192 097 236
0052 098 082 151 118 062 194 098 237
0053 098 081 153 114 064 194 097 236
0054 093 081 153 113 064 194 097 234
0055 093 081 153 113 063 197 099 237
0056 099 084 150 117 059 196 096 235
0057 097 093 146 130 064 196 100 235
0058 099 125 150 164 063 196 098 239
0059 064 194 096 236 101 167 148 216
0060 105 196 149 239 059 193 094 239
0061 108 201 150 239 062 196 098 237
