0000 136 210 185 239 064 207 103 239
0001 136 210 186 239 063 208 103 239
0002 141 209 183 239 063 208 104 239
0003 057 209 104 239 133 210 186 239
0004 064 208 104 239 141 205 189 239
0005 059 207 105 239 141 205 189 239
0006 063 206 102 239 133 210 185 239
0007 058 209 105 239 133 210 185 239
0008 137 209 187 239 061 207 100 239
0009 138 205 183 239 063 210 100 239
0010 131 193 189 239 065 207 100 239
0011 131 175 188 234 060 209 099 239
0012 130 155 183 208 063 212 104 239
0013 063 206 102 239 132 129 186 176
0014 137 100 191 147 065 208 105 239
0015 065 209 102 239 133 092 187 132
0016 061 205 103 239 136 082 189 128
0017 129 079 193 124 061 206 105 239
0018 130 077 188 124 065 210 103 239
0019 126 078 194 122 062 209 106 239
0020 121 082 191 128 067 208 105 239
0021 127 078 192 128 067 208 104 239
0022 124 075 189 121 060 206 106 239
0023 125 074 186 124 067 206 105 239
0024 125 075 190 122 065 210 104 239
0025 125 078 193 125 060 210 104 239
0026 129 073 186 123 065 206 105 239
0027 125 077 196 126 064 209 103 239
0028 125 075 189 120 065 210 103 239
0029 122 076 187 122 061 205 101 239
0030 062 207 101 239 125 077 180 118
0031 122 078 184 120 060 210 103 239
0032 119 076 190 123 062 204 103 239
0033 121 078 185 121 059 208 104 239
0034 121 078 185 121 059 210 099 239
0035 121 078 186 122 060 206 101 239
0036 121 078 185 121 060 205 103 239
0037 121 078 185 122 060 207 100 239
0038 123 077 193 124 058 206 101 239
0039 126 075 187 124 060 207 104 239
0040 124 075 186 125 063 212 103 239
0041 125 075 186 125 064 209 104 239
0042 119 076 192 122 062 210 101 239
0043 120 079 194 127 064 209 104 239
0044 120 079 183 122 059 210 104 239
0045 117 082 190 128 059 210 104 239
0046 120 079 187 122 065 209 104 239
0047 062 211 102 239 122 082 191 133
0048 120 083 193 129 062 210 100 239
0049 119 085 186 134 059 210 104 239
0050 117 090 185 136 065 209 104 239
0051 117 089 186 139 060 208 104 239
0052 116 093 184 139 065 208 104 239
0053 114 096 186 140 064 206 101 239
0054 116 093 188 143 065 210 105 239
0055 117 093 189 143 065 210 104 239
0056 117 093 190 144 061 208 107 239
0057 115 093 190 141 060 209 103 239
0058 117 093 185 138 064 207 102 239
0059 063 207 102 239 114 103 184 149
0060 060 207 098 239 119 122 174 166
0061 121 152 178 203 063 206 103 239
0062 121 188 172 239 059 209 101 239
0063 133 212 173 239 059 206 104 239
0064 137 208 178 239 063 207 104 239
