0000 111 180 131 215 183 174 204 211
0001 111 180 131 215 183 174 204 211
0002 112 180 131 215 183 174 204 211
0003 112 180 131 215 184 174 204 211
0004 185 175 205 211 112 180 131 215
0005 186 175 206 211 112 180 131 215
0006 187 173 207 211 112 180 131 215
0007 112 177 130 210 188 174 209 203
0008 111 181 131 216 193 168 213 196
0009 112 180 131 215
0010 112 180 131 215
0011 112 180 131 215 188 160 212 188
0012 112 177 130 211 188 159 215 184
0013 112 177 130 211 184 153 219 181
0014 112 178 130 211 189 156 216 180
0015 112 178 130 211 188 153 216 183
0016 188 151 216 180 112 178 132 214
0017 193 142 224 176 111 178 129 211
0018 111 179 127 211 195 120 223 160
0019 112 178 130 216 200 109 223 146
0020 112 178 130 216 198 087 224 130
0021 111 178 128 210 199 077 226 118
0022 199 074 228 105 112 178 132 214
0023 112 178 132 214 198 067 227 102
0024 201 076 228 105 113 177 132 212
0025 113 177 132 212 201 079 227 117
0026 111 180 131 215 199 093 229 132
0027 112 179 130 213 202 101 225 141
0028 113 180 130 213 202 109 227 155
0029 114 176 132 211 202 119 226 164
0030 114 176 132 211 200 134 223 177
0031 112 181 131 215 196 137 223 179
0032 112 179 129 212 196 140 222 181
0033 112 181 130 215 195 139 222 180
0034 196 138 223 181 111 177 131 212
0035 197 138 223 180 111 177 131 212
0036 111 179 129 213 195 140 221 180
0037 111 179 129 213 196 141 222 180
0038 114 177 132 212 196 141 222 180
0039 111 179 129 213 196 141 221 180
0040 114 177 132 212 190 142 219 182
0041 112 179 129 213 190 146 216 185
0042 112 179 130 215 189 157 210 197
0043 187 168 209 200 112 179 131 214
0044 183 167 205 204 112 179 131 214
0045 112 180 130 214 182 174 202 210
0046 112 180 131 214 182 173 203 209
0047 112 180 131 214 181 172 205 211
0048 185 174 206 211 112 180 131 216
0049 186 175 206 212 113 178 131 215
0050 185 176 206 212 112 180 131 216
0051 185 175 206 211 113 178 130 211
0052 184 174 206 212 112 180 131 216
