0000 181 211 202 239 080 202 100 232
0001 078 200 098 233 179 212 205 239
0002 183 211 204 239 076 200 096 232
0003 075 201 096 233 182 212 203 239
0004 077 200 097 231 177 211 201 239
0005 077 200 097 231 182 212 204 239
0006 076 199 102 234 182 213 204 239
0007 079 199 099 233 182 211 204 239
0008 078 202 099 234 181 211 203 239
0009 181 211 203 239 078 202 098 235
0010 183 205 208 239 079 203 099 234
0011 078 202 101 231 173 185 210 221
0012 079 199 099 231 174 171 208 206
0013 170 139 207 166 076 200 096 232
0014 161 118 200 149 076 200 096 232
0015 157 105 198 137 079 202 098 231
0016 159 103 199 134 079 202 100 234
0017 160 103 206 137 079 201 100 233
0018 161 104 208 140 079 202 099 232
0019 169 101 206 140 079 202 099 232
0020 166 095 207 138 080 203 099 234
0021 166 100 202 132 076 206 094 230
0022 166 097 201 137 074 202 095 230
0023 165 098 201 138 080 202 098 230
0024 163 094 204 137 079 201 099 230
0025 163 095 206 137 079 200 098 230
0026 167 100 202 137 079 200 098 229
0027 164 097 206 138 079 200 099 230
0028 161 101 205 138 073 201 094 231
0029 157 117 195 149 079 202 099 231
0030 155 130 196 159 079 203 099 233
0031 165 147 200 182 072 200 102 234
0032 176 172 200 210 079 201 099 230
0033 078 202 098 231 181 192 213 234
0034 077 201 097 232 180 203 211 239
0035 182 203 211 237 077 201 097 231
0036 182 207 201 238 080 201 098 231
0037 080 197 101 231
