0000 184 208 214 239 111 130 145 162
0001 178 199 210 234 114 136 139 159
0002 172 170 204 204 114 134 148 164
0003 163 136 204 168 113 133 150 163
0004 159 104 198 148 114 134 150 162
0005 167 089 199 139 121 131 155 162
0006 164 076 203 126 119 132 153 164
0007 170 070 201 118 124 137 149 161
0008 166 071 203 120 123 133 148 163
0009 165 080 205 131 117 136 152 163
0010 165 091 203 134
0011 164 130 202 164
0012 168 168 203 218 113 131 148 163
0013 176 189 207 235 108 135 144 163
0014 180 202 211 239 108 135 143 163
0015 176 205 207 239 107 132 143 164
0016 175 207 204 239 109 135 144 162
0017 179 204 204 236 110 136 144 164
