0000 193 216 218 239 114 130 150 161
0001 195 218 218 239 113 132 148 162
0002 193 220 217 239 120 128 146 160
0003 193 220 219 239 120 132 153 163
0004 192 220 217 239 120 132 153 161
0005 188 209 222 239 120 127 155 158
0006 188 208 222 239
0007 193 213 218 239 115 131 151 162
0008 194 213 218 239 115 130 151 161
0009 192 215 224 239 123 132 147 160
0010 193 214 219 239 115 130 151 162
0011 187 209 221 239 115 130 150 160
0012 183 203 217 238
0013 182 179 211 218 116 129 146 158
0014 170 157 208 188 123 133 149 160
0015 164 128 200 164
0016 163 110 192 146 114 131 151 162
0017 153 089 193 130
0018 160 082 200 127
0019 170 076 202 123
0020 165 077 205 126 115 122 152 154
0021 163 083 205 122 121 125 156 156
0022 164 105 205 136
0023 158 128 209 164 121 127 155 157
0024 170 145 211 184 121 125 156 158
0025 177 188 213 234
0026 181 206 217 239 119 125 154 158
0027 189 210 216 239 120 125 154 157
0028 187 210 221 239 121 125 155 158
0029 189 203 225 239 115 130 152 157
0030 200 211 225 239 120 131 155 160
