0000 078 205 099 239 167 214 192 239
0001 077 208 098 239 168 213 191 239
0002 077 205 098 239 173 218 194 239
0003 076 206 098 239 172 218 194 239
0004 077 207 098 239 170 214 190 239
0005 073 204 095 235 171 217 194 239
0006 076 205 100 236 167 214 190 239
0007 076 207 097 239 172 201 194 234
0008 073 206 096 239 159 158 195 191
0009 156 139 197 169 073 206 096 235
0010 148 124 189 154 072 211 092 239
0011 069 206 089 239 146 108 190 146
0012 073 213 092 237 143 106 186 141
0013 143 102 186 139 069 209 089 239
0014 143 103 186 141 069 210 090 239
0015 137 104 191 143 072 210 093 239
0016 135 106 180 140 070 207 088 238
0017 136 108 191 144 071 209 091 236
0018 133 109 180 143 067 211 088 239
0019 141 111 184 145 070 212 091 239
0020 070 208 090 237 137 110 192 146
0021 134 114 181 151 071 211 092 239
0022 142 114 192 149 072 211 092 239
0023 140 117 187 149 073 208 093 239
0024 073 205 093 235 140 121 186 153
0025 139 126 187 157 072 213 092 239
0026 071 209 093 238 142 136 196 167
0027 070 209 089 239 159 153 198 187
0028 159 171 195 208 071 212 092 238
0029 173 186 197 224 070 211 089 239
0030 170 200 200 236 071 209 090 239
0031 071 210 090 239 175 218 196 239
0032 071 206 091 233
