0002 137 212 177 239
0003 156 189 203 235
0004 168 164 228 219
0005 190 149 241 200
0006 196 136 249 188
0007 202 126 255 176
0008 207 126 260 176
0009 208 124 260 175
0010 210 116 260 172
0011 208 115 258 168
0012 207 118 258 167
0013 208 114 260 167
0014 208 112 260 164
0015 209 113 262 164
0016 207 119 262 167
0017 211 113 260 165
0018 209 118 261 168
0019 209 114 258 167
0020 207 115 260 168
0021 207 117 259 166
0022 210 117 260 169
0023 210 117 260 166
0024 211 118 259 166
0025 207 118 258 169
0026 204 118 256 172 153 165 204 219
0027 208 121 259 171
0028 205 119 249 168
0029 192 123 237 177
0030 175 138 219 189
0031 145 177 193 227
0032 129 190 177 239
0033 115 209 171 239
