0000 120 224 159 239
0001 123 222 163 239
0002 127 212 170 237
0003 154 195 192 237
0004 166 168 221 219
0005 184 149 234 201
0006 195 127 243 182 162 173 204 218
0007 193 125 245 180
0008 197 116 248 177
0009 204 113 253 167
0010 206 109 255 163
0011 207 107 256 161
0012 208 106 260 159
0013 211 106 258 157
0014 207 106 260 160
0015 209 105 257 159
0016 207 106 258 161
0017 207 106 261 162
0018 207 107 260 161
0019 207 107 260 162
0020 208 112 257 164
0021 208 108 259 162
0022 209 110 260 164
0023 213 107 255 162
0024 209 112 261 166
0025 210 109 260 164
0026 211 109 259 163
0027 211 111 258 162
0028 199 119 241 177
0029 185 140 224 190
0030 151 185 195 234
0031 119 207 177 239 007 210 038 239
0032 012 207 051 237
0033 014 207 058 239
0034 019 209 055 239
0035 015 206 061 237
0036 022 215 058 239
0037 022 212 064 237
0038 021 211 067 238
