0000 083 174 118 212 135 166 172 207
0001 137 152 179 190 091 158 120 196
0002 090 142 127 177 133 137 167 174
0003 128 129 169 165 094 136 126 172
0004 096 130 128 166 123 122 165 160
0005 097 124 128 160 122 120 158 157
0006 096 122 126 161 121 117 158 157
0007 095 119 130 156 122 117 150 154
0008 095 114 129 152 119 108 151 152
0009 091 115 126 154 118 120 168 158
0010 092 116 124 158 119 115 164 155
0011 091 116 124 158 118 115 162 154
0012 093 116 128 155 122 112 146 154
0013 095 116 130 156 123 112 149 154
0014 095 120 129 156 122 112 148 155
0015 095 117 130 155 121 113 147 151
0016 095 117 131 155 125 114 151 152
0017 096 118 131 157 127 117 149 153
0018 097 122 125 158 126 117 150 153
0019 098 122 124 158 126 116 152 154
0020 097 115 125 156 120 113 165 153
0021 096 113 121 155 123 122 171 160
0022 097 113 122 154 121 111 144 153
0023 098 112 122 154 121 110 144 153
0024 098 111 121 154 120 112 144 158
0025 096 115 121 158 124 116 147 153
0026 093 111 125 156 121 112 144 155
0027 098 113 129 153 121 113 144 154
0028 095 115 128 154 125 115 148 154
0029 100 116 125 154 123 114 144 153
0030 098 116 124 155 121 118 144 155
0031 098 117 124 157 120 120 144 158
0032 093 117 129 159 121 119 145 154
0033 098 118 129 160 122 119 146 154
0034 098 115 125 159 122 119 146 154 126 128 174 161
0035 098 115 125 159 125 117 148 154
0036 096 116 124 160 123 117 145 154
0037 097 115 125 160 126 117 147 154
0038 098 114 126 156 125 121 173 157
0039 098 115 125 160 125 119 175 158
0040 098 113 126 160 125 119 175 157
0041 099 113 122 157 123 121 177 161
0042 098 117 126 160 122 121 178 160
0043 098 113 122 156 122 118 178 156
0044 098 117 124 155 126 120 177 158
0045 098 117 124 155 125 120 176 158
0046 097 117 123 156 125 119 177 159
0047 096 117 123 159 127 116 152 154
0048 096 117 124 158 122 115 147 154
0049 097 116 123 154 121 114 147 152
0050 096 117 123 159 121 115 147 153
0051 097 117 123 159 122 115 147 154
0052 099 117 124 155 121 114 147 153
0053 095 117 122 160 121 123 170 161
0054 095 117 122 160 121 123 170 161
0055 095 117 122 160 121 123 170 161
0056 095 117 122 160 126 118 176 155
0057 096 117 124 159 123 124 175 161
0058 097 118 124 157 126 118 175 156
0059 098 118 124 156 126 118 176 156
0060 098 117 125 155 123 123 176 157
0061 099 118 126 155 122 123 177 161 123 116 146 150
0062 098 117 127 158 123 123 177 161
0063 098 118 126 155 123 116 146 153 132 124 171 160
0064 099 117 127 154 123 118 176 159
0065 099 116 127 157 128 119 150 153
0066 098 116 127 157 123 117 147 153
0067 100 112 127 155 128 118 150 152
0068 098 113 128 156 129 117 149 153
0069 096 112 127 157 123 117 171 155
0070 096 112 125 157 119 114 153 153
0071 097 114 124 156 118 114 154 153
0072 099 117 125 156 123 116 149 154
0073 100 118 127 156 128 116 150 154
0074 098 117 124 156 125 113 150 156
0075 096 119 130 159 129 117 154 154
0076 095 119 128 160 127 118 162 160
0077 128 125 158 164 100 127 129 169
0078 127 135 163 179 097 150 136 186
0079 127 157 179 199 093 171 127 215
0080 140 165 177 218 080 190 118 238
0081 068 207 098 239 148 181 182 222
0082 064 208 090 239 165 190 187 223
0083 062 207 086 239 165 191 189 230
0084 062 208 085 239 165 190 189 229
0085 067 208 089 239 162 190 187 232
0086 071 207 096 239 156 197 182 229
0087 078 207 104 239 156 193 184 231
0088 080 205 112 236 160 194 184 232
