0006 206 223 229 239
0007 195 212 232 239 099 213 127 239
0008 086 187 124 223 173 188 215 234
0009 165 159 204 192 092 163 130 196
0010 103 106 133 162 151 100 191 151
0011 116 059 159 117
0012 120 048 174 088
0013 143 051 190 088 107 064 145 100
0014 155 057 198 086 109 066 147 108
0015 150 061 190 090 110 065 151 107
0016 126 049 178 091
0017 129 036 170 077 150 062 196 108
0018 102 037 137 074 155 020 195 067
0019 186 014 216 063 087 041 111 076
0020 214 014 244 065 073 048 094 081
0021 226 016 253 069 070 049 092 088
0022 237 025 274 078 064 059 085 094
0023 243 025 278 083 053 057 093 116
0024 238 026 277 081 064 057 086 096
0025 233 024 272 081 065 057 088 099
0026 233 027 264 082 063 057 087 099
0027 230 053 261 102 056 077 083 113
0028 216 099 257 160 044 113 081 152
0029 214 167 249 203 049 180 098 217
0030 206 202 249 239 065 198 106 235
0031 209 222 236 238
