0000 188 197 207 232 092 181 115 216
0001 188 194 206 223
0002 090 178 114 212 185 191 206 226
0003 085 180 109 214 188 192 207 223
0004 080 177 106 213 189 195 208 223
0005 068 180 092 210 203 192 225 229
0006 044 159 078 190 228 183 261 214
0007 249 143 287 173 022 129 056 158
0008 250 083 295 115 017 084 054 114
0009 224 009 262 053 033 021 070 062
0010 211 010 246 044 041 011 079 050
0013 134 008 179 038
0014 147 010 189 043 089 008 136 036
0015 138 009 179 037
0016 122 009 155 033
0020 235 006 288 038
0024 100 007 135 042
0025 081 015 127 053 154 006 204 030
0026 083 011 125 050 160 009 201 030
0027 105 006 147 049
0030 232 006 270 042
0031 241 006 295 044 022 009 056 040
0032 019 008 054 038 242 006 287 038
0033 044 011 073 039
0034 063 008 095 039
0035 099 006 137 041
0036 132 011 178 052
0037 148 017 193 052 083 007 136 042
0038 140 016 190 053 093 009 142 038
0039 124 010 166 051
0040 091 007 128 048
0041 061 006 100 048
0042 017 012 054 051 251 006 283 041
0043 008 016 046 049 254 006 306 046
0044 012 024 052 062 261 011 306 059
0045 018 043 059 079 259 035 303 072
0046 026 079 062 108 250 081 281 107
0047 040 126 077 155 222 117 260 153
0048 068 168 092 203 208 170 236 218
0049 197 186 219 227 078 176 101 211
0050 090 183 113 217 190 193 210 228
0051 184 194 204 231
0052 190 191 209 227 091 186 111 220
0053 187 193 209 227 089 179 115 216
0054 188 193 210 226 089 184 111 220
0055 182 189 207 225 091 178 114 216
0056 093 180 115 217 178 188 204 230
0057 095 182 117 220 175 189 201 229
0058 182 191 205 224 092 183 114 218
0059 183 194 208 230 095 185 113 217
0060 185 195 209 227 091 184 111 215
0061 184 195 206 227 094 187 114 217
0062 184 194 206 227 092 182 115 219
