0000 055 156 079 191 134 175 157 214
0001 054 157 077 193 135 174 157 212
0002 053 157 079 197 134 177 157 215
0003 055 159 079 197 133 178 156 216
0004 050 163 074 199 133 175 156 216
0005 132 176 156 217 054 167 075 202
0006 055 168 076 204 134 174 158 215
0007 058 165 080 201 134 176 156 216
0008 055 166 077 203 133 175 157 218
0009 055 167 079 203 131 176 157 217
0010 055 165 080 202 130 180 154 217
0011 133 177 157 218 054 170 075 204
0012 141 186 159 219 048 163 073 200
0013 140 182 162 218 041 163 069 200
0014 024 160 055 189 157 168 178 205
0015 168 156 204 189 010 144 037 166 032 124 063 155
0016 200 118 246 146
0017 224 085 257 107
0018 217 034 256 067
0019 204 008 237 036
0020 013 024 041 059
0021 018 015 048 056
0022 024 010 052 043
0025 108 006 142 048
0026 050 010 087 048
0035 209 030 248 066
0036 220 056 260 087
0037 215 076 257 107
0038 212 095 255 121
0039 214 097 257 127
0040 222 096 255 126
0041 218 081 262 108
0042 222 055 263 087
0043 215 013 254 047
0044 204 004 236 033
0055 057 010 085 045
0060 024 007 051 039
0061 005 020 029 057
0062 176 021 213 069
0063 193 073 233 106
0064 191 115 229 140 008 143 028 164
0065 018 162 052 191 174 144 212 182
0066 035 171 061 203 170 162 191 202
0068 140 175 161 212
0069 133 185 152 218
