0013 103 207 158 238
0014 096 187 151 236
0015 092 163 146 213
0016 090 141 142 187
0017 088 119 136 163
0018 086 110 137 154
0019 089 104 140 142
0020 087 097 134 141
0021 087 094 126 139
0022 089 090 127 142
0023 089 089 127 140
0024 092 087 121 134
0025 084 087 124 129
0026 091 088 121 133
0027 086 085 123 126
0028 089 089 145 126
0029 087 087 125 125
0030 089 089 145 126
0031 084 087 126 130
0032 086 085 133 126
0033 088 090 144 127
0034 091 089 123 136
0035 091 088 123 136
0036 085 087 124 127
0037 091 090 122 134
0038 091 090 122 134
0039 089 088 121 130
0040 088 088 126 131
0041 083 087 126 126
0042 084 091 126 134
0043 083 086 125 126
0044 083 086 126 126
0045 085 088 125 128
0046 085 088 127 127
0047 085 087 126 128
0048 087 087 126 128
0049 092 089 123 130
0050 091 094 126 142
0051 089 093 127 143
0052 100 143 140 179
0053 101 194 147 228 158 159 197 199
0054 113 210 172 239
