0000 085 216 105 239 145 219 168 239
0001 086 217 105 239 145 219 168 239
0002 086 217 105 239 144 219 168 239
0003 086 217 105 239 144 219 167 239
0004 086 216 105 239 143 220 166 239
0005 086 216 105 239 144 219 167 239
0006 085 218 105 239 150 218 173 239
0007 083 219 104 239 166 210 189 239
0008 173 144 198 174 082 220 103 239
0009 146 068 173 105 082 219 103 239
0010 126 044 152 081 083 220 103 239
0011 127 051 151 080 085 219 105 239
0012 133 042 157 076 087 215 109 239
0013 144 044 171 083 086 220 107 239
0014 173 110 198 151 086 220 108 238
0015 181 191 209 225 086 217 107 239
0016 194 184 227 214 081 216 100 239
0017 205 090 245 122 079 216 100 239
0018 191 045 223 082 079 218 099 239
0019 157 041 178 071 081 217 099 239
0020 145 049 168 076 080 220 100 239
0021 166 040 189 074 082 219 101 239
0022 183 086 218 126 083 219 103 239
0023 179 169 213 211 081 219 101 239
0024 181 199 203 232 079 218 099 239
0025 189 171 219 195 081 215 103 237
0026 175 074 205 106 084 217 104 239
0027 157 056 178 087 081 217 099 239
0028 080 222 098 239 145 074 170 099
0029 154 075 174 101 075 220 100 239
0030 172 086 195 123 081 217 098 239
0031 175 152 210 193 081 220 101 239
0032 164 212 185 239 079 219 100 239
0033 151 217 176 239 080 216 100 239
0034 080 215 100 239 148 216 168 239
0035 080 215 100 239 149 218 170 239
0036 081 213 101 236 148 215 170 239
