0000 175 223 203 239 068 220 092 239
0002 161 215 190 239
0003 105 178 147 206
0004 093 119 137 160
0005 103 101 133 146
0006 103 102 132 144
0007 100 099 135 143
0008 104 105 132 144
0009 096 103 132 140
0010 099 099 135 143
0011 099 098 138 150
0012 128 085 174 140
0013 145 083 188 145
0014 154 087 195 138
0015 153 087 195 140 063 218 086 239
0016 152 086 196 144 062 218 086 239
0017 154 088 195 139 062 217 086 239
0018 153 083 193 140
0019 152 086 195 137 066 217 090 239
0020 151 087 197 137
0021 151 086 193 137 063 216 087 239
0022 150 105 190 154
0023 148 166 189 197
0024 163 213 195 239
0025 176 220 205 239
0033 174 223 201 239
