0000 110 208 151 239 062 208 096 238
0001 110 209 148 239 059 205 098 238
0002 105 207 143 239 061 205 096 238
0003 105 213 146 239 062 206 097 237
0004 105 208 144 239 059 205 096 237
0005 105 212 150 239 058 206 098 238
0006 111 202 151 239 060 207 097 236
0007 062 202 098 237 127 167 167 208
0008 060 206 097 237 148 136 189 178
0009 158 101 200 151 060 207 097 238
0010 156 105 201 159 059 206 097 238
0011 061 207 097 237 155 128 192 172
0012 124 143 164 186 064 206 095 235
0013 072 140 118 191 064 207 096 234
0014 051 138 102 178 060 208 096 237
0015 038 120 081 152 062 205 098 237
0016 027 106 087 138 060 206 096 237
0017 036 111 087 146 058 203 092 236
0018 061 132 114 166 059 201 093 235
0019 063 201 096 235 104 150 136 184
0020 063 207 097 239 141 134 178 177
0021 165 118 214 156 067 205 101 239
0022 171 110 223 153 062 207 097 238
0023 165 113 213 153 062 208 096 238
0024 158 130 193 172 062 209 095 238
0025 064 209 096 237 130 150 169 203
0026 094 155 133 210 063 203 099 235
0027 060 145 117 188 061 209 097 239
0028 052 135 109 172 054 200 093 236
0029 055 142 114 176 056 201 095 236
0030 060 203 096 236 092 151 141 193
0031 054 202 096 236 130 148 162 193
0032 063 204 096 237 150 140 187 187
0033 060 207 097 238 155 138 195 178
0034 062 207 097 237 149 137 186 178
0035 061 206 096 237 132 150 171 185
0036 120 176 160 210 062 205 098 237
0037 113 203 149 239 061 204 098 237
0038 111 214 147 239 061 207 095 237
0039 111 208 150 239 062 206 097 236
0040 111 207 148 239 060 206 095 238
0041 112 209 147 239 057 202 093 237
0042 115 210 148 237 058 205 098 239
0043 114 210 149 238 059 206 096 238
0044 114 206 149 239 061 207 095 237
0045 115 209 148 238 061 204 098 237
0046 115 210 148 238 062 202 097 237
0047 111 213 146 239 062 205 097 238
0048 106 214 148 239 062 204 098 236
0049 110 212 151 239 066 207 095 234
