0006 189 180 253 234
0007 163 162 212 207
0008 107 139 151 179
0009 060 131 112 170
0010 031 131 102 164
0011 025 130 087 158
0012 028 130 091 160
0013 042 131 101 164
0014 077 132 126 171
0015 131 138 175 177
0016 190 135 248 174
0017 209 133 285 175
0018 215 134 292 175
0019 202 137 272 176
0020 178 137 231 178
0021 153 137 198 177
0022 112 133 159 171
0023 069 135 121 172
0024 051 143 111 180
0025 050 144 106 181
0026 062 147 115 186
0027 084 159 127 209
0028 096 179 152 230
0029 135 202 178 239
