0000 099 202 138 239 029 205 066 235
0001 099 201 141 239 029 201 065 234
0002 096 200 140 238 029 203 067 234
0003 099 198 142 237 031 204 067 236
0004 099 184 141 226 030 208 063 237
0005 100 172 142 210 030 203 066 235
0006 098 155 140 196 029 205 066 237
0007 093 140 137 170 030 207 065 234
0008 083 131 142 160 030 203 064 233
0009 078 124 141 153 030 202 064 233
0010 076 121 141 154 031 205 064 239
0011 077 120 142 153 031 207 064 239
0012 082 123 140 154 032 200 063 234
0013 089 125 145 160 031 205 068 236
0014 034 204 063 234 105 124 153 172
0015 110 131 153 170 032 203 070 238
0016 112 131 156 169 030 204 068 235
0017 112 132 156 172 033 204 062 236
0018 105 128 149 169 031 204 066 236
0019 097 131 149 169 033 204 063 234
0020 085 127 138 163 031 204 063 238
0021 080 123 137 159 031 202 065 233
0022 080 122 140 158 031 203 065 234
0023 085 126 141 162 030 204 067 235
0024 093 126 146 163 030 205 068 236
0025 096 132 152 170 032 203 066 236
0026 105 134 150 171 033 204 063 234
0027 111 136 154 174 031 204 067 236
0028 111 134 157 174 036 199 072 237
0029 103 137 150 176 032 207 063 236
0030 096 134 150 171 033 198 064 236
0031 084 127 142 165 033 197 064 234
0032 081 124 144 159 030 203 066 234
0033 082 124 145 158 031 204 067 234
0034 106 129 146 176 029 208 065 237
0035 115 136 156 177 033 206 063 237
0036 115 135 153 180 033 208 063 237
0037 103 132 147 173 033 201 062 235
0038 079 128 138 170 032 200 062 234
0039 076 128 142 167 032 206 064 237
0040 081 126 141 167 032 206 063 239
0041 085 129 139 171 033 205 063 234
0042 093 131 139 170 031 209 064 239
0043 097 138 142 175 032 208 064 239
0044 098 144 144 181 033 203 068 238
0045 100 155 144 190 032 202 063 236
0046 100 167 146 204 033 208 063 239
0047 101 178 143 224 032 199 062 234
0048 103 189 146 233 029 203 066 237
0049 100 196 144 239 033 203 071 237
0050 093 202 142 239 032 202 066 234
0051 097 198 146 239 036 198 071 238
0052 097 201 138 239 030 204 068 235
0053 099 203 135 238 033 203 062 235
0054 093 198 146 236 033 204 062 234
0055 099 202 141 238 033 206 063 235
