0000 162 197 217 234 100 218 141 239
0001 160 194 219 233 102 215 139 239
0002 156 190 226 232 100 215 144 239
0003 160 165 220 212
0004 101 219 140 239 161 141 209 177
0005 161 116 224 150 098 219 142 239
0006 158 092 229 129 098 218 141 239
0007 159 078 220 116 099 217 141 239
0008 160 073 226 117 099 219 141 239
0009 101 218 142 239 153 058 228 108
0010 158 059 220 107 100 217 142 239
0011 153 047 228 102
0012 153 057 224 104 101 219 142 239
0013 153 053 221 102
0014 153 055 221 102 100 216 140 239
0015 156 058 223 105 100 220 142 239
0016 184 025 225 121 096 217 140 239 189 075 255 142
0017 186 020 226 120 102 218 142 239 193 077 254 141
0018 152 053 224 105 101 219 142 239
0019 157 080 218 115 101 218 140 239
0020 163 116 207 153 097 217 141 239
0021 166 167 212 219
0022 161 206 218 239
0023 173 220 221 239 098 221 142 239
0025 100 220 138 239
0026 099 220 137 239
