0003 092 203 142 239
0004 092 169 143 212
0005 097 152 154 195
0006 091 138 153 181
0007 096 130 158 171
0008 094 127 154 166
0009 086 121 149 159
0010 092 118 150 156
0011 095 105 161 146
0012 098 097 164 137
0013 102 085 173 129
0014 102 080 173 124
0015 106 077 174 122
0016 102 078 168 115
0017 105 080 169 119
0018 105 078 171 120
0019 105 078 170 119
0020 105 078 172 119
0021 104 074 170 117
0022 103 074 171 117
0023 105 075 170 118
0024 107 079 165 117
0025 101 080 165 117
0026 105 083 167 122
0027 103 091 167 136
0028 102 127 162 171
0029 102 153 157 199
0030 104 201 153 239
0031 093 220 150 239
