0000 101 202 123 236 187 198 209 236
0001 187 200 209 234 093 193 115 236
0002 189 197 208 234
0003 185 197 205 229
0004 181 192 205 227
0005 172 164 207 197
0006 166 134 203 168
0007 162 094 197 128
0008 187 060 226 097
0009 229 020 252 061
0010 258 007 296 041
0011 254 009 291 042
0012 257 007 290 043
0013 255 006 298 043
0014 258 006 289 045
0015 256 010 287 047
0016 229 018 257 064
0017 201 059 225 092
0018 165 117 201 150
0019 181 176 202 209
0020 189 198 209 232
0021 191 194 217 234
0022 191 199 211 233
0023 187 202 211 237
0024 190 200 211 233 096 204 115 237
