0000 094 218 119 239 185 222 206 239
0001 099 222 117 239 184 221 206 239
0002 099 222 117 239 187 222 207 239
0003 092 219 114 239
0004 083 220 108 237 192 219 214 239
0005 081 213 104 239 209 216 230 239
0006 248 175 285 205
0007 267 104 305 126
0008 257 049 294 079
0009 250 022 280 054
0010 239 018 276 054
0011 251 022 279 055
0012 246 025 275 058
0013 245 024 280 059
0014 244 023 279 061
0015 245 024 279 058
0016 244 023 279 059
0017 250 025 279 058
0018 244 024 279 060
0019 244 024 282 059
0020 250 028 279 060
0021 247 024 285 060
0022 243 026 281 060
0023 250 029 279 061
0024 250 029 280 061
0025 244 030 281 063
0026 248 028 286 060
0027 244 029 282 063
0028 245 026 285 065
0029 253 034 280 064
0030 259 059 292 090
0032 239 185 275 217
0033 212 216 235 239
0034 194 218 221 235 086 221 111 239
0035 188 219 211 239 093 215 115 239
