0000 188 221 209 239
0001 184 223 209 239
0002 188 223 209 239
0003 087 216 112 239 184 223 213 239
0004 189 220 213 239
0005 090 204 113 235 189 221 210 239
0006 188 219 211 239
0007 188 221 213 239
0008 194 218 215 239
0009 220 200 249 234
0010 239 136 292 164
0011 262 076 298 101
0012 256 047 291 077
0013 256 040 285 068
0014 248 036 285 067
0015 246 037 281 067
0016 247 028 281 064
0017 245 025 283 061
0018 246 024 282 058
0019 243 028 278 062
0020 250 029 279 058
0021 247 031 283 061
0022 244 030 283 064
0023 246 032 282 064
0024 245 031 282 065
0025 242 034 280 067
0026 247 032 284 066
0027 249 031 284 064
0028 248 031 285 065
0029 247 032 284 065
0030 247 032 285 066
0031 244 032 280 066
0032 252 043 289 076
0033 256 076 293 105
0034 259 141 288 164 075 217 101 236
0035 234 182 269 212 079 215 103 239
0036 206 218 233 239
0037 188 215 212 239
0038 092 216 117 239 186 218 209 239
0039 184 221 208 239 092 221 115 239
0040 186 223 208 239 090 217 115 239
0041 093 217 117 239
0042 090 219 117 239
