0000 107 187 129 222 051 206 101 239
0001 111 193 131 225
0002 107 195 127 227 049 208 103 239
0003 112 193 130 222
0004 107 186 129 226
0005 108 188 130 223
0006 108 187 128 222 181 203 202 234
0007 108 183 128 216 198 203 214 235
0008 204 188 226 228 112 182 132 215
0009 212 174 243 213 113 172 132 206
0010 233 151 270 183
0011 245 118 285 148
0012 253 087 290 118
0013 257 062 288 095 062 206 103 238
0014 259 058 290 088
0015 254 061 295 088 062 210 104 239
0016 253 058 296 091 058 211 106 239
0017 252 066 293 096 061 207 104 239
0018 253 067 292 097 060 205 104 239
0019 256 069 295 099
0020 251 073 294 100
0021 254 070 295 100
0022 255 065 295 096
0023 251 066 293 099
0024 258 065 298 095
0025 256 065 297 095
0026 254 066 293 096
0027 254 067 293 096
0028 255 066 294 096
0029 259 073 299 105
0030 258 083 296 116
0031 248 110 292 138 111 171 131 205
0032 106 183 128 214 242 136 280 164
0033 235 159 271 197 104 185 124 218
0034 099 188 123 227 221 176 246 215
0035 105 190 125 226 207 185 228 223
0036 193 199 213 234 108 191 132 228
0037 111 195 131 227
0039 113 197 131 223
