0000 109 184 131 215 196 187 217 220
0001 109 182 128 212 196 188 218 220
0002 109 184 128 213
0003 198 186 218 217 107 183 128 213
0004 109 183 131 210 210 186 231 222
0005 234 167 271 203 104 179 125 208
0006 254 127 293 155
0007 264 104 305 126
0008 271 066 306 089
0009 256 028 291 061
0010 248 016 287 053
0011 248 013 286 044
0012 246 010 280 037
0013 249 010 282 040
0014 252 010 279 039
0015 243 016 281 047
0016 247 016 287 048
0017 242 016 284 046
0018 248 016 288 049
0019 249 016 286 048
0020 245 016 285 046
0021 249 016 286 049
0022 251 017 288 048
0023 250 016 286 049
0024 251 017 287 049
0025 250 018 287 050
0026 251 018 288 050
0027 250 017 288 044
0028 250 017 288 053
0029 250 032 285 065
0030 243 052 282 083
0031 216 087 272 121
0032 226 119 264 158
0033 217 160 241 196 111 187 131 214
0034 102 177 122 209 204 181 227 215
0035 101 181 122 214 193 183 217 221
0036 106 184 127 216 194 191 216 223
0037 110 190 132 220
0038 111 188 132 219 199 181 220 218
0039 200 187 222 222 111 187 131 220
0040 197 187 221 222 109 188 129 221
0041 197 186 220 223 110 186 131 217
0042 197 187 220 222 110 188 131 218
0043 199 187 221 221 111 188 132 219
0044 199 186 220 222 110 186 132 218
0045 196 188 217 221 107 186 128 218
0046 197 183 218 215 108 185 129 217
0047 196 188 217 221 108 184 129 217
0048 198 186 221 221 111 187 132 216
0049 198 186 220 219 108 187 130 219
0050 198 185 220 219 108 186 130 219
0051 198 186 220 219 110 185 129 216
0052 198 186 220 219 110 184 129 217
0053 198 188 220 221 111 186 130 219
0054 198 187 220 220 110 187 128 216
0055 198 187 220 221 112 188 131 216
0056 198 186 220 223 110 188 129 219
0057 198 186 220 222 111 185 134 217
0058 198 185 219 221 111 186 133 219
0059 198 187 220 223 111 187 133 218
0060 198 186 220 223 107 186 129 218
0061 199 184 221 220 112 185 132 217
