0000 162 151 179 182 104 152 124 184
0001 163 149 182 179 104 155 121 184
0002 105 152 125 184 159 143 181 177
0003 102 153 121 183
0004 099 150 117 183 146 105 182 141
0005 096 146 115 178 151 074 196 102
0006 097 139 116 172 173 037 207 081
0007 192 017 216 044
0008 207 010 233 041
0009 208 013 231 046
0010 206 010 228 044
0011 209 010 231 042
0012 207 012 230 046
0013 205 015 229 037
0014 194 013 213 047
0015 167 017 202 059
0016 101 132 122 169 158 064 200 097
0017 100 145 119 178 144 087 194 124
0018 099 154 119 185
0019 097 155 116 183 153 147 176 184
0020 100 149 120 185
0021 103 155 123 186 153 152 173 187
0022 103 155 123 186 155 147 177 182
0023 103 153 123 184 156 145 176 179
0024 104 158 122 184 158 149 176 180
0025 103 153 123 183 156 150 175 183
0026 104 153 123 183 156 147 175 180
0027 155 147 176 180 102 149 122 183
