0000 154 209 186 239 096 206 130 238
0001 154 208 187 239 096 205 129 238
0002 094 205 132 239 153 213 180 239
0003 154 214 180 239 094 205 133 239
0004 153 214 180 239 094 206 132 239
0005 148 207 184 239 094 204 130 239
0006 153 209 187 239 089 207 127 239
0007 155 201 182 235 082 209 112 239
0008 067 205 098 239 142 167 182 211
0009 153 127 192 163
0010 171 089 210 131
0011 186 037 223 079
0012 200 018 227 067
0013 205 007 239 047
0015 200 007 248 054
0016 209 007 247 051
0017 209 008 246 053
0018 209 008 248 052
0019 233 007 258 027
0020 228 009 256 030
0021 229 007 257 030
0022 229 006 257 029
0023 226 006 264 032
0024 212 009 262 048
0026 207 007 252 057
0027 206 006 241 041
0028 199 008 235 058
0029 196 025 223 068
0030 058 201 091 239 188 055 216 091
0031 059 207 095 239 168 085 208 124
0032 071 209 097 239 173 134 202 170
0033 082 204 109 239 163 170 201 212
0034 154 200 185 236 090 205 128 239
0035 095 207 130 239 158 208 183 239
