0000 161 173 179 203
0001 162 172 183 203
0002 158 174 179 203
0003 162 171 183 203 092 173 111 196
0004 163 174 184 204 098 165 115 194
0005 163 171 182 201 096 160 115 189
0006 163 174 182 205
0007 160 162 182 196
0008 152 148 177 185
0009 145 137 171 168
0010 136 107 172 139
0011 134 091 174 119
0012 140 084 183 112
0013 140 078 184 106
0014 138 065 191 097
0015 154 054 196 076
0016 193 020 218 062
0018 226 011 250 036
0019 222 007 248 040
0020 222 007 249 041
0021 224 010 252 042
0022 222 006 256 040
0023 221 008 248 042
0024 225 009 250 041
0025 219 008 242 041
0026 207 014 228 045
0027 198 013 222 055
0028 181 033 205 064
0029 162 052 198 082
0030 156 067 198 097
0031 148 083 190 118
0032 156 110 185 139
0033 156 142 178 172
0034 158 155 184 192
0035 168 167 185 199
0036 098 169 118 198
0037 167 174 185 201 096 173 114 202
0038 168 166 186 198 099 170 117 201
