0000 053 202 100 239
0001 052 200 101 239 175 180 220 235
0002 052 196 100 239
0003 055 182 097 236 176 194 223 239
0004 172 172 217 239 059 179 105 232
0005 158 167 202 234 065 163 103 221
0006 063 160 106 217 146 159 195 223 176 151 222 196
0007 137 149 179 216 063 153 107 209 168 147 230 189
0008 124 144 170 208 069 144 111 204 148 136 229 182
0009 123 140 172 201 071 140 112 201 147 130 233 172
0010 076 133 116 190 123 130 165 192 141 126 228 170 029 118 075 153
0011 117 126 162 188 147 120 228 165 078 127 116 192 032 112 076 154
0012 080 122 118 181 141 117 228 163 120 127 157 183 032 112 082 149
0013 077 122 123 177 120 125 158 182 149 118 231 162 030 108 076 152
0014 078 121 119 181 121 126 154 182 145 118 232 162 029 107 076 152
0015 078 121 119 180 121 127 154 184 143 118 232 162 030 108 082 149
0016 082 125 126 180 119 123 161 181 153 116 231 162
0017 083 125 120 181 149 120 234 161 121 123 156 181 031 109 085 147
0018 084 123 121 180 145 114 230 160 122 120 160 181 031 107 080 148
0019 083 120 122 174 148 116 233 159 122 119 160 179 031 108 082 151
0020 084 117 123 181 120 120 159 182 146 114 229 157 031 108 082 151
0021 085 119 123 178 147 115 230 157 122 119 158 181 033 108 079 148
0022 085 119 123 176 145 115 230 158 122 118 160 180 030 107 082 148
0023 117 125 165 184 083 124 123 184 146 117 227 163 031 106 081 148
0024 126 132 175 195 077 129 125 187 151 126 230 171 032 116 074 154
0025 073 138 121 197 136 146 188 205 171 132 235 179
0026 062 157 101 223 173 170 221 233
0027 049 178 098 237 207 194 256 237
0028 047 192 093 239
0029 043 199 096 239
0030 044 200 099 239
0031 043 200 099 239
0032 047 194 088 239
0033 037 193 088 238
0034 021 189 061 235
0035 005 186 047 236
0036 001 192 040 234
0037 000 202 037 239
0038 000 203 035 237
0039 002 203 035 235
0040 202 173 230 236
0041 202 171 232 238
0042 201 174 230 236
