0009 174 212 210 239
0010 161 183 207 236 111 222 147 239
0011 162 159 207 209 115 192 175 239
0012 115 153 179 196 165 138 205 190
0013 117 134 174 177 167 139 204 190
0014 170 151 213 207 118 134 176 177
0015 121 144 183 189 172 145 210 203
0016 127 152 191 194
0017 119 133 181 176 165 131 201 184
0018 166 142 210 191 122 131 179 173
0019 125 141 179 186 170 137 208 189
0020 124 146 178 189 166 132 200 191
0021 167 146 209 200 121 135 178 177
0022 167 148 208 199 123 140 177 182
0023 127 147 178 192 169 136 201 191
0024 124 142 180 187 164 143 204 192
0025 126 145 182 187 165 149 205 198
0026 132 159 193 201
0027 125 165 193 211 161 137 201 201
0028 120 193 186 239 166 163 210 218
0029 174 205 215 239
