0000 004 210 045 239 199 166 231 235
0001 010 206 048 239
0002 011 198 053 236
0003 023 187 056 233 200 164 231 233
0004 195 181 233 239 027 170 070 222
0005 176 157 221 233 040 156 083 217
0006 047 146 086 209 168 146 212 221
0007 059 132 100 195 158 125 203 204 185 120 239 167
0008 064 126 111 179 144 120 191 183 177 110 241 156
0009 139 112 183 182 070 118 116 176 165 104 240 145 028 098 071 141
0010 128 110 174 183 160 095 237 137 078 108 116 178
0011 124 112 167 182 154 097 240 139 078 110 119 172
0012 125 107 166 181 149 092 234 133 082 109 121 168
0013 143 094 235 133 122 107 164 180 087 107 124 167 023 091 090 129
0014 139 093 235 131 121 105 163 181 082 110 124 165 028 089 093 130
0015 142 092 236 131 122 106 162 181 086 105 122 168 026 086 089 130
0016 142 092 236 131 087 105 123 166 123 104 164 179 030 085 089 128
0017 141 092 236 132 091 100 126 168 123 105 167 181 029 086 089 126
0018 140 090 236 132 088 105 125 168 124 104 163 176 034 087 093 129
0019 141 087 235 129 088 104 126 166 122 098 168 183 035 087 090 124
0020 146 087 234 133 090 107 126 165 031 089 092 127 119 110 160 179
0021 141 089 232 132 093 107 126 163 032 090 102 131 120 119 162 180
0022 144 092 231 135 091 106 126 166 032 089 101 130 120 120 162 180
0023 141 091 232 131 091 105 127 166 032 088 091 130 119 118 162 180
0024 141 088 229 131 093 111 126 164 042 088 092 130 125 121 159 176
0025 140 087 230 131 092 110 127 165 037 085 096 132 125 119 158 177
0026 145 089 231 129 092 109 127 166 032 085 091 131 125 107 160 175
0027 145 089 233 129 092 109 127 165 031 086 091 131 124 119 158 177
0028 144 089 233 130 092 109 127 165 039 088 095 133 119 115 163 179
0029 142 087 229 131 092 108 127 163 033 090 100 131 124 123 159 177 129 097 166 149
0030 143 087 231 132 091 109 127 163 123 107 163 173 036 090 097 131
0031 142 092 231 133 091 109 127 164 123 108 163 173 035 090 095 131
0032 144 094 231 133 090 106 128 166 037 090 093 134 126 102 161 176
0033 146 094 234 133 089 107 128 163 126 105 159 173 033 093 096 133
0034 089 107 130 164 153 096 238 138 030 093 095 138 127 106 163 183
0035 131 115 167 183 087 117 133 173 167 102 233 143 035 100 087 142
0036 141 122 186 190 181 117 239 163 082 125 129 176
0037 147 132 197 200 076 141 127 192 188 128 240 173
0038 154 135 215 208 067 151 120 199 191 138 235 179
0039 176 160 226 221 058 161 105 210
0040 054 181 100 233 196 178 237 239
0041 046 199 099 239
0042 045 201 096 239
0043 045 202 097 239
