0000 103 217 139 239 154 216 194 239
0001 102 219 137 239 155 217 194 239
0002 104 222 141 239 151 218 195 239
0003 104 221 140 239 154 217 194 239
0004 102 213 138 239 160 215 199 239
0005 102 193 144 237 176 201 204 235
0006 096 166 147 218 181 164 220 212
0007 096 132 152 185 178 124 228 170
0008 101 119 157 173 176 115 228 162
0009 110 093 160 159 171 094 222 149
0010 114 091 167 157 170 090 224 148
0011 119 090 166 161 171 088 223 148 074 086 132 131
0012 120 086 167 164 166 088 215 161 076 080 128 128
0013 122 087 169 165 165 096 215 164 076 084 126 128
0014 119 088 165 173 166 095 209 168
0015 114 099 165 167 167 103 207 167
0016 116 099 164 174 170 105 210 182
0017 116 099 167 169 168 106 211 185
0018 113 096 162 173 165 108 214 176
0019 112 098 161 174 167 103 211 186
0020 112 098 161 174 166 102 212 187
0021 114 098 161 172 167 104 213 186
0022 111 103 162 174 167 102 214 187
0023 114 098 161 170 163 107 214 182
0024 114 097 161 170 168 102 214 175
0025 107 095 161 166 169 099 215 183
0026 112 097 161 170 162 093 216 178
0027 101 095 165 156 164 098 216 171
0028 099 106 159 158 174 104 219 161
0029 090 120 150 171 171 122 230 181
0030 089 146 144 202 178 163 231 217
0031 092 192 126 234 202 218 238 238
0032 089 212 126 238
