0000 117 180 137 212 184 173 205 210
0001 186 173 207 211 118 179 138 215
0002 185 176 207 213 119 179 138 214
0003 186 177 208 213 117 181 136 212
0004 119 180 138 216 187 175 207 209
0005 119 180 138 216 188 180 207 215
0006 188 179 207 212 121 180 141 215
0007 118 177 139 213 199 171 219 204
0008 112 175 134 204 202 156 231 183
0009 213 147 238 174 112 163 131 190
0010 209 120 254 154 109 145 131 171
0011 210 108 254 141
0012 213 101 253 133 095 116 118 143
0013 207 103 250 136 097 110 119 138
0014 209 101 251 131 092 111 118 137
0015 214 099 257 128 092 108 118 137
0016 208 100 252 131 092 109 119 138
0017 209 100 252 131 091 109 118 137
0018 210 100 252 130 092 110 118 137
0019 208 102 251 132 092 109 119 138
0020 206 099 251 132 092 108 119 137
0021 207 100 250 133 093 110 119 138
0022 097 112 118 140 214 108 242 139
0023 096 118 122 146 210 122 243 155
0024 106 138 125 163
0025 107 149 129 177 191 143 220 179
0026 111 162 131 197 192 165 216 203
0027 111 174 132 206 189 171 209 208
0028 186 174 205 211 112 180 133 215
0029 113 179 131 211 188 176 206 212
0030 113 180 130 211 188 174 207 210
0031 189 173 211 211 112 180 132 215
0032 189 175 210 214 112 181 132 216
0033 113 181 132 215 188 174 210 212
0034 115 181 136 216 188 174 208 212
0035 116 179 138 216 186 175 208 213
0036 186 176 207 212 117 180 138 215
