0004 019 217 054 239
0005 083 209 136 238 021 207 061 239
0006 077 181 131 221 023 184 054 233
0007 068 153 121 192 026 161 065 204
0008 062 125 111 163 028 126 064 173
0009 061 116 105 152 024 112 062 160
0010 053 111 097 148 022 101 059 147
0011 014 092 052 147 055 107 099 144
0012 018 093 057 144 055 110 099 140
0013 016 087 055 140 056 105 100 142
0014 058 106 101 141 021 090 060 138
0015 022 089 061 137 061 105 104 143
0016 020 089 064 137 061 105 108 144
0017 022 086 060 138 062 106 106 144
0018 027 092 062 137 062 106 106 144
0019 027 092 061 137 062 106 106 144
0020 026 092 062 137 062 107 104 145
0021 021 094 063 140 061 105 105 143
0022 061 116 112 154 024 105 061 154
0023 056 133 106 177 013 133 062 181
0024 060 178 123 222 015 176 054 228
0025 078 204 126 239 018 208 050 237
0026 089 221 136 239
