0000 000 194 040 237 137 200 184 237
0001 004 191 047 235 137 200 184 237
0002 139 196 189 236 020 184 060 233
0003 031 183 080 230 137 198 186 235
0004 046 185 099 226 140 194 189 236
0005 057 191 105 233 137 194 189 236
0006 141 198 188 236 060 204 107 239
0007 063 208 110 237 137 200 184 238
0008 140 197 188 236 060 207 108 238
0009 138 200 183 234 061 208 109 238
0010 138 197 188 237 060 207 108 238
0011 061 207 108 238 138 197 188 236
0012 139 195 188 235 063 202 105 238
0013 139 195 187 235 062 206 106 239
0014 139 195 191 235 062 206 106 239
0015 139 195 191 235 062 206 106 239
0016 139 195 191 235 062 206 106 239
0017 139 195 191 235 062 206 106 239
0018 139 195 191 235 062 206 106 239
0019 139 195 191 235 063 202 106 239
0020 139 195 191 235 063 202 106 239
0021 139 195 191 235 063 202 106 239
0022 139 195 191 235 063 202 106 239
0023 139 195 191 235 063 202 106 239
0024 138 194 190 236 065 203 105 238
0025 138 195 189 236 064 203 106 238
0026 061 201 107 239 135 199 182 236 046 166 073 206
0027 062 189 107 238 135 188 186 237
0028 062 166 111 215 131 158 184 210 174 167 206 204
0029 066 157 118 205 124 149 175 200 176 157 204 201
0030 068 150 118 192 120 134 178 180 165 150 202 201
0031 071 145 119 187 116 126 167 174 159 142 200 196
0032 073 139 119 184 115 117 161 165 156 136 196 191
0033 074 135 120 179 116 118 163 161 149 133 191 193
0034 075 130 122 174 115 114 159 158 151 133 194 187
0035 075 125 122 169 119 115 162 158 146 130 194 188
0036 073 120 117 167 149 131 195 186 117 113 160 162
0037 076 121 122 164 149 131 194 185 117 112 160 162
0038 077 121 121 164 119 111 162 162 149 131 194 186
0039 077 122 121 164 119 110 166 154 150 132 194 186
0040 078 119 121 164 117 112 162 157 152 131 194 186
0041 078 119 121 164 121 110 165 154 152 131 195 187
0042 076 120 121 165 121 109 165 154 152 130 194 187
0043 077 120 122 165 117 109 163 154 150 132 193 186
0044 077 120 123 165 112 107 160 154 152 131 194 186
0045 077 119 120 164 117 109 160 163 151 130 195 186
0046 077 119 119 163 113 106 163 160 150 131 194 185
0047 077 119 121 164 117 107 162 153 148 132 192 183
0048 076 121 121 164 120 111 162 153 152 130 191 183
0049 076 120 122 165 117 108 160 159 150 128 191 185
0050 077 118 124 163 151 128 191 184 118 110 164 154
0051 077 120 121 161 119 112 156 155 150 130 191 181
0052 075 117 119 163 121 110 162 155 151 125 188 184
0053 075 117 118 163 119 111 164 161 151 125 187 184
0054 075 118 117 162 114 112 164 156 150 125 187 184
0055 118 117 161 161 075 119 117 162 149 131 190 183
0056 075 119 117 162 117 112 163 161 149 133 190 183
0057 075 118 117 161 118 112 163 160 149 133 190 183
0058 076 116 120 160 118 111 164 161 148 124 190 183
0059 073 113 118 164 118 111 164 160 148 125 188 182
0060 074 115 117 158 118 115 163 161 153 130 188 184
0061 074 121 120 165 119 119 171 167 155 131 194 191
0062 126 134 179 194 063 142 110 196
0063 144 160 195 212 045 164 102 220
0064 152 176 201 234 030 187 090 239
0065 153 198 198 239 035 201 083 239
0066 152 204 195 239 040 204 082 237
0067 152 206 193 238 037 206 081 237
0068 154 204 194 238 037 209 083 239
0069 155 205 194 238 037 209 083 239
0070 155 203 194 238 038 209 084 239
0071 155 203 195 239 038 207 083 239
0072 154 201 194 237 037 206 084 239
0073 150 198 197 239 035 199 083 239
