0009 119 218 162 239
0010 112 193 156 234 056 214 093 236
0011 059 196 096 236 109 172 151 215
0012 053 174 101 222 106 137 158 186
0013 053 159 100 206 101 117 155 168
0014 053 146 104 195 098 102 151 150
0015 057 133 108 187 092 090 139 142
0016 059 126 110 178 086 096 126 146
0017 084 092 127 141 058 127 114 172
0018 061 123 111 174 081 082 129 136 100 076 168 121
0019 056 119 105 168 086 069 136 120
0020 055 120 106 168 089 063 133 119
0021 083 061 135 117 057 115 110 158
0022 062 115 111 157 084 066 128 122 121 071 173 119
0023 062 114 112 160 085 065 127 119
0024 083 063 130 115 056 118 104 166
0025 083 063 132 117 058 113 109 159
0026 084 069 134 121 061 097 109 154
0027 082 069 131 122 063 100 117 152
0028 086 062 133 114 056 115 110 160
0029 084 062 133 114 056 119 105 167
0030 082 061 128 116 056 118 109 167
0031 084 064 132 120 057 114 111 166
0032 085 061 135 116 057 119 107 168
0033 084 063 129 117 056 120 102 172
0034 085 061 136 116 056 121 106 170
0035 084 066 133 120 059 110 113 164
0036 081 063 131 123 057 111 109 167
0037 084 062 135 119 060 119 113 167
0038 082 065 133 120 060 118 113 166
0039 081 067 133 126 066 106 117 159
0040 081 067 135 123 061 107 113 160
0041 082 069 127 124 059 118 113 166
0042 081 066 133 123 057 120 114 171
0043 085 067 134 125 061 119 113 167
0044 082 069 132 128 057 121 106 169
0045 082 069 137 131 059 122 109 173
0046 082 067 131 126 062 116 111 167
0047 084 073 134 130 067 117 109 167
0048 051 122 111 166 083 080 126 134
0049 064 149 098 190 093 102 144 146
0050 117 130 160 170 056 176 096 222
0051 050 214 087 239 156 170 201 215
0052 191 202 226 237 043 213 078 237
0053 203 209 243 239 097 074 139 124 050 221 076 239
0054 206 215 247 235 102 085 142 132
0055 104 082 146 132
