0000 141 197 195 239 043 198 098 239
0001 048 184 102 235 137 182 191 234
0002 129 170 189 217 055 170 107 217
0003 126 154 187 201 061 146 119 192 171 159 205 201
0004 120 144 177 194 065 133 117 176 168 154 204 199
0005 163 150 208 194 119 138 176 184 069 127 119 164
0006 163 140 203 195 062 120 120 162 119 127 168 177
0007 070 112 121 153 121 115 164 162 155 130 206 186
0008 063 108 125 147 119 106 165 153 148 125 203 181
0009 073 104 118 145 152 117 196 176 116 100 160 147
0010 073 099 121 145 116 098 158 139 150 118 195 177
0011 069 103 124 141 117 094 156 139 151 118 194 174
0012 075 099 123 143 118 095 156 141 151 117 195 177
0013 072 102 126 144 151 119 195 178 119 099 159 139
0014 073 100 121 145 155 117 196 179 118 098 158 139
0015 071 098 121 144 154 117 196 181 122 096 159 145
0016 153 116 196 181 068 102 125 143 121 097 159 145
0017 071 099 121 146 153 116 197 181 119 101 160 143
0018 072 099 121 145 153 116 196 178 116 097 160 142
0019 073 100 120 146 118 101 162 145 153 116 196 178
0020 073 099 120 146 118 102 162 144 153 117 196 181
0021 072 098 120 146 153 117 196 182 118 102 161 144
0022 073 098 120 142 149 120 195 174 117 102 161 144
0023 073 098 123 141 147 121 194 173 116 102 159 143
0024 072 099 122 146 147 121 194 173 118 101 159 144
0025 155 119 199 173 072 097 125 141 119 102 160 144
0026 074 098 122 142 150 122 194 180 119 102 160 143
0027 074 098 122 141 153 119 196 182 119 102 162 145
0028 075 098 126 143 153 121 195 182 118 102 161 145
0029 074 099 122 140 152 121 195 182 118 102 162 146
0030 118 103 164 145 075 101 122 147 154 125 199 180
0031 070 111 123 157 119 112 168 161 157 129 199 186
0032 125 135 186 186 067 132 120 185 178 144 206 195
0033 055 160 111 216 135 156 204 206
0034 149 173 202 228 040 181 095 235
0035 039 205 085 239 150 201 196 238 178 170 216 214
0036 151 203 193 239 042 204 085 237 173 173 217 210
0037 146 206 194 238 042 207 090 239
0038 141 208 194 239 038 208 089 239
0039 038 206 088 238 144 206 198 237
0040 038 205 088 238 144 206 199 237
0041 144 206 199 237 039 210 091 239
0042 144 205 195 238 036 205 085 237
0043 025 199 076 239 140 207 194 239 104 035 144 085
0044 009 193 058 233 136 206 195 239
0045 004 190 044 238 136 206 195 239 105 039 153 090
0046 000 190 037 237 137 206 195 239
0047 000 196 029 239 141 207 194 239
0048 000 198 026 239 138 205 195 239 173 177 209 217
0049 141 204 195 239 000 200 031 235 106 037 151 092
0050 140 205 195 239 000 204 024 239 108 037 151 099 174 175 208 221
0051 140 205 195 239 000 203 026 238 175 174 209 222
0052 141 205 195 239 000 203 026 238
0053 141 205 195 239 000 203 026 238
0054 141 205 195 239 000 204 026 237
