0006 117 194 185 239
0007 105 170 179 215 061 205 103 238 172 171 237 223
0008 110 155 167 208 057 165 107 220
0009 101 147 179 198 057 152 108 208 079 114 125 196
0010 109 141 177 192 056 148 108 204
0011 061 146 114 206 109 138 184 189
0012 101 146 182 195 065 152 128 211
0013 063 155 121 215 096 150 185 203
0014 065 156 119 215 104 152 175 206
0015 068 159 139 214 112 155 163 212
0016 108 161 160 225 077 145 126 215
0017 080 161 158 227 080 128 126 192
0018 085 165 158 223 077 131 125 200
0019 076 158 165 227
0020 105 158 180 211 063 156 116 214
0021 054 169 122 226 104 153 195 204
0022 058 158 116 226 114 153 190 200
0023 108 158 191 211 068 157 126 213
0024 112 156 183 214 077 152 121 218
0025 079 157 132 211 110 154 175 213
0026 081 158 135 213 112 157 173 216
0027 085 155 131 219 111 157 172 220
0028 084 166 156 220
0029 096 181 174 237 085 154 132 229
0030 090 174 135 235 105 197 172 236
0031 096 199 138 238
0033 192 203 233 235
0034 187 203 232 237
0035 180 200 226 239
0036 177 197 221 236
0037 176 196 222 236
