0010 061 196 099 236
0011 016 181 062 239
0012 009 162 055 209 044 147 098 190
0013 016 160 063 204 057 123 117 164
0014 052 118 107 154 014 154 068 201
0015 029 161 076 207
0016 027 158 080 204
0017 024 151 076 205
0018 021 157 079 214
0019 014 160 067 207
0020 015 160 072 216
0021 010 157 062 215
0022 015 156 064 209
0023 015 154 067 209
0024 021 161 071 210 013 121 057 169
0025 026 162 079 208
0026 017 159 072 213
0027 016 162 067 219 007 090 056 119
0028 018 165 070 224
0029 023 177 068 236
0030 013 168 064 231 024 080 083 119
0031 014 166 062 226 010 091 059 130
0032 012 161 067 220 009 096 055 140
0033 016 164 063 226 013 116 065 167
0034 014 153 058 228 016 124 094 167
0035 016 164 062 214 011 113 054 148
0036 013 154 064 201 032 100 085 143
0037 006 152 059 199 047 119 096 164
0038 051 152 101 196
0039 056 190 106 236
0040 078 189 136 233 057 205 115 239
0041 063 214 109 239 080 195 134 237
0042 060 217 111 239 089 194 138 236
0043 057 215 104 239 078 195 137 239
