0000 178 219 200 239
0001 084 224 105 239
0002 185 202 209 238
0003 182 146 214 180
0004 167 085 208 128
0005 165 053 200 112
0006 162 062 200 105
0007 161 073 192 109 083 222 104 239
0008 164 061 199 113
0009 171 066 206 122
0010 180 145 223 177
0011 182 169 226 215
0012 179 162 221 199
0013 177 146 214 178 078 218 105 239
0014 177 082 206 129
0015 170 048 203 105
0016 165 059 197 106
0017 158 064 197 109
0018 164 068 195 106
0019 167 063 195 107
0020 166 063 196 108
0021 165 072 198 117
0022 164 105 200 149
0023 176 173 203 208
0024 181 210 205 239
0027 082 224 104 239
