0002 195 200 224 232
0003 201 184 245 218
0004 190 161 246 189
0005 194 144 246 175
0006 201 137 249 164
0007 196 140 251 171
0008 192 154 246 182
0009 191 165 247 200
0010 193 166 247 197
0011 185 161 241 189
0012 186 155 248 184
0013 185 154 242 183
0014 187 167 238 197
0015 196 173 247 210
0016 196 169 242 199
0017 193 160 248 189
0018 186 167 241 196
0019 199 182 240 220
0020 198 184 239 219
0021 193 171 240 202
0022 188 169 242 198
0023 188 184 229 223
0024 198 199 237 239
0025 193 198 239 235
0026 193 202 235 235
0038 194 198 224 229
0039 194 178 236 211
0040 187 156 238 185
0041 189 145 243 176
0042 193 139 240 169
0043 197 127 241 158
0044 198 126 241 164
0045 197 135 241 166
0046 192 159 236 185
0047 196 168 250 195
0048 191 162 246 191
0049 193 154 249 183
0050 193 159 237 183
0051 192 171 240 202
0052 198 181 245 213
0053 200 171 244 202
0054 193 167 248 196
0055 191 171 243 200
0056 194 177 234 206
0057 192 185 236 229
0058 191 188 236 233
0059 191 183 238 231
0060 187 204 221 237
