0000 122 176 146 212 194 174 212 207
0001 120 180 143 214 198 168 220 206
0002 119 176 143 212 202 162 235 202
0003 118 181 139 211 212 152 239 187
0004 119 178 140 211 206 137 246 160
0005 117 176 139 212 208 108 255 141
0006 116 177 140 213 210 097 255 130
0007 118 177 138 209 210 095 252 131
0008 214 104 253 134 118 174 139 209
0009 117 178 140 213 216 116 249 144
0010 118 176 139 210 209 123 252 147
0011 118 178 139 211 211 133 255 157
0012 118 179 139 212 203 133 259 163
0013 118 179 139 212 203 136 260 164
0014 212 127 260 159 120 178 141 215
0015 119 176 141 212 205 124 257 153
0016 119 176 140 211 214 108 255 135
0017 119 175 141 213 214 098 256 134
0018 120 179 142 215 217 094 257 127
0019 121 178 144 214 214 103 257 137
0020 120 179 139 211 208 116 262 146
0021 120 179 139 212 212 126 256 151
0022 118 176 141 211 218 136 260 159
0023 121 175 144 210 214 139 257 164
0024 119 178 141 212 202 135 259 165
0025 119 180 142 213 213 137 255 163
0026 120 179 139 211 207 133 260 162
0027 120 180 142 211 205 138 261 167
0028 120 179 142 210 214 139 259 165
0029 120 178 140 210 216 142 260 168
0030 119 177 141 211 215 141 259 170
0031 121 176 142 210 214 144 251 185
0032 121 177 143 210 214 160 242 196
0033 121 177 142 213 208 164 244 202
0034 121 175 142 210 205 171 228 210
0035 120 176 141 211 198 170 221 212
0036 119 179 139 211 195 174 217 211
0037 120 182 142 212 195 179 213 213
0038 122 182 140 212 192 178 212 210
0039 195 174 215 210 118 180 140 213
0040 118 181 139 212 195 175 215 213
