0000 088 175 111 215 183 187 206 230
0001 089 183 109 213 186 191 209 226
0002 087 181 110 216 183 186 209 230
0003 184 187 208 226 086 183 109 218
0004 182 189 206 227 080 176 111 217
0005 183 188 207 226 085 182 110 219
0006 087 181 112 219 183 185 206 223
0007 184 186 208 223 086 182 110 219
0008 085 181 109 218 184 189 209 223
0009 087 182 110 215 184 187 207 226
0010 085 182 108 217 191 188 216 224
0011 089 184 110 217 196 181 225 219
0012 086 182 110 217 202 152 238 183
0013 085 180 110 216 201 128 242 156
0014 085 180 108 213 210 102 251 137
0015 210 076 248 121 081 177 115 216
0016 206 076 249 120 086 182 109 217
0017 209 086 251 133 090 181 111 215
0018 085 181 109 218 214 112 253 143
0019 211 129 256 159 086 182 107 216
0020 220 158 262 182 086 180 111 217
0021 222 165 259 198 085 179 108 217
0022 217 170 255 204 085 181 108 217
0023 218 176 255 206 088 182 110 218
0024 217 171 258 204 085 181 109 217
0025 221 169 261 201 087 179 107 211
0026 215 146 254 178 089 182 112 216
0027 085 180 111 216 209 125 249 153
0028 086 183 109 217 207 105 253 142
0029 201 081 246 123 087 180 110 215
0030 200 069 236 116 085 180 110 216
0031 194 066 237 118 086 182 108 216
0032 202 079 238 127 086 183 110 216
0033 090 183 109 212 205 097 246 136
0034 086 183 109 217 205 125 248 152
0035 210 138 243 170 090 181 112 215
0036 087 183 107 214 214 166 252 196
0037 211 174 250 209 087 180 108 214
0038 210 174 251 213 087 177 109 212
0039 210 173 251 212 085 180 109 215
0040 211 173 251 212 085 181 108 216
0041 085 181 108 216 212 174 250 213
0042 218 176 251 211 086 181 108 216
0043 215 172 252 214 086 180 109 215
0044 085 179 108 212 207 175 242 220
0045 201 178 228 225 085 181 110 215
0046 187 183 220 224 084 180 111 216
0047 189 189 212 228 087 177 112 213
0048 182 193 206 226
0049 183 193 202 224 085 179 109 213
0050 091 183 112 215 183 193 206 230
