0000 215 224 242 239
0002 113 221 135 239
0004 107 220 131 239
0005 088 195 120 238 216 216 240 239
0006 061 150 113 178
0007 067 084 093 119
0008 073 041 101 088
0009 070 036 108 086
0010 075 035 105 088 224 223 244 239
0011 074 041 102 090 224 197 256 237
0012 073 037 102 085 218 129 258 169
0013 214 080 260 135 074 038 102 087
0014 212 069 261 128 072 034 102 091
0015 211 059 261 118 072 036 101 091
0016 212 058 262 116 072 035 101 089
0017 234 058 282 117 072 034 099 086
0018 064 037 100 084 262 099 304 153
0019 067 038 096 084 243 179 275 210
0020 069 037 099 088 187 189 232 213
0021 073 035 101 083 166 147 211 183
0022 072 036 101 091 167 106 207 152
0023 072 035 101 085 196 068 238 120
0024 215 062 264 119 064 036 102 087
0025 221 071 268 139 064 041 101 090
0026 225 076 266 139 069 040 097 091
0027 219 071 267 135 071 037 099 083
0028 224 073 264 133 068 040 099 092
0029 214 071 267 134 069 041 096 086
0030 217 078 265 136 062 042 100 093
0031 220 096 267 157 066 060 101 112
0032 059 099 094 147 227 160 264 191
0033 225 196 260 237 062 154 099 186
0034 084 213 114 239
0038 106 215 134 239
0039 110 222 130 239
0040 213 223 236 239
0041 214 222 236 239
