0013 076 220 102 239
0014 071 213 105 239
0015 069 204 103 239
0016 062 158 099 191
0017 066 086 111 138
0018 075 043 124 094
0019 084 018 133 068
0020 090 009 136 052
0021 087 006 139 049
0022 090 009 141 041
0023 092 007 144 041
0024 192 185 221 228 094 006 141 037
0025 182 139 224 175
0026 176 097 220 127 093 007 140 038
0027 177 070 228 100 096 006 140 036
0028 183 047 227 081 092 006 147 036
0029 185 042 235 082 096 009 139 040
0030 211 083 258 144 097 007 146 040
0031 098 011 140 040 218 147 262 205
0032 090 007 148 041 201 206 241 239
0033 185 219 225 239 090 011 145 041
0034 089 007 147 040 182 195 219 234
0035 090 006 146 041 183 173 219 207
0036 181 126 222 153 091 005 144 041
0037 177 096 219 128 090 005 143 040
0038 099 007 141 041 178 074 224 106
0039 184 057 232 093 096 005 138 045
0040 191 059 241 100 099 005 144 042
0041 214 102 262 160 093 007 143 042
0042 225 148 266 215 093 005 135 044
0043 088 009 133 059 220 198 251 237
0044 085 017 132 069 215 200 244 239
0045 076 055 126 106
0046 075 123 117 166
0047 073 192 101 229 197 210 220 239
0049 085 205 108 236
0050 081 202 109 238
