0000 090 209 126 237
0001 096 180 128 223 123 194 153 235
0002 090 171 132 212
0003 117 168 150 202 114 125 157 165 170 157 202 202
0004 111 120 156 155 108 153 155 185
0005 107 165 149 203 112 119 150 153
0006 108 123 141 161 107 163 149 198
0007 104 168 149 201 109 128 141 161
0008 103 122 142 158 105 159 145 192
0009 103 119 146 157 102 175 140 212
0010 106 111 146 148 101 180 138 213
0011 109 122 153 158
0012 098 114 132 149 113 157 153 193
0013 099 111 128 148 116 164 153 195
0014 096 137 159 176
0015 107 116 144 152 099 166 135 201
0016 107 122 146 157
0017 110 127 145 163 095 162 135 192
0018 101 130 138 165
0019 075 130 116 163 137 170 176 206
0020 160 163 197 199 063 128 101 162
0021 068 131 108 164 156 160 197 197
0022 068 134 107 169 149 167 192 204
0023 067 138 107 171 150 164 180 201
0024 150 173 181 209 067 147 105 181
0025 143 192 185 223 074 161 109 196
0026 141 192 182 231 076 166 111 207
0027 091 191 123 238 141 207 175 237
0028 098 194 127 239 133 205 166 237
0029 097 190 131 234 130 193 158 235
0030 105 191 134 238 126 189 161 237
0031 100 197 132 235 127 198 160 235
