0012 146 219 195 239
0013 138 190 190 236
0014 137 171 190 219 111 205 165 238
0015 129 167 200 214
0016 144 163 196 212 124 139 160 190
0017 126 108 172 160 144 167 196 213
0018 131 104 183 158 131 163 187 211
0019 140 115 197 169 140 147 188 191
0020 155 141 215 189 139 106 195 150
0021 164 148 215 193 151 093 201 137
0022 167 100 217 146 158 147 206 190
0023 183 133 228 183 151 120 191 169
0024 151 109 196 157 175 148 228 194
0025 158 157 212 199 155 103 203 154
0026 163 117 215 178
0027 162 148 224 198 143 112 201 155
0028 156 101 210 146 158 160 214 208
0029 170 117 224 163 156 153 199 197
0030 182 145 228 194 152 136 188 181
0031 168 164 221 209 152 121 198 162
0032 149 167 208 211 158 119 208 160
0033 160 128 215 179 144 167 191 197
0034 149 134 213 189
0035 151 132 207 194
0036 135 147 191 189 163 116 224 160
0037 110 143 170 188 181 114 232 158
0038 079 140 152 188 201 110 244 156
0039 050 152 128 200 211 110 257 157
0040 034 158 126 203 227 111 266 155
0041 020 162 099 209 238 116 272 160
0042 015 163 091 209 239 119 272 160
0043 016 161 094 208 238 114 268 156
0044 022 162 099 208 236 118 269 159
0045 028 171 110 220 231 123 265 165
0046 039 179 112 230 218 132 260 175
0047 191 177 239 224 058 216 131 239
0048 178 199 229 239
