0006 051 185 130 235
0007 077 142 143 213 125 166 204 221
0008 084 188 157 236 129 083 197 141
0009 139 074 222 145 124 077 168 154 083 150 147 208
0010 129 138 179 215 080 086 140 151 171 156 227 214
0011 116 147 186 204 070 090 149 164
0012 121 095 194 153 072 150 142 208
0013 158 101 242 166 143 199 184 236
0014 060 070 113 137 130 178 213 232
0015 066 130 164 194
0016 115 088 195 151 059 149 133 206
0017 003 122 081 183 169 092 267 170
0018 268 129 315 193
0021 273 141 314 197
0022 269 214 316 236
0025 135 219 178 239
0027 173 165 215 216
0029 175 168 218 216
0030 174 166 220 217
0031 169 165 215 216
0032 169 166 214 216
0033 169 165 217 215
