0001 124 208 159 238
0002 103 189 138 233 125 191 161 236 154 182 194 215
0003 129 170 168 210 106 169 137 210 160 175 199 209
0004 128 151 169 187 103 149 141 186 159 170 194 212
0005 131 143 167 177 106 145 134 172
0006 133 139 164 176 110 137 137 169
0007 132 134 164 169 109 136 139 167
0008 109 135 135 168 132 136 165 174 160 161 191 210
0009 130 141 164 177 108 142 137 170 161 164 191 209
0010 131 140 166 177 110 143 139 173 161 167 191 208
0011 108 153 139 194 135 152 165 194 162 175 189 210
0012 123 178 166 220 102 172 139 217 161 177 191 207
0013 129 201 167 236
