0000 181 197 227 238 123 211 165 239
0001 182 197 226 238 117 207 161 239
0002 182 197 226 238 118 208 161 239
0003 182 198 226 238 118 208 161 239
0004 182 198 227 237 118 208 161 239
0005 179 194 229 236 118 208 161 239
0006 187 195 227 231 119 208 162 239
0007 194 177 239 217 119 210 167 239
0008 119 209 162 239 211 143 259 189
0009 213 109 263 163 119 209 162 239
0010 213 082 264 139 120 208 161 239
0011 204 057 261 124 120 214 169 239
0012 197 051 245 130 121 211 168 239
0013 189 051 236 132 121 210 161 239
0014 122 213 161 239 172 055 237 134
0015 173 068 234 141 125 218 169 239
0016 125 218 169 239 164 072 230 142
0017 122 210 161 239 176 065 247 126
0018 125 216 162 239 170 073 219 158 189 070 249 128
0019 125 216 162 239 172 069 244 131
0020 125 216 162 239 171 069 243 132
0021 125 217 168 239 167 069 237 149
0022 125 218 169 239 167 069 237 149
0023 170 070 234 144 125 218 169 239
0024 171 075 237 140 123 210 160 239
0025 123 212 160 239 178 064 243 144
0026 123 211 161 239 191 082 249 146
0027 196 100 258 158 125 215 162 239
0028 206 113 254 176 125 215 162 239
0029 208 144 257 201 120 212 168 239
0030 201 166 246 213 121 213 169 239
0031 191 187 234 230 121 212 169 239
0032 186 200 231 237 120 210 164 239
0033 186 200 230 238 121 212 164 239
0034 186 202 230 239 120 212 164 239
0035 186 202 230 238 120 211 163 239
0036 185 200 231 239 118 209 161 239
