0009 154 202 201 239
0010 164 196 219 239
0011 171 179 222 235
0012 157 183 211 239
0013 149 164 217 231
0014 152 137 208 211
0015 148 126 215 191
0016 162 102 218 162
0017 165 095 219 158
0018 164 086 212 154
0019 160 087 217 148 182 080 263 126
0020 157 087 210 152 042 216 081 239
0021 153 086 206 150
0022 159 087 208 150
0023 156 084 216 146
0024 158 082 211 146
0025 157 082 209 144 036 214 084 239
0026 157 082 206 146 033 210 082 239
0027 160 087 208 151 036 217 084 239
0028 160 092 218 153
0029 161 101 213 166
0030 155 114 212 203
0031 157 153 206 232
0032 155 184 202 239
