0000 124 200 163 235 082 161 123 194
0001 134 190 165 216 079 164 124 196
0002 134 169 163 200 079 163 122 196
0003 127 152 169 190 076 162 119 200
0004 082 163 120 198 137 129 167 171
0005 080 160 121 198 136 086 170 131
0006 150 046 170 095 080 162 122 198
0007 148 052 167 089 080 163 121 198
0008 080 160 121 198
0009 079 160 122 199 145 067 166 093
0010 080 161 121 199 146 070 166 093
0011 080 162 121 203
0012 080 159 123 201
0013 081 160 125 200
0014 145 071 166 093 080 159 125 200
0015 080 160 123 202
0016 148 068 167 095 074 162 130 204
0017 139 069 166 115 079 159 123 202
0018 078 157 121 200 122 114 161 158
0019 126 160 162 197 079 162 118 204
0020 119 190 154 232 079 158 120 202
0021 123 206 153 239 081 157 122 203
0022 120 200 157 238 078 160 124 199
0023 120 202 160 237 078 160 119 198
0024 120 202 160 237 079 161 119 204
0025 121 201 160 237 078 159 119 198
0026 121 201 159 237 080 163 122 199
0027 121 201 159 237 081 163 123 198
0028 121 202 159 236 080 162 121 199
