0000 117 200 154 236 033 205 074 238
0001 123 198 157 239 033 205 074 238
0002 124 196 157 236 032 204 074 238
0003 124 190 159 236 040 200 071 237
0004 124 182 154 226 034 196 072 235
0005 122 169 153 208 036 196 067 234
0006 119 135 152 191 033 204 074 238
0007 118 105 148 170 033 204 074 239
0008 122 084 145 138 033 204 074 239
0009 118 074 150 134 033 205 074 239
0010 117 071 151 123 037 198 074 236
0011 122 076 152 128 037 198 074 236
0012 121 074 158 126 030 195 065 236
0013 123 073 157 122 030 195 065 236
0014 119 072 153 118 035 191 070 233
0015 118 072 155 120 037 192 071 233
0016 119 072 153 117 037 196 072 235
0017 118 073 155 121 036 192 071 233
0018 120 071 153 120 036 192 071 233
0019 120 072 154 119 036 192 071 233
0020 120 073 153 116 037 196 072 235
0021 119 072 158 119 037 196 072 235
0022 120 072 154 119 035 192 070 233
0023 122 073 157 120 035 192 070 233
0024 122 074 153 125 040 200 069 235
0025 118 075 155 130 040 200 069 236
0026 118 074 153 127 040 200 069 236
0027 121 080 152 132 040 200 069 236
0028 118 085 152 141 040 200 069 236
0029 117 102 159 153 034 195 072 235
0030 040 200 069 236 120 124 156 173
0031 116 157 159 196 035 197 072 235
0032 123 180 157 208 041 201 069 236
0033 120 188 154 228 036 197 065 234
0034 112 193 155 234 035 196 071 235
0035 113 200 155 236 036 197 065 234
0036 111 201 157 239 036 197 073 234
0037 109 204 156 239 036 198 073 234
0038 111 208 155 239 036 198 072 234
0039 113 206 154 239 035 197 073 234
0040 112 208 155 239 036 197 073 234
0041 111 208 155 239 035 197 073 234
0042 112 206 155 239 036 197 072 234
0043 112 209 152 236 036 198 072 234
0044 110 206 155 239 036 198 072 234
