0000 174 181 228 235
0001 178 183 225 234
0002 178 188 228 236
0003 179 190 228 237
0004 175 189 230 238
0005 179 200 226 239
0006 178 210 224 239
0007 171 218 223 239
0008 170 218 227 239
0009 170 205 225 239
0010 176 200 230 239
0011 178 189 229 238
0012 182 179 233 233
0013 171 164 226 219
0014 178 160 225 216
0015 179 165 225 218
0016 175 168 226 222
0017 175 168 226 224
0018 173 172 223 227
0019 174 168 227 225
0020 175 168 226 222
0021 171 171 223 222
0022 174 170 226 222
0023 172 168 224 225
0024 173 167 224 219
0025 176 167 227 221
0026 178 174 234 227
0027 179 185 231 235
0039 182 194 235 239
0040 178 145 223 200
0041 178 101 227 166
0042 173 060 228 128
0043 171 031 226 120
0044 170 021 225 103
0045 171 018 225 091
0046 169 010 226 093
0047 171 011 226 082
0048 171 008 227 085
0049 171 008 228 085
0050 169 006 225 083
0051 172 006 233 086
0052 173 010 231 091
0053 170 009 232 086
0054 175 007 232 089
0055 172 008 230 091
0056 175 007 229 091
0057 174 014 229 094
0058 176 007 228 092
0059 176 007 227 094
0060 173 014 230 093
0061 172 011 231 097
0062 172 008 228 092
0063 172 010 229 088
0064 175 008 227 089
0065 177 009 228 098
0066 173 009 232 097
0067 175 011 230 099
0068 178 012 225 095
0069 181 011 231 096
0070 176 012 230 096
0071 177 012 231 096
0072 182 008 236 095
0073 181 012 230 101
0074 181 019 228 103
0075 178 037 227 127
0076 178 108 228 173
0077 184 187 234 238
