0000 079 123 120 162
0001 079 122 120 162
0002 133 182 178 239 080 120 119 162
0003 140 135 183 199 079 120 119 162
0004 139 107 188 174 079 120 120 162
0005 139 080 190 152
0006 143 075 189 146
0007 146 053 193 127
0008 144 044 187 121 075 113 124 158
0009 144 042 188 119 074 112 124 159
0010 143 048 187 119 081 116 116 157
0011 144 045 188 118 081 116 116 157
0012 145 043 191 115 081 116 116 157
0013 148 038 191 121 079 109 121 153
0014 145 042 193 118 081 113 116 157
0015 145 037 191 116 081 115 116 157
0016 142 047 192 120 081 115 116 157
0017 138 059 188 128 081 115 116 157
0018 133 098 181 156 081 111 124 155
0019 135 137 179 183 080 114 117 158
0020 133 186 183 239
