0006 108 161 158 224
0007 126 098 176 178
0008 132 063 186 149
0009 135 042 189 130
0010 139 028 194 115
0011 145 016 196 106
0012 149 016 199 089
0013 153 013 201 088
0014 155 009 206 083
0015 157 010 208 085
0016 157 015 209 087
0017 155 008 203 090
0018 155 008 204 090
0019 153 016 205 089
0020 153 010 202 090
0021 152 011 201 091
0022 150 011 204 094
0023 151 007 200 096
0024 149 033 192 115
0025 141 063 187 124
0026 129 096 177 154
0027 118 137 162 188
0028 106 178 154 226
0029 095 221 143 239
