0000 039 208 083 239
0001 039 206 083 239
0002 039 210 085 239
0003 031 217 087 239
0005 019 217 053 239
0008 151 201 200 239 051 216 086 239
0009 164 160 215 208
0010 163 113 212 160
0011 168 068 216 135
0012 165 049 217 113
0013 166 031 220 105
0014 164 028 219 089 031 217 089 239
0015 169 021 221 087 032 219 089 239
0016 171 013 224 078
0017 170 011 224 078 050 217 087 239
0018 169 014 225 078
0019 170 007 220 078 035 215 085 239
0020 167 013 223 081
0021 170 011 220 081
0022 168 008 222 077
0023 169 007 221 077
0024 167 006 221 079
0025 169 008 220 076
0026 170 011 219 081
0027 165 011 222 077
0028 170 007 221 084
0029 168 013 221 086
0030 164 044 218 109
0031 163 092 215 138
0032 157 153 211 206 026 208 069 239
0033 028 201 077 239 144 205 194 239
0034 029 198 081 239
0035 036 200 083 239
0036 031 202 081 239
0037 034 202 082 239
0038 034 206 084 239
0039 038 202 083 239
0040 040 207 086 239
0041 037 209 086 239
0042 037 208 087 239
