0006 148 215 199 239
0007 144 203 196 239
0008 138 195 189 236
0009 136 188 188 230
0010 131 188 185 233
0011 129 192 181 235
0012 128 193 174 237
0013 126 194 174 238
0014 126 196 174 238
0015 126 194 174 238
0016 128 192 176 238
0017 133 192 182 236
0018 139 188 184 237
0019 148 182 193 234
0020 166 174 204 223
0021 179 155 217 208
0022 195 137 231 192
0023 203 106 250 175
0024 211 100 251 152
0025 217 086 280 134
0026 245 063 290 113 211 091 254 138
0027 258 043 298 094
0028 268 027 313 078
0029 274 022 315 068
0030 270 010 319 060
0031 272 008 319 054
0032 278 010 319 052
0033 277 010 318 051
0034 284 009 319 053
0035 284 011 319 048
0036 283 010 319 051
0037 280 013 319 052
0038 272 024 319 063
0039 265 038 315 075
0040 255 048 305 089
0041 246 073 298 116
0042 230 103 284 159
0043 224 129 278 181
0044 218 156 271 208
0045 209 189 260 237
0046 200 207 242 238
0047 195 218 236 239
