0006 039 178 084 211
0007 030 133 076 160
0008 045 088 074 124
0009 045 084 074 122
0010 050 080 075 112
0011 059 070 083 104
0012 075 041 099 085
0013 110 030 135 064
0014 125 038 167 072
0015 126 047 166 081
0016 124 037 158 075
0017 111 022 140 060
0018 071 030 094 072
0019 040 055 068 088
0020 027 082 059 117
0021 023 088 057 119
0022 021 089 059 116
0023 022 083 059 116
0024 023 082 053 114
0025 026 084 055 120
0026 024 087 062 124
0027 029 097 066 132
0028 031 140 073 170
0029 066 203 096 235
