0000 118 208 142 239 188 215 210 239
0001 112 205 143 238 188 216 211 239
0002 115 208 140 239 193 215 216 239
0003 112 208 137 239 194 216 217 236
0004 112 208 136 239 194 214 216 239
0005 110 209 132 239 190 214 214 239
0006 104 205 129 239 189 214 215 239
0007 088 203 115 239 188 216 214 239
0008 188 214 214 239 059 177 099 220
0009 028 151 076 183 188 215 214 239
0010 021 108 065 141 190 215 212 239
0011 057 066 091 109 183 217 213 238
0012 091 053 122 101 183 215 208 239
0013 126 069 176 104 182 215 207 238 105 095 145 132
0014 181 211 211 239 140 117 183 142
0015 127 135 171 170 185 213 209 238
0016 098 151 127 191 189 215 212 239
0017 195 217 216 239 051 155 090 184
0018 024 128 076 161 198 218 221 239
0019 018 092 067 128 200 215 222 239
0020 028 069 082 107 205 220 224 239
0021 068 034 111 083 196 214 225 238
0022 193 215 216 239 132 057 183 096
0023 188 214 213 239
0024 185 214 210 237 152 138 196 175
0025 186 215 210 239 131 175 170 212
0026 122 195 149 233 193 214 217 238
0027 109 202 133 239 197 216 220 239
0028 103 207 127 239 199 216 222 239
0029 101 207 127 239 201 220 225 239
