0000 130 175 177 239 059 166 105 225
0001 128 161 175 223 063 166 112 226
0002 126 155 178 209 061 163 111 219
0003 128 147 178 202 059 153 116 211
0004 127 137 172 187 055 145 110 198
0005 124 132 170 183 055 130 109 184
0006 126 122 173 175 058 122 113 178
0007 126 119 178 172 061 119 110 180
0008 060 118 114 180 126 114 173 171
0009 131 119 180 170 059 120 111 178
0010 058 112 107 179 128 117 184 170
0011 057 107 106 176 136 106 188 161
0012 058 108 107 175 131 105 184 163
0013 053 115 115 175 129 112 188 166
0014 135 115 189 167 056 116 102 178
0015 130 114 187 167 055 115 108 178
0016 137 112 189 164 055 119 106 181
0017 134 112 191 169 055 116 116 178
0018 139 109 189 169 054 118 103 178
0019 131 114 181 167 058 116 106 178
0020 138 113 186 169 056 134 122 180
0021 133 115 189 167 053 117 104 184
0022 130 111 182 166 052 138 122 186
0023 137 112 187 166 055 124 122 179
0024 138 113 187 166 054 123 122 179
0025 133 115 185 171 055 124 123 179
0026 132 112 182 169 057 118 106 185
0027 135 117 188 172 052 118 101 181
0028 132 120 185 173 052 129 121 184
0029 131 123 187 175 055 135 119 186
0030 132 121 183 176 058 135 116 189
0031 133 120 185 177 055 132 115 189
0032 131 119 187 177 054 128 112 185
0033 131 118 181 171 052 134 113 186
0034 132 118 181 171 055 141 119 185
0035 133 119 181 171 053 130 100 184
0036 131 121 183 175 056 135 116 187
0037 132 116 184 171 056 133 115 190
0038 131 118 184 172 055 134 117 190
0039 130 118 180 172 054 131 121 184
0040 132 118 184 171 061 130 119 187
0041 132 117 180 170 052 133 115 186
0042 131 120 183 173 055 134 121 183
0043 133 121 182 171 057 139 120 185
0044 131 122 180 173 062 134 120 186
0045 132 123 180 173 058 137 113 187
0046 132 121 181 173 057 136 113 187
0047 132 121 179 173 059 136 116 186
0048 131 119 181 173 059 137 117 186
0049 060 137 119 186 136 119 185 174
0050 061 137 120 187 131 119 180 173
0051 058 137 120 186 129 122 180 174
0052 127 121 183 171 062 137 119 187
0053 128 121 181 171 058 137 117 187
0054 128 123 180 172 057 136 119 186
0055 130 126 182 182 054 137 115 187
0056 057 147 113 192 130 135 182 186
0057 053 157 110 200 136 151 185 201
0058 059 163 101 212 137 161 183 212
0059 059 170 102 218 140 167 186 218
0060 147 175 187 230 053 170 096 213
0061 145 191 185 237 054 177 096 237
0062 049 195 087 239 145 191 185 237
0063 148 192 186 237 044 197 085 239
0064 046 201 086 239 142 197 188 239
0065 047 196 090 239 148 195 187 239
0066 150 196 187 239 046 205 086 239
0067 143 197 187 238 051 202 091 239
0068 143 197 188 239 044 199 087 239
0069 149 196 185 234 043 203 085 239
0070 144 197 186 239 044 200 088 239
0071 144 197 186 238 044 200 089 238
