0000 014 206 055 239
0001 015 202 052 239
0002 015 206 054 239
0003 007 197 057 239
0004 006 191 045 239
0005 005 193 037 238 106 216 150 239
0006 080 212 140 239 007 177 040 223
0007 100 166 160 227 009 155 057 209
0008 010 147 071 201 102 150 164 208
0009 020 143 081 198 110 136 165 200
0010 023 136 076 198 111 133 166 197
0011 028 134 072 198 112 130 161 196
0012 028 138 085 195 110 131 161 195
0013 099 138 156 199 027 141 076 196
0014 097 135 157 199 024 140 077 199
0015 106 136 162 200 025 141 076 199
0016 026 148 076 206 096 148 154 205
0017 029 154 077 209 103 154 154 210
0018 104 157 153 214 019 156 073 213
0019 023 162 077 211 103 158 155 220
0020 095 162 160 215 021 161 078 209
0021 015 165 074 211 097 166 156 217 083 166 128 200
0022 111 163 163 220 014 163 075 211
0023 110 162 162 225 019 159 078 212
0024 098 172 162 222 017 161 073 213
0025 017 161 072 211 109 166 160 223
0026 017 164 073 213 113 170 162 226
0027 095 173 158 223 017 165 073 214
0028 095 174 158 222 017 164 072 215
0029 018 167 078 214 095 174 159 223
0030 109 165 159 227 024 163 077 211
0031 024 163 078 211 112 170 162 227 089 172 133 206
0032 022 162 081 212 106 169 156 227
0033 107 163 155 225 013 163 073 213
0034 105 189 158 239 014 167 065 220
0035 008 179 051 233 105 198 163 239
0036 003 189 046 239 108 211 154 239
0037 113 213 164 239 009 195 052 237
0038 127 216 169 239
