0008 052 208 085 239
0009 052 211 086 238
0010 052 208 083 238
0011 056 219 091 239 123 221 163 239
0012 129 209 171 239 057 218 101 239
0013 122 199 172 239 049 201 100 239
0014 112 189 172 239 056 197 102 239
0015 042 170 092 234 120 169 171 232
0016 120 155 180 221 048 168 091 226
0017 125 146 183 221 045 161 095 220
0018 120 150 182 208 043 157 100 218
0019 046 158 104 217 127 141 181 210
0020 043 154 102 214 118 145 186 207
0021 046 156 101 217 119 146 182 207
0022 117 144 182 207 043 157 101 218
0023 117 143 180 205 044 152 099 219
0024 118 141 186 206 040 152 098 215
0025 122 139 182 202 047 151 097 217
0026 112 135 187 205 045 156 093 213
0027 044 157 093 216 117 143 182 210
0028 117 149 180 216 043 158 099 217
0029 042 154 093 212 117 149 179 210
0030 045 153 096 217 115 140 184 213
0031 042 153 095 217 117 141 186 213
0032 041 153 096 215 117 141 187 213
0033 041 158 096 214 115 147 185 212
0034 121 139 183 209 039 150 096 215
0035 044 158 093 214 112 142 189 212
0036 123 150 185 211 041 158 094 217
0037 041 171 096 225 132 177 183 230
0038 046 195 098 239 125 204 177 239
0039 045 214 087 239 135 221 188 239
