0000 188 210 227 239
0001 188 210 229 239
0002 187 203 231 236
0003 179 133 221 194
0004 168 079 204 143
0005 159 035 195 107
0006 150 015 183 098
0007 147 030 182 109
0008 143 095 169 161
0009 140 125 170 179
0010 142 118 175 172
0011 143 115 175 166
0012 126 117 176 169
0013 115 124 172 167
0014 099 141 170 180
0015 088 143 165 180
0016 120 142 176 179
0017 134 139 196 180
0018 127 136 182 185
0019 118 139 169 181
0020 124 142 180 190
0021 139 155 205 207
0022 165 168 215 226
0023 182 185 228 233
0024 181 200 227 239
0025 178 199 225 239
0026 179 202 225 239
0027 180 202 225 236
0028 181 201 225 239
0029 181 201 226 239
