0000 187 200 233 237
0001 190 202 233 239
0002 184 170 234 231
0003 177 120 213 173
0004 159 055 194 118
0005 149 030 183 106
0006 148 029 177 104
0007 143 063 171 119
0008 150 131 178 185
0009 144 126 182 181
0010 149 119 180 173
0011 144 120 181 180
0012 133 124 182 174
0013 125 132 180 179
0014 100 143 173 181
0015 098 140 176 176
0016 136 132 185 170
0017 143 131 203 171
0018 126 134 177 185
0019 106 136 169 175
0020 118 133 172 168
0021 125 132 177 169
0022 124 126 178 179
0023 126 138 185 196
0024 133 176 187 230
0025 143 211 188 237
