0000 221 204 259 239
0001 235 189 265 237
0002 243 167 283 221
0003 251 139 287 196
0004 245 133 289 186
0005 235 136 272 191
0006 220 143 265 202 111 225 131 239
0007 188 169 236 207 111 225 130 239
0008 177 161 216 196 111 216 130 239
0009 174 142 196 186 108 222 129 239
0010 175 124 215 169 107 221 128 239
0011 181 110 224 162 107 221 128 239
0012 203 098 255 144 109 216 129 239
0013 205 099 266 142 112 222 129 238
0014 210 101 261 144 109 216 129 239
0015 209 100 259 147 108 216 129 239
0016 205 100 232 140 111 219 132 239
0017 190 108 231 148 109 222 130 239 214 141 245 182
0018 208 135 260 178 109 224 130 239
0019 229 139 266 195
0020 228 145 261 199
0021 200 173 245 214 107 222 134 238 230 144 261 185
0022 176 177 224 215 108 222 129 239
0023 156 176 202 208 108 222 129 239
0024 109 220 130 239
0025 109 222 130 239 154 133 175 181
0026 160 117 196 165 107 220 128 239
0027 179 106 226 156 105 221 126 239
0028 194 106 247 152 107 217 127 237
0029 199 110 256 152 109 218 127 239
0030 199 107 255 149 107 217 128 239
0031 203 107 251 151 105 222 126 239
0032 194 104 233 165 108 217 126 239
0033 169 126 208 165 106 222 126 239
0034 160 160 208 201 108 221 126 239
0035 173 201 207 235 111 220 131 239
0036 111 220 132 239
0037 211 221 231 239
