0000 104 160 141 197 193 200 216 236
0001 103 162 132 198 193 199 216 236
0002 193 202 215 239 103 163 130 203
0003 193 205 215 235 104 169 131 215
0004 194 201 217 239 104 187 131 230
0005 100 199 126 234 191 203 216 239
0006 188 203 215 239 098 200 126 237
0007 179 197 213 235 098 201 124 238
0008 096 202 124 239 183 187 209 226
0009 096 201 124 237 181 169 210 213
0010 178 168 211 200 097 198 124 237
0011 176 162 210 196 097 197 124 235
0012 173 164 215 194 098 198 125 234
0013 172 163 209 193 100 197 127 236
0014 166 158 210 191 101 198 126 236
0015 100 200 126 235 168 156 209 187
0016 099 197 126 235 168 145 208 182
0017 170 135 203 181 099 196 125 234
0018 176 126 216 174 099 198 124 234
0019 183 118 234 161 091 193 124 233
0020 189 112 240 161 098 197 124 234
0021 199 110 256 155 091 193 124 234
0022 205 113 271 154 099 195 125 233 189 143 223 179
0023 208 111 276 153 095 190 130 233 194 134 234 174
0024 219 110 285 151 099 193 125 232
0025 233 109 288 151 097 199 124 229
0026 230 113 293 151 099 196 127 234
0027 234 110 294 149 098 192 123 229
0028 234 109 296 150 099 192 123 229
0029 241 111 299 150 097 192 124 232
0030 238 113 300 153 097 192 124 232
0031 242 114 298 156 102 196 126 231
0032 239 119 297 164 098 191 124 231
0033 237 132 296 174 102 196 126 233
0034 100 191 124 230 247 159 273 199 212 156 266 190
0035 227 182 256 232 099 196 126 233
0036 097 196 125 234 220 207 251 239
0037 098 196 125 233 209 215 241 237
0038 098 196 125 233
0039 098 196 125 233
0040 099 197 125 234 193 217 216 238
0041 101 197 127 233 189 214 212 239
0042 102 197 127 233 192 217 214 239
