0008 135 194 168 239
0011 236 199 301 239 215 193 262 235
0012 229 147 301 213
0013 226 130 304 189
0014 219 104 307 177
0015 216 090 307 170
0016 214 089 285 153
0017 206 078 240 150
0018 179 082 231 164
0019 173 087 233 163
0020 184 079 234 160
0021 208 080 252 151
0022 214 078 298 156
0023 220 078 303 155
0024 233 085 301 150 221 084 252 150
0025 218 084 302 164 215 085 245 147
0026 204 090 229 141 193 124 246 188
0027 167 097 233 188
0028 158 090 231 182
0029 164 091 227 189
0030 183 090 231 170
0031 204 103 271 171
0032 216 092 303 171
0033 226 089 300 172
0034 219 089 307 170
0035 236 096 303 170 216 091 251 167
0036 214 108 267 170
0037 189 127 242 195 203 118 233 148
0038 173 139 238 207
0039 172 148 241 210
0040 186 157 238 229
0041 192 166 238 237
0042 187 187 244 239
0043 190 200 229 239
0047 137 191 181 237
