0038 144 213 187 237
0039 160 182 209 234
0040 171 142 213 199
0041 169 118 227 178
0042 176 106 226 171
0043 173 098 231 162
0044 174 091 211 163
0045 155 093 204 160
0046 136 087 194 147
0047 132 084 186 138
0048 124 079 182 132
0049 120 073 179 134
0050 115 078 169 133
0051 122 074 166 130
0052 127 075 180 141
0053 123 082 185 145
0054 137 085 184 156
0055 148 096 217 151
0056 155 089 218 156
0057 154 088 217 153
0058 152 089 216 156
0059 153 090 220 155
0060 151 092 221 157
0061 168 093 210 162
0062 129 100 201 160
0063 134 098 193 160
0064 135 097 188 157
0065 132 097 190 157
0066 128 098 190 153
0067 133 095 194 158
0068 134 098 186 161
0069 152 093 192 164
0070 149 110 214 166
0071 146 107 215 166
0072 143 105 211 164
0073 144 109 215 167
0074 146 108 215 166
0075 146 107 217 167
0076 148 113 218 171
0077 156 118 199 179
0078 136 119 187 174
0079 127 126 183 172
0080 118 126 186 166
0081 121 127 187 174
0082 121 127 194 177
0083 124 131 192 178
0084 129 130 189 179
0085 127 132 190 181
0086 131 129 196 183
0087 139 139 191 203
0088 145 206 196 239
