0005 138 208 182 239
0006 160 164 206 221
0007 173 136 219 194
0008 181 121 230 183
0009 187 107 244 170
0010 189 103 262 169
0011 189 110 263 170
0012 178 103 266 173
0013 183 104 224 167
0014 161 100 211 171
0015 144 103 209 167
0016 148 096 213 178
0017 175 098 207 168
0018 187 110 268 175
0019 185 104 273 181
0020 181 105 270 178
0021 189 102 237 176
0022 153 113 213 180
0023 139 105 215 179
0024 170 106 212 182
0025 179 105 267 186
0026 181 111 261 172
0027 176 101 263 182
0028 187 105 231 174
0029 151 101 212 184
0030 155 101 204 181
0031 172 108 235 186
0032 178 110 249 191
0033 174 122 241 196
0034 139 141 199 224
0035 126 179 179 236
0036 112 213 154 239
