0005 135 206 189 236
0006 173 124 221 187
0007 200 098 248 166
0008 183 105 262 159 162 144 209 193
0009 137 092 179 144
0010 074 084 144 141
0011 066 083 138 141
0012 071 087 154 143
0013 166 133 218 169 159 082 203 117
0014 251 095 309 154 223 088 266 160
0015 220 085 304 162 046 208 077 239
0016 185 094 235 150
0017 104 094 181 150
0018 070 079 140 134
0019 077 068 137 123
0020 084 074 143 136
0021 164 116 227 167 167 087 220 129
0022 253 087 302 152 224 090 266 155
0023 227 085 300 147
0024 240 088 286 147 208 089 256 150
0025 160 100 216 162
0026 052 082 132 145
0027 051 077 109 127
0028 075 077 123 124
0029 079 083 161 142
0030 224 100 307 155
0031 241 078 314 155 045 210 076 239
0032 265 089 313 150 043 208 082 238
0033 231 095 310 158 044 208 081 238
0034 164 121 217 175
0035 075 096 153 154
0036 068 082 140 140
0037 071 084 141 139
0038 160 107 236 159
0039 205 073 281 133
0040 225 055 282 126
0041 221 061 283 130
0042 184 094 251 150
0043 075 095 156 147
0044 057 088 133 142
0045 067 078 116 138
0046 075 094 163 166 143 137 189 185
0047 181 097 259 155
0048 213 074 287 134
0049 213 064 284 144 046 209 080 236
0050 210 082 281 147
0051 171 113 223 170 178 087 236 135
0052 083 100 154 156
0053 062 108 132 157
0054 055 126 109 176
0055 057 141 118 197
0056 072 165 136 223 131 168 203 217
0057 084 183 151 238 163 175 203 226
0058 168 182 209 231 111 208 171 239 047 210 083 239
0059 042 210 081 237
0060 046 208 080 236
0061 046 209 076 239
0063 048 208 078 239
