0000 163 145 206 199 069 154 115 202
0001 163 145 206 199 066 158 114 205
0002 163 145 206 199 066 158 114 205
0003 163 145 206 199 066 158 114 205
0004 163 144 206 198 065 158 114 205
0005 163 144 206 198 065 158 114 205
0006 163 144 206 198 065 158 114 205
0007 161 144 206 199 065 158 114 204
0008 157 139 201 192 065 158 114 204 197 128 233 161
0009 069 157 117 205 121 111 195 153
0010 069 157 116 205 115 092 193 133
0011 136 086 194 133 070 155 116 205
0012 070 155 116 205 160 084 214 125
0013 070 155 116 205 159 085 209 126
0014 070 155 116 205 141 084 199 129
0015 070 155 116 205 122 078 199 120
0016 071 155 116 205 123 078 200 123
0017 071 156 116 204 152 077 206 126
0018 071 156 117 204 166 080 217 122
0019 071 156 117 204 153 081 205 124 185 104 228 152
0020 070 155 117 205 138 080 204 126
0021 070 155 117 205 128 080 204 124
0022 070 155 117 205 131 076 203 123
0023 152 075 203 127 066 158 114 205
0024 066 158 114 205 161 079 216 127
0025 168 077 225 122 066 158 114 205
0026 066 158 114 205 175 074 229 121
0027 066 158 113 205 172 073 225 123
0028 066 158 113 205 173 073 227 122
0029 174 075 224 121 066 158 113 205
0030 071 156 115 205 166 092 215 139
0031 071 156 115 205 165 109 214 152
0032 071 156 115 205 164 124 208 168 202 119 237 155
0033 066 158 114 204 161 139 206 191 199 121 236 159
0034 066 158 114 204 158 139 199 195 195 126 240 163
0035 157 147 202 201 069 156 112 202
0036 156 151 201 200 069 159 114 204
0037 069 158 114 205 157 148 202 201
0038 157 149 202 201 069 158 114 204
0039 069 158 114 205 160 152 202 207
0040 157 150 201 201 069 158 114 205
0041 157 150 201 201 069 158 114 205
0042 157 150 201 201 069 158 114 205
0043 157 150 201 201 069 158 114 205
0044 157 150 201 201 069 158 114 205
0045 157 150 201 201 069 159 114 205
