0004 120 220 170 239
0005 108 191 168 239
0006 102 148 174 193
0011 084 043 135 090
0012 086 048 138 092
0014 140 124 202 178
0015 166 120 238 176
0016 205 126 273 179 161 128 199 172
0017 232 130 302 179
0018 239 128 301 176
0019 222 124 293 171 172 131 202 172
0020 202 119 272 170 171 129 204 175
0021 165 114 231 164
0022 120 109 206 156 158 130 183 173
0023 158 137 180 174 090 109 170 150
0024 156 139 178 175
0025 085 043 136 087
0026 088 043 140 081
0028 154 140 175 173
0030 143 121 204 177
0031 167 124 241 178
0032 202 123 275 175
0033 237 130 305 175
0034 269 137 309 173
0035 269 137 309 174 240 124 283 170
0036 225 120 294 165
0037 200 110 272 160
0038 159 092 208 156
0040 156 138 178 169
0043 043 084 124 133
0047 154 119 215 189
0048 210 146 279 198
0049 249 154 312 206
0050 278 163 319 208
0051 276 170 319 210 162 134 205 172
0052 259 162 319 218
0053 245 177 294 230
0054 180 188 237 238 006 215 039 239 160 154 190 192
0055 007 207 042 239 139 199 196 236
0056 017 204 055 239 042 170 074 232
0057 022 207 058 237
0058 020 208 064 239
0059 021 207 069 237
0060 019 205 065 236
0061 021 209 069 239
0062 025 208 068 238
0063 021 206 065 237
0064 028 211 070 237
