0000 160 184 213 233
0001 117 158 197 195
0002 115 149 196 190
0003 133 152 212 191
0004 173 158 247 207
0005 210 163 301 216
0006 226 167 311 216
0007 220 159 306 210
0008 195 162 266 205
0009 149 150 220 190
0010 120 147 197 184
0011 111 146 197 181
0012 134 152 206 190
0013 158 155 223 204
0014 185 162 263 213
0015 192 167 272 218
0016 216 166 290 219
0017 216 167 294 215
0018 220 169 297 216
0019 218 169 297 216
0020 214 167 297 213
0021 214 165 289 219
0022 209 169 263 223
0023 211 173 264 223
0024 182 197 247 237
