0000 090 210 113 239 120 144 148 171
0001 088 209 113 239 114 140 151 171
0002 090 214 112 239 119 142 149 171
0003 087 211 112 239 114 140 151 171
0004 090 212 113 239 114 140 151 171
0005 086 210 110 238 118 143 149 172
0006 088 215 110 239 118 143 150 172
0007 086 210 110 239 119 143 149 171
0008 087 210 112 239 117 143 149 170
0009 117 143 147 170 086 211 112 239
0010 088 212 110 239 112 143 142 171
0011 089 214 110 239 115 140 150 169
0012 087 215 108 239 121 157 159 186
0013 084 208 107 239 193 196 224 235
0014 082 206 106 239 229 183 261 217
0015 079 206 104 239 233 174 265 204
0016 078 211 102 239 239 165 262 197
0017 078 212 100 239 235 175 261 206
0018 079 208 101 239 233 176 258 208
0019 079 207 102 236 230 183 252 211
0020 081 208 103 238 228 182 254 216
0021 082 208 104 237 224 181 255 217
0022 083 208 106 238 224 184 248 219
0023 083 210 107 239 220 183 242 218
0024 214 188 240 230 084 213 106 239
0025 082 211 103 238 210 189 234 225
