0000 035 209 083 236 017 186 056 221
0001 036 209 083 236 017 187 056 222
0002 035 209 083 236 017 187 056 222
0003 037 211 085 239 017 186 056 223
0004 036 210 082 239 018 184 062 218
0005 035 209 084 236 018 184 062 219
0006 034 212 081 235 018 184 062 219
0007 034 211 080 236 018 184 063 219
0008 034 209 080 235 016 186 059 222
0009 035 213 083 239 016 186 061 223 135 216 179 239
0010 128 203 176 239 035 211 080 236 016 184 061 217
0011 121 163 169 213 036 209 080 239 015 184 062 220
0012 108 118 168 169 035 208 082 239 019 186 063 220
0013 114 096 166 146 032 210 084 237 015 184 061 217
0014 119 082 162 131 036 208 080 239 015 183 061 218
0015 119 072 162 124 035 208 081 239 016 181 058 220
0016 123 068 160 114 036 210 081 239 018 182 063 217
0017 122 069 165 108 031 209 081 237 018 181 062 217
0018 124 067 167 107 036 213 082 239 018 181 062 215
0019 129 061 170 106 036 212 084 238 017 181 061 215
0020 031 213 085 238 150 033 190 103 018 181 061 214
0021 031 213 085 239 163 053 212 108 017 181 060 216
0022 035 212 079 236 159 058 213 110 018 182 062 217
0023 162 046 203 102 036 208 079 236 017 181 061 221
0024 148 057 191 106 033 211 078 239 018 185 063 217 099 018 142 068
0025 138 065 174 116 037 210 078 239
0026 130 070 168 117 036 210 079 239 016 183 063 217
0027 036 210 079 239 129 075 162 117 016 183 064 217
0028 126 074 160 113 037 209 078 239 020 181 058 216
0029 122 072 164 115 036 208 077 238
0030 127 073 160 112 036 208 078 238
0031 127 072 162 115 036 209 078 238
0032 127 070 163 107 036 209 078 239
0033 132 067 167 107 036 209 078 238
0034 139 038 182 101 036 209 077 239 021 179 063 218
0035 036 209 077 239 160 042 207 097
0036 171 048 221 100 034 210 080 239 019 185 062 218
0037 172 046 221 101 037 212 082 235 019 185 062 219
0038 169 048 219 101 038 211 080 237 015 185 059 220
0039 169 046 217 106 038 211 079 236 018 185 063 219
0040 171 048 205 104 036 210 080 239
0041 161 072 196 117 037 212 078 239 021 187 060 219
0042 031 213 086 238 146 094 186 144 020 188 061 220
0043 138 135 190 179 036 213 078 239
0044 134 181 192 233 037 212 079 239
0045 036 212 079 239 134 200 186 239
0046 032 213 080 237 130 216 175 239
0047 031 214 081 237 136 224 168 239
0048 036 212 080 237 136 224 168 239 015 184 060 217
0049 036 212 082 237 136 224 168 239 015 184 060 217
0050 036 213 081 237 136 224 168 239 015 185 062 217
0051 036 213 081 238 015 184 062 216 136 224 169 239
