0000 110 197 129 228 185 195 208 228
0001 111 198 130 229 186 195 205 224
0002 183 198 204 231 112 198 131 229
0003 186 194 206 228 112 195 132 228
0004 114 196 135 229 182 194 203 229
0005 117 195 136 225 183 194 204 229
0006 114 195 137 229 181 191 203 228
0007 117 195 138 228 181 191 204 231
0008 117 193 138 227 177 189 201 231
0009 118 189 137 223 182 185 205 225
0010 115 187 138 218 180 180 205 219
0011 114 178 138 211 179 167 203 210
0012 112 168 134 201 181 151 206 190
0013 106 160 132 193 182 137 207 176
0014 183 124 209 156 093 153 120 185
0015 189 108 221 144 072 146 097 177
0016 207 097 239 135 049 139 075 168
0017 238 092 266 131 031 130 060 155
0018 257 090 288 124 024 119 049 145
0019 282 082 315 104 013 107 041 133
0020 283 078 319 103 011 101 036 126
0021 284 080 319 104 008 105 035 131
0022 284 080 319 100 009 106 037 132
0023 285 080 319 099 009 105 038 130
0024 281 081 319 105 007 102 036 128
0025 286 083 319 105 008 103 033 125
0026 285 082 319 104 010 102 037 126
0027 281 088 319 115 010 106 036 133
0028 013 125 043 155 281 117 319 144
0029 270 148 302 178 018 144 052 173
0030 260 156 300 194 025 149 052 178
0031 260 153 298 191 027 152 054 180
0032 262 154 304 185 026 150 052 181
0033 024 150 051 179 262 147 303 183
0034 024 150 050 178 264 152 304 184
0035 026 150 055 179 265 153 300 189
0036 254 154 291 195 031 154 053 181
0037 247 158 272 202 034 157 063 188
0038 224 164 252 212 048 167 074 196
0039 207 176 233 218 066 175 089 203
0040 082 185 107 214 198 184 221 225
0041 190 189 214 228 093 191 111 219
0042 105 195 125 229 184 195 206 231
0043 112 202 132 234 186 197 206 231
0044 191 195 213 230 112 199 135 230
0045 113 200 134 233 187 196 212 235
