0000 088 210 139 239 168 215 211 239
0001 089 209 139 239 168 215 212 239
0002 088 209 140 239 166 215 212 239
0003 088 210 140 239 166 215 210 239
0004 088 210 140 239 165 213 211 239
0005 088 210 141 239 162 212 208 239
0006 160 179 218 234 087 210 141 239
0007 167 126 220 185 087 210 141 239
0008 177 073 227 135 087 210 141 239
0009 194 038 232 113 087 210 141 239
0010 087 210 141 239 187 035 230 112
0011 185 048 230 112 088 210 141 239
0012 185 039 227 113 088 209 139 239
0013 183 037 232 103 088 209 139 239
0014 184 045 230 114 088 209 139 239
0015 179 054 226 111 088 209 139 239
0016 170 071 211 138 088 209 139 239
0017 160 118 202 179 088 208 139 239
0018 155 176 205 229 088 208 138 239
0019 159 206 209 239 088 208 139 239
0020 088 209 140 239 158 210 209 239
