0004 176 217 210 238
0005 156 179 200 213 099 219 135 238 188 143 225 182
0006 149 149 197 181 125 204 162 235 183 147 229 186
0007 138 115 185 155 131 176 186 214
0008 135 107 190 148 141 157 195 192
0009 141 138 195 187
0010 134 129 189 162 141 174 186 209 185 133 220 171
0011 133 140 197 190 091 144 145 182
0012 136 163 192 206 133 117 177 154 178 137 222 179 089 147 127 189
0013 137 118 177 150 130 153 183 190 177 133 220 178
0014 131 131 186 164 137 161 182 198
0015 137 132 184 166
0016 139 124 180 160 125 164 186 203 087 151 126 192
0017 138 119 178 160 124 164 186 194
0018 126 149 186 179 146 179 193 218
0019 119 153 177 191 158 212 196 239
0020 113 179 159 215
0021 114 190 155 232
0022 110 204 143 237
0023 109 210 137 236
