0000 089 195 114 235
0001 089 197 112 234 180 185 205 235
0002 088 197 114 234 182 185 212 233
0003 090 197 115 234 180 188 220 231
0004 089 197 115 235 183 185 212 234
0005 091 199 115 235 178 184 217 231
0006 091 199 115 235
0007 090 196 115 235
0008 092 201 118 237
0009 094 199 120 234
0010 094 191 130 227 171 168 204 226
0011 112 159 152 194 150 175 195 213
0012 127 134 162 165 142 174 183 213 169 143 206 184 088 140 131 172
0013 133 119 169 146 126 158 160 192 097 134 140 167 161 141 205 177
0014 126 130 173 165 101 136 129 163 171 132 207 163
0015 129 141 161 169 131 105 160 131 090 137 129 169
0016 089 133 135 167 127 126 166 155 139 092 177 125
0017 143 110 168 133 136 135 174 171 171 125 214 156
0018 140 102 167 129 141 127 210 161 138 137 169 167
0019 128 130 162 157 134 098 161 125 096 130 130 160
0020 137 106 177 145
0021 139 102 166 127 137 145 167 172 168 124 210 155
0022 134 107 167 136 134 125 175 162 101 118 138 153
0023 131 096 169 125 126 128 164 154 093 130 130 158
0024 095 124 140 157 135 098 170 141
0025 164 118 211 153 137 135 174 166 136 099 170 120 099 114 144 152
0026 128 104 169 147
0027 090 125 135 151 131 128 160 154 135 097 163 125 156 113 202 149
0028 141 111 167 136 125 139 163 173 165 124 199 157
0029 130 103 166 131 136 129 202 164 098 117 140 152 125 139 163 176
0030 125 112 170 152 099 122 142 156
0031 127 154 161 188 123 107 156 138 099 135 123 162
0032 130 151 163 180 128 109 159 145 093 139 131 168
0033 125 148 164 188 097 139 132 164 136 131 168 156 159 135 195 173
0034 137 125 170 154 129 169 153 199 158 142 201 179 104 135 140 165
0035 125 154 158 195 165 145 208 179 099 140 127 170
0036 112 178 152 221 175 150 202 182
0037 100 196 137 234 144 183 183 218 175 150 201 188
0038 092 200 124 237 154 190 191 223 172 146 208 188
0039 087 201 113 239
0040 081 195 105 231 182 184 213 232
0041 080 195 100 229 176 163 219 229
0042 079 195 104 232
0043 081 196 107 235 183 183 211 231
0044 083 196 106 235 182 189 205 230
0045 087 198 111 236
0046 087 201 113 231
0047 088 197 112 234 181 196 205 234
0048 088 201 112 231 180 189 202 233
0049 088 200 113 230 180 194 204 236
0050 087 197 113 235 182 193 204 233
0051 090 201 113 230 182 196 205 236
0052 089 197 115 234 184 192 209 232
0053 091 198 113 231 186 197 209 236
0054 093 199 113 230
0055 093 195 114 233
