0000 138 167 167 196 196 193 221 228 123 117 148 167
0001 137 169 168 198 199 191 222 228 123 115 149 167
0002 136 175 166 206 199 191 222 226
0003 200 191 222 226 135 184 162 219
0004 124 191 150 227 200 190 223 226
0005 120 192 142 228 201 190 224 227
0006 203 195 226 224 117 192 139 226
0007 201 191 225 226 119 190 139 227
0008 201 191 225 227 117 190 140 226
0009 200 190 223 227 120 191 140 225
0010 199 190 222 228 122 190 143 226
0011 200 191 223 227 122 191 147 227
0012 197 191 221 226 124 191 145 223
0013 195 189 221 225 125 190 151 224
0014 187 182 213 218 127 191 151 223
0015 130 190 158 221 175 172 211 212
0016 133 183 164 214 166 154 209 189
0017 142 163 174 191 162 126 206 158 123 112 148 158
0018 158 125 209 160 122 110 147 154
0019 158 141 197 173 125 121 169 157 163 113 189 144
0020 160 115 194 155 181 126 222 156 124 111 162 152
0021 154 131 185 159 118 109 157 152
0022 162 123 191 147 124 115 160 151 163 095 197 116
0023 162 111 202 141
0024 173 120 225 152 160 105 196 128
0025 155 122 195 150 166 096 191 120 124 117 157 148
0026 158 119 195 142
0027 167 105 196 131 161 125 201 150
0028 162 108 192 139 191 111 224 145 129 115 167 152
0029 151 124 191 155 159 096 194 124 118 108 156 150
0030 154 112 198 145
0031 166 129 199 163 120 113 161 153
0032 156 128 196 167 127 112 153 152 184 131 222 158
0033 148 149 188 175 125 105 151 149 153 128 192 157
0034 145 160 186 189 161 132 213 164 123 111 149 152
0035 148 160 179 187 124 109 146 154
0036 140 155 179 186 124 109 146 157
0037 140 161 179 192 176 169 213 204 126 115 150 161
0038 135 165 173 198 183 179 212 210 124 116 147 163
0039 136 173 167 205 185 182 220 215
0040 132 181 159 215 193 185 225 221
0041 127 188 151 222 207 193 229 225
0042 119 191 141 225 213 194 233 226
0043 208 195 232 228 118 192 139 225
0044 211 194 233 224 117 190 139 224
0045 118 191 140 223 207 190 231 225
0046 120 191 140 222 209 190 230 225
0047 206 195 228 224 120 190 140 222
0048 205 190 228 223 122 189 142 224
0049 205 190 228 223 121 189 140 222
0050 120 189 141 225 205 190 228 223
0051 121 190 142 224 206 190 228 223
0052 121 190 142 224 208 189 230 225
0053 121 189 142 223 208 189 230 224
0054 121 189 142 223 208 190 230 224
0055 121 189 143 225 208 190 229 224
