0000 121 188 142 220 202 190 225 219
0001 121 186 143 220 196 183 220 220
0002 186 172 217 212 125 187 146 214
0003 128 175 154 204 173 162 213 198
0004 170 158 211 194 136 157 165 185 124 111 147 164
0005 166 158 202 194 135 142 175 173 123 112 146 161
0006 138 144 172 175 154 133 215 166 128 114 151 157
0007 135 146 174 172 177 123 219 154 120 113 143 153 160 118 187 144
0008 154 113 196 143 137 139 179 167 122 110 148 158
0009 161 138 205 169 151 119 186 141 125 114 150 152
0010 157 126 220 159 125 115 151 155
0011 146 135 182 163 125 107 146 147 152 112 188 135
0012 161 117 195 148 124 110 153 145
0013 162 128 221 160 159 111 188 136 128 110 157 152
0014 152 119 199 157 126 109 153 147
0015 117 109 156 152 155 130 184 157 157 103 189 130
0016 159 118 198 147 120 110 157 147
0017 164 123 228 160 130 117 170 152
0018 153 116 198 154 123 110 152 146
0019 155 126 185 151 120 112 162 152
0020 162 128 222 156 160 110 195 131
0021 158 118 192 148 126 110 152 149 186 115 217 149
0022 120 112 160 154 150 121 188 151
0023 149 113 184 141 177 117 214 153 120 112 156 153
0024 149 120 195 154 185 120 216 155
0025 148 126 188 157 151 113 190 138
0026 148 120 185 153 174 126 219 158
0027 148 125 185 156 174 126 222 157
0028 154 115 180 139 155 138 185 167
0029 123 111 150 150 164 145 199 179 140 126 183 155
0030 139 149 170 178 170 153 210 192 124 114 146 158
0031 130 167 160 195 181 167 218 204
0032 125 170 155 205 185 171 218 209
0033 123 182 149 213 198 181 221 217
0034 122 185 144 221 204 187 226 224
0035 207 188 229 225 119 189 141 222
0036 121 188 141 221 205 194 225 225
0037 121 188 142 221 205 190 226 222
