0003 060 209 113 239 184 195 227 239
0004 052 173 094 233 189 156 226 216
0005 048 157 091 218 190 139 228 206
0006 049 154 094 214 189 134 228 198
0007 050 146 091 212 187 132 227 196
0008 054 140 099 205 184 125 223 190
0009 051 133 102 198 178 121 213 182
0010 164 105 212 166 059 121 108 182
0011 152 092 200 152 068 111 116 168
0012 147 086 195 148 085 103 120 164 028 172 057 207
0013 135 081 188 139 091 090 121 155
0014 132 079 186 137 090 089 126 156
0015 133 076 185 136 091 086 127 151
0016 132 075 184 136 091 086 127 155
0017 135 077 186 139 094 080 126 152
0018 134 078 187 139 089 091 124 156
0019 135 080 181 140 089 088 126 157
0020 134 079 181 140 090 096 123 155
0021 134 080 186 141 093 082 127 154
0022 136 081 186 141 093 094 126 157
0023 137 083 184 149 093 092 128 160
0024 140 106 190 165 090 117 135 176
0025 085 149 137 209 147 140 194 194
0026 085 169 136 230 151 154 191 209
0027 091 175 137 228 146 162 191 215
0028 096 176 137 235 143 164 185 216
0029 104 170 147 227 139 166 176 214
0030 109 165 149 225 138 160 170 217
0031 112 160 146 216 138 157 170 215
0032 111 147 148 212 138 150 168 207
0033 117 115 157 190
0034 120 099 154 176
0035 134 068 180 156 104 076 144 135 045 168 084 209
0036 160 061 233 134 064 081 112 127
0037 174 061 247 135 056 094 116 147 040 168 080 215
0038 174 062 244 135 051 092 115 144
0039 174 065 245 136 058 091 115 144
0040 174 066 245 132 057 090 116 145
0041 172 065 245 132 057 090 116 146
0042 171 063 242 139 052 091 118 144
0043 178 064 232 146 056 095 118 152
0044 174 082 214 167 074 103 124 181
0045 095 169 140 231 168 148 210 213
0046 161 213 205 239
