0000 106 209 130 239 190 193 212 232
0001 103 209 127 239 193 195 213 231
0002 104 203 125 236 192 198 215 234
0003 105 209 129 239 206 173 242 224
0004 105 209 130 239 202 135 236 170
0005 105 207 127 236 178 075 217 113
0006 103 209 126 238 156 062 201 093
0007 102 209 128 237 161 066 213 104
0008 105 208 126 235 162 067 210 104
0009 103 208 127 236 145 064 203 098
0010 105 204 127 236 146 063 202 098
0011 105 204 126 236 147 064 203 098
0012 102 207 126 236
0013 105 212 128 239
0014 103 209 127 237 148 061 206 098
0015 105 207 127 239 174 073 216 112
0016 103 209 126 238 204 143 238 186
0017 105 208 130 239 199 182 232 229
0018 105 204 126 235 195 196 215 235
0019 106 209 128 238 189 192 210 229
0020 105 210 127 236 190 198 214 234
0021 106 208 129 239 192 201 219 238
0022 106 209 128 235 190 195 218 236
0023 104 207 130 239 191 197 214 232
0024 103 207 128 236 183 197 213 235
0025 106 209 131 239 187 194 211 232
0026 102 208 127 239 188 196 212 234
