0000 076 207 098 239 169 214 195 239
0001 078 206 100 239 168 217 189 239
0002 077 204 101 238 170 214 192 239
0003 076 205 098 238 170 217 190 239
0004 076 206 098 235 172 214 194 239
0005 169 214 193 239 075 202 101 239
0006 170 202 197 237 078 208 098 239
0007 078 210 098 239 163 185 192 226
0008 149 159 189 193 077 207 099 239
0009 075 207 097 239 134 132 181 163
0010 074 206 096 236 128 106 175 135
0011 123 085 174 115 077 205 100 239
0012 121 076 176 106 079 209 099 239
0013 122 073 171 103 079 206 099 239
0014 123 071 172 102 077 205 100 239
0015 078 207 100 239 124 062 171 101
0016 078 208 099 239 127 064 174 101
0017 079 208 100 239 127 063 166 103
0018 078 207 098 239 129 067 173 098
0019 079 208 100 239 125 064 171 102
0020 078 207 098 238 126 060 167 102
0021 079 206 099 239 130 062 169 103
0022 079 208 099 239 128 063 172 102
0023 078 206 100 239 126 061 166 104
0024 080 207 100 239 128 065 172 102
0025 079 206 100 238 128 064 172 101
0026 078 206 098 236 128 066 165 099
0027 080 206 100 239 127 064 164 102
0028 080 209 099 239 125 084 167 109
0029 122 104 178 132 080 209 100 239
0030 138 132 179 169 078 207 098 236
0031 078 206 098 237 160 161 190 206
0032 173 185 203 235 079 208 099 239
0033 079 208 099 239 177 207 207 239
0034 078 207 099 239 178 208 205 239
0035 077 207 099 239 175 218 197 239
0036 077 208 099 239 174 222 193 239
0037 075 206 097 239 172 216 192 239
0038 074 205 096 238 171 219 192 239
0039 074 205 097 239
0040 077 208 099 239
