0000 146 191 170 229 049 196 074 236
0001 145 187 170 228 052 198 074 235
0002 134 171 172 218 050 194 075 233
0003 132 154 170 198 050 192 077 232
0004 048 193 079 237 127 131 169 166
0005 117 088 167 127 050 194 075 236
0006 104 064 159 100 051 194 076 234
0007 105 052 157 091 051 196 074 237
0008 100 046 154 081 048 192 080 234
0009 102 042 149 077 050 192 081 236
0010 054 198 075 232 103 041 147 072
0011 051 195 079 235 103 034 141 074
0012 050 191 075 233 105 040 142 076
0013 049 190 075 233 101 033 141 071
0014 051 194 077 236 101 037 144 079
0015 051 192 076 234 102 036 144 079
0016 052 193 076 233 099 034 149 073
0017 105 036 147 075 052 194 078 232
0018 054 196 077 231
0019 051 191 076 231 104 028 151 075
0020 049 193 078 233
0021 052 194 075 235 107 027 150 076
0022 053 195 074 235 106 038 149 077
0023 052 193 076 231 112 033 151 078
0024 053 195 077 235 101 036 146 070
0025 050 195 080 236
0026 051 195 081 239 108 029 150 072
0027 051 191 076 231 108 030 147 076
0028 051 191 076 231 108 032 149 077
0029 050 195 079 236 107 035 153 075
0030 052 194 077 234 108 033 148 073
0031 053 195 078 234 105 040 151 077
0032 046 195 080 235 108 039 151 074
0033 053 195 077 231 100 035 147 073
0034 048 188 082 237 111 035 152 072
0035 051 190 084 232 110 034 153 073
0036 051 191 082 235 105 033 157 073
0037 052 191 081 234 108 035 151 074
0038 054 195 077 233 111 027 146 072
0039 106 033 154 074 056 193 080 235
0040 100 051 149 089 051 193 081 234
0041 054 194 084 235 097 091 154 127
0042 053 196 082 237 120 157 155 200
0043 054 192 084 235 142 197 174 239
0044 049 192 076 234 151 192 175 229
0045 149 189 174 227 051 194 074 233
0046 052 194 075 229 144 187 175 231
