0000 100 209 124 239
0001 102 208 126 239
0002 103 209 127 239 186 201 205 227
0003 102 208 127 239 181 196 207 234
0004 103 204 126 235 194 194 219 235
0005 101 206 124 239 194 179 229 230
0006 103 205 127 236 195 155 231 204
0007 099 205 124 239 198 131 231 178
0008 103 205 127 236 190 123 229 164
0009 103 204 127 236 176 098 218 133
0010 103 205 125 237 159 080 206 115
0011 101 205 124 236 145 073 206 110
0012 100 208 124 239 145 065 189 099
0013 100 207 124 239 140 068 194 105
0014 099 208 123 239 146 071 187 104
0015 104 204 128 236 140 063 191 102
0016 101 209 129 239 138 068 193 106
0017 103 208 127 239 141 067 186 100
0018 100 207 123 239 143 070 186 101
0019 101 207 123 239 147 076 190 109
0020 102 205 125 238 165 094 205 128
0021 099 207 123 239 190 139 227 189
0022 104 207 127 235 195 170 222 218
0023 100 208 124 239 190 189 215 233
0024 101 206 124 239 184 202 205 236
0025 101 207 124 239
0026 101 207 124 239 184 199 209 237
0027 103 208 128 238 187 196 210 232
0028 103 208 129 235 187 197 209 233
0029 103 203 127 235 180 193 209 235
0030 099 206 124 238 180 194 209 235
0031 100 207 127 239 183 196 209 236
0032 100 204 124 236 182 192 207 234
0033 100 206 126 239 187 195 208 231
0034 105 207 128 238 185 198 205 234
0035 101 207 126 239 183 197 208 236
