0009 156 215 189 239
0010 176 193 216 236
0011 185 167 235 207
0012 195 135 250 181
0013 195 118 250 170
0014 196 097 252 147
0015 197 085 254 136
0016 198 078 259 130
0017 200 076 259 123
0018 200 078 264 126
0019 199 074 258 125
0020 203 074 260 123
0021 204 075 262 121
0022 206 073 255 123
0023 202 076 250 119
0024 201 074 258 120
0025 203 073 261 119
0026 199 072 259 122
0027 197 071 260 120
0028 200 071 260 120
0029 203 070 258 117
0030 203 069 260 118
0031 200 068 259 121
0032 202 073 263 121
0033 200 069 258 121
0034 202 069 255 121
0035 201 068 257 122
0036 202 070 256 120
0037 196 070 253 119
0038 186 078 235 133
0039 171 108 221 164
0040 166 131 211 182
0041 143 176 185 223
0042 132 209 173 239
