0008 057 219 098 239 179 216 234 239
0009 063 202 105 239 170 180 232 230
0010 153 131 214 167 093 174 124 220
0011 130 101 204 138 110 157 141 206
0012 105 140 147 213 112 087 170 114
0013 111 083 187 114 111 138 143 200
0014 103 077 183 107 114 116 153 183
0015 097 074 169 099 121 108 147 168
0016 116 106 146 179 092 073 169 099
0017 094 075 168 105 110 095 153 174
0018 092 074 166 103 110 101 149 179
0019 093 074 168 105 110 099 150 181
0020 095 074 166 105 112 093 150 180
0021 094 075 168 105 112 098 152 178
0022 094 074 168 105 110 099 155 170
0023 092 076 164 104 111 099 155 174
0024 094 074 165 104 116 103 150 171
0025 114 099 149 170 094 074 165 103
0026 095 074 170 105 111 101 155 172
0027 110 101 154 174 095 075 168 106
0028 111 103 149 178 094 073 170 104
0029 096 075 168 105 109 101 152 176
0030 093 075 167 105 102 095 151 189
0031 092 077 165 107 103 095 152 191
0032 095 079 159 107 124 107 150 152
0033 108 122 152 178 104 086 181 120
0034 136 121 199 161 086 180 137 227
0035 157 171 212 219 066 197 115 239
0036 164 199 216 239 059 210 105 239
