0000 019 203 070 239
0001 018 203 067 239
0002 015 204 073 239
0003 022 198 079 235 115 221 161 239
0004 024 185 079 239 102 200 148 239
0005 099 152 146 200 030 154 066 214
0006 096 116 145 167 039 127 072 194
0007 084 082 143 138 052 112 080 175
0008 079 076 141 128 043 102 072 184
0009 080 073 138 120 048 095 076 175 057 060 102 097
0010 073 068 140 109 050 085 077 154 059 061 108 096
0011 059 066 134 103 050 083 077 161
0012 056 075 132 109 050 092 075 159
0013 056 078 122 109 048 097 075 169
0014 056 078 126 110 041 103 082 176
0015 058 078 124 108 053 094 079 161
0016 057 078 127 108 050 096 077 171
0017 058 077 131 109 049 093 076 169
0018 057 076 128 109 049 096 076 171
0019 056 077 128 108 049 095 076 170
0020 056 078 129 108 050 095 076 169
0021 059 079 127 109 047 094 085 179
0022 058 078 126 108 050 096 076 169
0023 054 079 123 110 049 100 075 171
0024 060 082 136 118 050 099 074 170
0025 058 090 140 134 042 110 080 185
0026 078 118 139 167 041 119 070 191
0027 087 177 150 217 032 142 062 208
0028 105 213 155 239 025 164 066 205
0029 021 183 066 239
0030 018 199 061 239
0031 018 207 060 239
0032 014 207 060 239
