0006 104 168 170 238
0007 078 188 127 239 108 132 177 178
0008 095 142 137 227 087 099 181 140
0009 089 124 129 220 089 087 180 127
0011 086 053 150 181
0012 085 052 139 178 079 050 176 099
0013 084 045 142 165
0014 091 036 171 092
0019 057 042 158 087
0020 058 045 156 086
0021 057 043 156 086
0022 063 042 151 082
0024 062 043 161 089
0025 061 044 164 088
0027 061 045 160 087
0028 061 051 159 092
0029 061 054 155 095
0030 068 074 159 120
0031 073 098 156 142 108 134 155 176 065 107 118 226
0032 068 149 118 230 058 119 139 165
0033 056 151 120 234
0034 049 172 133 230
0035 053 201 123 237
