0002 054 164 079 211 127 175 153 210
0003 101 150 141 190 037 138 062 180
0004 085 118 132 148 031 093 069 130 214 154 274 197
0005 082 077 121 109 038 050 087 104
0006 047 025 100 070 095 053 125 101 210 155 283 197
0007 089 045 130 092 053 019 102 058
0008 087 041 126 091 056 020 110 057 211 149 275 194
0009 057 025 116 059 089 040 115 082
0010 088 044 115 087 064 024 116 055 212 154 282 197
0011 205 151 275 196 068 023 116 058 087 034 113 081
0012 066 020 121 059
0013 062 022 113 055 212 153 275 195 090 035 118 085
0014 059 023 114 057 203 150 263 189
0015 202 148 273 198 063 024 119 058
0016 058 025 115 059 214 157 283 198
0017 089 049 114 084 061 020 115 050 212 151 273 198
0018 060 024 115 056 089 046 114 083 206 152 273 193
0019 059 025 114 058
0020 058 022 109 056 089 046 114 084 201 147 272 188
0021 091 042 119 093 055 029 109 064
0022 050 044 103 083 082 066 122 106
0023 044 085 077 124 095 112 138 144
0024 037 128 064 174 124 151 152 187 214 157 284 200
0025 133 166 169 216
0026 148 178 171 220 210 150 282 193 046 163 068 208
0027 141 180 163 216 207 153 273 199
0028 209 156 284 201
0031 208 151 269 191
0032 212 157 284 196
0033 143 173 161 207
0034 150 148 171 186 072 166 094 207
0035 083 160 117 199 206 152 278 195 154 131 179 161
0036 090 155 127 192 155 121 192 151 211 153 283 197
0037 182 118 222 151 135 143 176 169
0038 104 077 141 140 198 130 240 155
0039 119 068 156 135
0040 132 064 172 137 193 131 241 162
0041 138 060 180 142
0042 146 063 187 136
0043 144 062 187 134
0044 148 063 189 140
0045 153 059 196 136
