0002 137 186 156 216 058 167 079 211
0003 039 149 068 199 124 179 150 220
0004 030 115 065 161 108 169 133 205
0005 032 075 072 108 083 130 141 163
0006 075 094 121 127 034 048 081 090 209 151 273 185
0007 044 025 100 060 082 065 116 109 210 149 276 196
0008 075 046 115 097 048 023 103 052
0009 080 039 110 087 056 018 108 043
0010 081 040 107 088 058 016 108 043
0011 077 040 112 088 059 020 107 044 204 151 258 184
0012 083 041 107 082 059 019 114 046
0013 083 040 108 081 061 021 107 045
0014 058 020 112 045 084 044 107 078
0015 062 022 111 044 079 034 115 083 204 157 285 195
0016 057 018 114 046 080 038 108 081
0017 060 019 118 044 081 038 106 080
0018 083 039 106 080 055 019 117 049
0019 085 043 108 078 058 019 116 044 203 147 268 190
0020 058 018 116 043 085 034 111 081
0021 086 040 110 082 062 019 116 043 202 147 260 187
0022 061 029 104 050 082 039 108 086
0023 080 052 114 095 050 036 102 066 207 153 266 191
0024 033 065 090 100 086 095 127 132
0025 028 096 064 141 109 141 144 174
0026 024 144 059 199 137 174 159 217
0027 139 172 163 212 045 158 065 201
0030 206 152 273 192
0031 215 145 282 232
