0000 050 149 101 202
0001 061 125 113 166 126 097 186 138
0002 118 072 180 102 079 103 131 144
0003 103 051 169 079 096 080 132 124
0004 115 041 170 077
0005 083 037 159 068
0006 078 035 150 066
0007 076 035 154 065
0008 077 035 154 066
0009 078 036 153 066
0010 075 037 152 066
0011 077 036 156 068
0012 071 038 152 067
0013 075 037 155 068
0014 076 037 150 067
0015 074 037 157 068
0016 075 037 156 068
0017 069 038 143 068
0018 071 038 141 068 123 040 204 081
0019 075 037 158 068
0020 102 036 176 070
0021 079 037 159 068
0022 098 063 127 119 079 037 160 068
0023 140 041 205 087 075 038 152 067 090 070 128 125
0024 078 037 157 068 089 047 141 141 124 040 183 079
0025 081 037 156 068 102 062 131 114
0026 078 038 154 069 103 063 132 120
0027 085 065 123 122 078 037 154 068 140 040 206 087
0028 080 038 157 067
0029 083 039 156 068 093 061 132 118
0031 109 063 157 096
0032 108 085 168 131 071 116 116 152
0033 060 132 106 189 129 106 182 157
0034 064 142 111 198 130 117 189 165
0035 065 142 110 198
0036 060 148 110 204 137 135 200 192
0037 063 143 110 203 137 137 202 191
0038 062 149 114 203 145 137 204 194
0039 057 142 106 198 147 138 201 193
0040 058 144 112 204 141 138 206 196
0041 057 149 106 200 147 139 209 194
0042 061 148 109 200 145 144 206 203
0043 058 148 107 203 144 141 203 203
0044 059 152 107 205 139 143 202 201
0045 059 151 108 205 140 139 205 199
0046 054 148 100 203 139 143 199 201
