0000 100 212 122 237 202 215 223 239
0001 104 214 126 239 201 218 225 239
0002 102 209 123 239 201 215 225 239
0003 104 204 126 235 195 213 221 239
0004 104 210 126 236 203 220 225 239
0005 104 204 126 235 199 222 226 239
0006 198 198 234 236 103 207 130 239
0007 103 207 130 239 198 155 233 192
0008 203 122 229 164 101 212 122 236
0009 200 079 226 123 104 212 126 238
0010 197 074 221 108 106 213 128 239
0011 106 210 130 239 194 062 228 106
0012 206 066 231 113 100 212 123 238
0013 206 067 230 111 105 211 128 239
0014 206 066 231 113 101 210 123 236
0015 197 066 229 110 101 212 123 237
0016 196 068 230 110 102 211 123 236
0017 202 068 228 116 107 209 131 239
0018 193 084 229 133 098 213 130 239
0019 104 212 130 239 194 151 224 188
0020 189 194 227 238 101 214 123 238
0021 108 211 129 239 200 216 225 239
0022 200 213 226 239 103 213 127 239
