0009 094 210 147 239
0010 088 193 140 235
0011 091 160 141 225
0012 093 136 141 195
0013 095 098 146 176
0014 096 094 145 162
0015 097 098 146 165
0016 096 093 142 165
0017 097 096 140 169
0018 095 097 136 173
0019 097 098 143 174
0020 100 097 143 173
0021 096 100 142 173
0022 098 107 142 175
0023 098 106 142 174
0024 096 110 144 175
0025 097 113 142 176
0026 095 102 147 178
0027 099 103 146 182
0028 095 110 147 176
0029 102 114 149 175
0030 101 105 145 179
0031 102 103 147 171
0032 102 104 143 172
0033 102 101 148 179
0034 104 100 149 179
0035 106 103 145 174
0036 103 107 143 174
0037 106 105 148 175
0038 111 104 148 172
0039 108 100 145 178
0040 104 108 148 178
0041 108 096 150 181
0042 106 114 152 183
0043 101 138 151 191
0044 090 179 139 234
0045 093 208 136 239
