0000 186 221 208 239
0001 183 220 207 239
0008 076 219 097 239
0011 071 213 095 239
0017 205 194 239 239
0018 209 163 253 205 068 219 092 239
0019 217 102 264 165
0020 227 048 269 108
0021 225 019 266 075
0022 221 008 257 054
0023 225 007 255 035
0025 215 006 248 032
0028 216 007 248 031
0029 216 006 248 032
0030 216 007 251 040
0031 215 007 250 041
0032 215 007 250 041
0033 216 007 258 036
0034 216 006 258 037
0035 220 007 253 048
0036 223 020 263 081
0037 220 094 268 153
0041 067 220 091 239
0043 072 207 099 239
0044 072 214 095 239
0045 074 209 094 236
0046 075 213 095 239
0047 074 209 094 237
0048 076 213 098 239
0049 076 217 094 239
0050 071 207 096 236
0051 071 207 096 236
