0000 111 180 133 219 190 174 212 210
0001 112 179 133 217 192 172 215 211
0002 112 179 133 217 194 169 216 204
0003 111 178 132 216 199 167 219 204
0004 111 179 131 216 203 143 235 181
0005 112 180 133 216 206 116 238 145
0006 111 181 132 216 214 074 238 115
0007 111 181 131 217 212 044 238 085
0008 111 179 132 216 207 035 230 069
0009 112 179 133 216 199 030 223 061
0010 111 182 133 217 195 030 221 057
0011 111 179 132 215 200 022 224 056
0012 112 182 130 212 202 020 227 057
0013 207 023 232 066 112 180 132 216
0014 111 181 133 218 207 025 231 066
0015 207 027 231 064 112 179 133 217
0016 111 179 131 216 207 027 229 064
0017 111 181 131 218 205 023 236 064
0018 110 182 130 218 206 025 230 064
0019 109 181 129 217 204 021 236 062
0020 109 180 129 215 206 026 229 063
0021 110 180 131 217 201 026 225 066
0022 111 181 131 218 197 047 223 082
0023 111 182 131 217 194 058 221 094
0024 109 179 130 216 186 073 219 115
0025 109 179 131 217
0026 109 180 130 216 193 125 225 156
0027 109 182 132 217 196 145 219 177
0028 112 179 133 217 194 163 215 194
0029 112 180 133 217 194 173 215 206
0030 113 182 133 218 190 171 213 210
0031 113 180 133 217 192 178 212 206
0032 190 172 212 211 112 182 133 217
0033 112 179 132 215 193 180 212 209
