0007 139 202 169 235
0008 151 193 177 238
0009 160 189 184 235
0010 167 187 190 235
0011 164 153 198 195 184 174 221 224
0012 174 149 210 192 200 173 237 210
0013 182 155 243 201
0014 184 152 240 197
0015 168 144 212 188 183 155 236 205
0016 169 144 201 193
0017 155 140 195 186
0018 134 140 193 184
0019 112 121 169 164
0020 113 112 165 153
0021 115 108 173 154
0022 114 108 170 154
0023 115 115 176 159
0024 117 120 179 169
0025 123 131 178 183
0026 131 134 183 183
0027 151 134 188 185
0028 157 143 205 184
0029 162 138 212 174
0030 160 137 212 173
0031 161 133 210 173
0032 159 131 209 175
0033 160 129 210 176
0034 162 133 213 176
0035 159 150 208 183
0036 149 131 187 189
0037 118 137 174 187
0038 110 128 165 168
0039 116 118 170 161
0040 121 116 177 158
0041 119 116 177 159
0042 123 119 179 161
0043 118 125 172 170
0044 116 144 176 197
0045 122 165 169 231
0046 122 195 163 238
0047 121 213 161 239
