0005 189 158 240 211
0006 191 120 236 175
0007 194 073 254 123
0008 207 066 257 104
0009 206 065 262 108
0010 199 064 247 124
0011 196 065 247 120
0012 201 063 246 120
0013 208 064 272 102
0014 207 075 250 145
0015 196 079 248 140
0016 205 076 250 137
0017 209 082 263 130
0018 202 089 247 153
0019 197 085 247 145
0020 208 078 254 133
0021 213 083 265 127
0022 199 090 248 151
0023 186 077 250 136
0024 206 076 248 133
0025 223 077 261 136
0026 196 092 251 153
0027 184 115 247 178
0028 183 122 246 190
0029 188 161 232 231
0030 188 201 234 239
