0000 122 189 141 217 192 183 210 212
0001 122 189 141 217 192 183 210 212
0002 122 189 141 217 192 183 210 212
0003 121 189 141 216 192 183 210 212
0004 119 189 139 218 191 182 208 211
0005 124 177 148 211 193 179 213 210
0006 143 136 170 164 193 179 213 210 123 195 141 221
0007 189 181 208 210
0008 190 180 208 210
0009 190 180 208 210 148 056 177 093
0010 193 181 211 209
0011 193 180 212 211
0012 194 180 214 210
0013 194 180 214 210
0014 193 180 214 211
0015 192 180 213 209
0016 192 180 214 209
0017 193 179 214 210 150 058 177 093
0018 193 179 212 209
0019 193 180 212 209 144 098 163 129
0020 128 155 152 188 193 180 212 211
0021 125 178 147 204 193 180 212 211
0022 118 190 138 221 193 180 212 210
0023 194 181 212 210 119 189 138 218
0024 192 181 211 210 120 188 141 219
0025 189 182 207 211 120 189 141 220
0026 190 183 207 211 120 189 141 220
0027 192 183 210 212 120 188 141 219
0028 192 181 211 211 123 186 144 218
