0000 083 205 102 235 169 210 196 239
0001 083 205 102 235 169 210 196 239
0002 083 205 102 235 169 210 196 239
0003 083 206 103 239 169 210 196 239
0004 084 206 103 239 168 213 192 237
0005 084 206 103 238 168 210 196 239
0006 084 207 104 239 168 210 196 239
0007 084 207 103 239 168 210 196 239
0008 084 207 103 239 171 212 193 236
0009 084 206 103 239 171 212 193 236
0010 084 206 103 239 171 212 193 236
0011 084 205 103 239 170 210 196 239
0012 083 205 103 239 167 205 194 239
0013 082 204 103 236 147 192 195 232
0014 082 204 102 239 154 176 189 208
0015 081 202 103 235 150 150 197 176
0016 081 201 102 235 149 114 177 153
0017 082 201 104 235 143 094 170 127
0018 083 202 103 236 139 087 175 125
0019 086 202 103 232 139 084 167 125
0020 082 200 103 235 138 081 166 122
0021 082 201 103 235 140 081 166 123
0022 081 201 103 237 139 079 166 123
0023 080 201 103 236 139 081 165 123
0024 080 201 104 233 141 087 165 124
0025 079 201 104 233 139 083 165 122
0026 079 202 105 234 140 089 175 123 156 108 190 162
0027 079 201 105 233 143 086 169 121
0028 082 201 102 235 143 087 168 123 156 109 191 162
0029 082 201 103 235 144 082 168 121 156 109 191 162
0030 082 203 103 236 144 082 167 121
0031 082 203 106 239 137 090 174 123
0032 084 202 105 238 139 101 175 142
0033 084 204 104 238 146 138 188 170
0034 084 205 104 239 154 156 197 192
0035 084 207 104 239 161 173 195 220
0036 084 206 105 239 172 195 199 231
0037 085 206 107 239 175 205 201 238
