0000 113 217 143 238 198 225 223 239
0001 115 215 140 239 198 225 223 239
0002 117 215 142 239 198 225 223 239
0003 120 211 148 236 199 224 223 239
0004 120 198 157 235 198 225 222 239
0005 118 183 162 222 199 222 222 239
0006 124 169 164 191 200 224 223 239
0007 128 128 165 164 199 222 224 239
0008 141 102 178 146 199 224 223 239
0009 140 095 180 138 194 225 221 239
0010 140 089 177 139 192 224 219 239
0011 137 088 175 137 192 223 220 239
0012 195 224 222 239 147 086 178 135
0013 145 090 177 138 196 222 220 239
0014 142 084 181 137 195 223 222 239
0015 143 083 180 136 197 224 221 239
0016 144 081 176 135 196 224 222 239
0017 144 081 176 134 197 219 222 239
0018 145 083 176 134 197 219 221 239
0019 142 085 175 134 195 222 222 239
0020 145 084 175 135 197 219 221 239
0021 144 083 175 134 198 217 222 239
0022 138 083 177 132 195 217 224 237
0023 144 082 176 135 198 217 223 239
0024 143 082 177 135 198 216 222 239
0025 143 082 177 135 198 216 222 239
0026 143 082 177 136 198 216 222 239
0027 143 081 177 136 198 218 222 239
0028 143 087 181 137 198 218 222 239
0029 143 091 179 138 198 219 222 239
0030 198 219 222 239 144 105 183 146
0031 138 134 177 169 198 224 221 239
0032 121 173 169 208 198 224 222 239
0033 125 186 163 233 198 220 223 239
0034 119 209 154 237 197 224 221 239
