0000 191 211 211 239 111 167 139 209
0001 105 170 135 209 191 212 210 239
0002 192 211 212 239 108 183 133 218
0003 193 211 213 239 103 185 131 228
0004 194 211 214 239 105 197 131 235
0005 098 204 126 239 193 209 214 239
0006 098 209 123 237 193 211 212 239
0007 190 209 211 239 096 209 119 236
0008 185 207 215 238 091 208 113 239
0009 188 204 210 239 092 208 116 237
0010 188 194 211 231 090 205 113 239
0011 192 179 214 219 093 207 119 236
0012 190 161 216 196 094 206 118 239
0013 190 147 217 179 093 206 120 235
0014 094 208 120 236 190 131 218 170
0015 197 124 224 161 093 207 119 236
0016 204 118 238 152 088 205 121 239
0017 092 206 116 239 208 109 241 149
0018 224 105 256 139 090 205 114 239
0019 230 098 270 136 089 203 114 239
0020 245 096 273 127 089 205 114 239
0021 235 092 274 126 089 205 113 239
0022 089 204 113 239 239 090 269 122
0023 090 205 114 239 237 086 267 119
0024 238 087 267 120 092 208 115 239
0025 239 087 267 121 092 204 115 239
0026 230 086 270 123 093 205 118 239
0027 237 087 267 122 091 205 117 239
0028 229 085 270 122 094 205 118 239
0029 237 085 267 120 094 205 118 239
0030 094 205 119 239 236 088 269 123
0031 094 205 119 239 237 089 269 125
0032 239 104 270 144 092 204 119 239
0033 093 203 119 236 226 130 271 168
0034 221 153 263 198 093 203 121 236
0035 093 203 119 236 201 149 233 187 228 189 263 233
0036 094 207 116 239 212 208 246 237
0037 212 215 235 237 091 204 118 235
0038 091 203 118 235 194 213 230 239
0039 093 205 117 239 195 220 220 239
0040 094 204 121 235 191 215 214 239
0041 095 203 119 239 191 216 214 239
0042 098 207 122 237 190 214 212 239
