0000 184 203 205 235 098 190 118 224
0001 184 203 206 235 099 192 119 228
0002 184 203 206 235 099 192 119 228
0003 184 203 206 235 098 191 119 228
0004 182 207 203 236 098 191 119 228
0005 184 203 206 235 098 192 119 228
0006 184 204 206 235 098 191 119 228
0007 183 204 206 239 098 191 119 228
0008 177 195 201 229 098 191 119 228
0009 160 172 195 203 098 191 119 227
0010 098 196 118 228 153 137 189 169
0011 098 193 118 229 156 111 182 136
0012 099 196 119 228 157 109 181 134
0013 145 113 186 146 098 193 118 228
0014 156 101 190 153 097 195 117 229
0015 155 100 194 144 097 194 117 229
0016 097 193 117 228 150 104 189 151
0017 097 194 117 228 151 102 187 154
0018 097 195 117 227 149 107 185 160
0019 096 197 117 228 148 105 191 155
0020 149 105 188 156 096 197 117 228
0021 097 196 117 227 149 105 193 153
0022 097 195 117 227 152 106 193 151
0023 151 107 194 149 098 196 118 227
0024 098 193 117 228 154 105 188 150
0025 155 106 185 151 097 193 117 228
0026 097 193 117 228 155 100 193 145
0027 151 103 191 148 098 193 117 228
0028 150 103 193 146 098 193 117 228
0029 098 193 117 228 152 100 192 145
0030 098 193 118 229 151 104 190 150
0031 156 110 191 159 098 197 119 228
0032 155 137 193 182 097 194 118 227
0033 157 172 197 209 098 195 117 225
0034 167 195 199 235 097 194 116 224 181 119 213 164
