0000 095 215 113 234 158 223 179 239
0001 093 219 114 239 158 223 179 239
0002 093 215 114 238 158 223 179 239
0003 093 215 114 238 158 223 179 239
0004 091 220 112 239 159 222 178 239
0005 154 215 173 239 095 216 113 235
0006 151 203 173 229 094 220 113 239
0007 144 186 167 214 095 215 113 235
0008 140 163 164 198 091 219 111 239
0009 087 220 107 239 128 139 150 169
0010 083 218 104 239 127 126 151 159
0011 082 215 101 236 119 109 143 141
0012 078 218 100 239 117 099 142 127
0013 118 093 146 130 080 216 100 236
0014 113 094 151 128 082 216 102 238
0015 116 098 143 132 083 219 101 238
0016 116 099 142 130 083 216 102 239
0017 114 099 146 129 084 219 104 239
0018 113 100 139 133 086 223 107 239
0019 113 100 139 134 087 219 105 239
0020 111 100 136 129 086 222 107 239
0021 108 104 132 132 086 217 110 239
0022 107 103 132 131 085 217 110 239
0023 110 103 135 131 083 220 107 239
0024 108 105 134 140 085 220 105 239
0025 108 108 134 142 084 221 105 239
0026 086 221 107 239 113 104 133 136
0027 086 220 107 239 116 107 150 132
0028 125 117 154 148 090 221 112 239
0029 124 143 148 170 094 217 113 235
0030 094 221 116 239 134 180 170 212
0031 143 203 179 238 096 219 117 239
0032 152 214 183 237 095 220 116 239
0033 094 219 115 239 161 215 182 239
0034 094 221 116 239 162 221 186 239 134 178 173 210
0035 162 216 186 239 094 221 115 239
0036 094 219 114 236 159 218 184 239
0037 092 219 115 239 156 223 178 239
0038 092 220 114 239 157 217 177 239
0039 094 219 114 239 156 218 177 239
0040 095 219 114 239 157 217 178 239
0041 094 220 114 239 156 221 181 239
0042 096 218 113 235 159 221 183 239
