0000 105 186 124 219 179 186 201 219
0001 105 185 128 220 179 184 202 218
0002 178 186 201 220 105 187 124 218
0003 104 185 126 220 185 188 205 222
0004 105 188 126 218 179 186 202 221
0005 105 185 128 220 180 190 201 218
0006 106 184 128 220 180 185 203 219
0007 106 183 128 220 180 187 202 221
0008 106 185 128 220 179 188 202 220
0009 106 187 128 221
0010 106 186 127 220
0011 106 184 127 219
0012 106 189 124 219
0013 103 185 124 218
0014 101 186 122 219 190 034 221 072
0015 103 181 126 217 203 029 227 085
0016 105 186 124 219 197 081 232 122
0017 194 108 224 143 105 183 126 217
0018 105 183 124 218 189 106 224 139
0019 105 181 128 217 188 109 225 142
0020 196 110 222 138 105 180 127 217
0021 100 183 122 219 196 113 229 143
0022 195 110 227 145 106 185 126 216
0023 195 112 229 144 102 186 123 217
0024 196 112 228 144 103 187 123 217
0025 103 186 122 216 188 110 224 141
0026 103 186 123 217 196 099 222 137
0027 104 183 125 217 184 082 209 121
0028 164 083 204 116 103 186 122 216
0029 104 185 123 218
0030 104 186 124 219
0031 103 187 123 220 159 129 186 156
0032 103 186 125 218
0033 102 185 124 218 159 159 188 187
0034 103 185 124 218 169 175 194 205
0035 105 187 125 220
0036 106 184 128 218 184 187 204 221
0037 107 185 127 217 191 187 213 219
0038 106 185 125 218 195 185 216 219
0039 103 186 122 220 196 185 216 217
0040 103 183 125 218 195 188 215 218
