0001 175 206 194 239
0002 180 197 200 236
0003 191 183 212 227
0004 198 175 220 212
0005 200 148 236 182
0006 205 124 236 155 103 195 124 231
0007 205 105 241 149
0008 210 120 251 164 183 107 225 151
0009 208 127 250 173 176 102 217 152
0010 206 136 248 183 175 100 221 154
0011 206 137 248 185 180 105 228 157
0012 207 140 251 188 174 109 221 156
0013 206 144 253 192 177 109 225 162
0014 212 144 252 189
0015 209 151 253 197
0016 211 146 252 195 179 109 227 164
0017 208 145 254 193 179 110 224 163
0018 212 146 249 195 179 108 225 163
0019 207 143 248 194 180 110 225 164
0020 212 145 249 193
0021 211 143 249 193
0022 212 144 248 192
0023 214 148 250 190
0024 208 142 251 193
0025 207 143 252 193 179 109 224 163
0026 212 145 247 193
0027 209 140 250 193 178 109 223 161
0028 212 145 248 192 179 111 225 163
0029 210 151 247 202 181 110 227 164
0030 208 167 247 213
0031 205 185 227 231
0032 191 202 215 239
0033 188 208 207 239
0034 171 205 197 238
