0003 081 207 121 238
0004 114 216 159 239
0007 148 216 204 239
0008 161 178 208 231
0009 164 141 213 204
0010 162 118 208 184
0011 165 094 217 181
0012 163 094 212 170
0013 163 088 207 168
0014 167 076 213 161
0015 159 088 222 150
0016 163 064 218 142
0017 156 071 216 134
0018 162 046 216 136
0019 163 039 221 128
0020 160 055 219 125
0021 160 064 228 129
0022 162 057 221 127
0023 164 042 225 126
0024 170 037 216 127
0025 165 031 226 127
0026 173 031 223 137
0027 167 047 227 132
0028 174 081 230 169
0029 165 194 225 237
0031 190 216 238 239
0032 192 216 239 239
0033 193 216 240 239
