0000 148 048 200 112 028 206 074 239
0001 150 038 202 110 020 203 070 239
0002 151 041 204 111 018 208 069 238
0003 148 041 203 105 010 217 048 239
0004 149 038 208 103
0005 153 039 205 106
0006 154 040 203 107
0007 153 033 211 104
0008 156 036 209 101
0009 160 037 218 093
0010 166 032 222 090
0011 167 026 223 089 039 221 081 239
0012 174 025 229 091
0013 177 022 228 085
0014 181 018 233 085
0015 180 015 235 083
0016 180 013 236 083
0017 180 015 238 084
0018 181 011 238 083
0019 179 019 238 082
0020 181 009 235 083
0021 183 010 235 083
0022 183 009 235 083
0023 183 011 238 082
0024 179 014 237 082
0025 180 015 238 082
0026 182 013 238 085
0027 181 012 238 084
0028 181 008 236 082
0029 181 012 237 083
0030 179 010 236 087
0031 177 011 236 087
0032 181 024 228 093
0033 165 043 218 107
0034 159 080 211 135
0035 154 117 202 170
0036 142 161 195 219
0037 132 196 192 237
0038 129 214 183 239
0039 025 201 071 239
0040 027 210 080 239
0041 028 204 078 239
0042 028 209 081 239
0043 031 208 074 239
0044 034 210 082 239
0045 036 208 083 239
