0000 138 214 164 239 076 210 101 239
0001 140 216 164 239 080 216 100 239
0002 140 215 164 239 078 214 097 236
0003 137 215 164 239 080 220 098 239
0004 138 219 164 237 080 215 100 239
0005 080 215 101 239 137 219 164 239
0006 080 218 101 239 142 218 171 239
0007 157 215 182 239
0008 164 158 201 203
0009 155 085 181 123
0010 122 030 152 074
0011 120 035 161 081
0012 132 028 159 070
0013 134 026 161 071
0014 158 096 186 146 079 217 100 239
0015 173 180 211 219
0016 181 182 220 217
0017 176 102 231 140
0018 195 045 226 087
0019 151 029 177 062 071 215 096 239
0020 142 035 167 068 073 221 095 239
0021 157 019 183 064
0022 179 066 213 114
0023 170 146 197 177
0024 177 197 202 236
0025 176 157 204 192
0026 178 075 203 115
0027 152 041 176 081
0028 143 070 169 100
0029 150 072 175 109
0030 166 065 189 110
0031 165 145 200 171
0032 165 194 190 235 074 221 094 239
0033 073 217 092 239 145 214 172 239
0034 074 215 093 239 139 211 165 239
0035 140 211 167 239 074 213 093 239
0036 072 215 094 239 141 210 166 237
