0000 108 208 127 235 179 190 201 229
0001 108 208 127 235 179 190 201 229
0002 108 208 127 235 178 190 200 229
0003 178 190 200 229 108 208 127 236
0004 176 187 201 228 104 206 127 238
0005 147 158 183 191 125 197 152 219
0006 115 132 146 157
0007 111 123 141 151 175 150 194 175
0008 141 142 175 171 138 120 179 144
0009 175 125 215 150 101 143 140 171
0010 173 123 221 152 107 147 142 176
0011 139 150 164 175 140 126 186 149
0012 163 139 193 167 116 120 150 148
0013 118 119 158 145 163 137 190 166
0014 124 149 163 172 152 123 198 152
0015 182 125 222 149 109 154 128 183
0016 119 148 150 177 157 126 200 149
0017 159 141 192 167 122 122 154 145
0018 167 138 195 164 123 120 152 144
0019 132 122 175 146 145 143 179 171
0020 097 149 135 180 179 125 221 151
0021 178 125 218 152 098 150 128 179
0022 122 150 156 176 147 122 188 147
0023 154 141 181 169 123 124 164 149
0024 141 144 173 170 135 122 181 148
0025 118 147 151 173 167 125 210 151
0026 186 132 218 157 097 149 124 181
0027 189 151 213 185 090 169 113 200
0028 093 190 117 227 187 182 208 211
0029 097 209 119 239 181 189 202 225
0030 101 206 125 238 182 194 201 224
0031 099 206 122 237 182 190 203 224
0032 101 207 125 236 184 191 203 226
0033 177 189 200 227 107 205 129 238
0034 179 195 198 223 105 208 129 239
0035 178 190 200 229 104 207 128 238
0036 178 192 200 228 103 207 126 237
0037 178 192 201 230 105 207 132 238
0038 178 192 201 229 104 209 128 236
0039 178 192 201 229 105 206 126 234
0040 178 193 200 231 103 205 131 236
0041 178 193 200 230 103 205 131 236
0042 178 192 200 228 108 203 130 234
0043 178 192 200 228 104 206 131 236
0044 106 207 129 238 178 192 200 228
0045 178 192 200 228 104 206 131 236
0046 106 207 130 238 178 192 200 228
0047 106 207 130 239 178 192 200 228
