0000 094 207 119 235 180 188 201 222
0001 084 198 116 236 192 178 215 214
0002 097 175 133 206 187 166 211 202
0003 129 154 172 183 148 132 181 163
0004 110 134 136 162 175 110 199 135
0005 117 132 147 156 177 112 201 138
0006 153 114 182 148
0007 125 119 161 147 173 125 205 150
0008 117 121 149 147 183 123 223 148
0009 132 117 160 144 160 127 195 155
0010 129 135 165 164 157 111 189 142
0011 117 140 144 162
0012 118 140 157 164 173 115 195 145
0013 141 124 185 158
0014 107 136 139 158 190 136 217 157
0015 195 132 223 158 092 141 120 169
0016 090 159 118 190 197 149 220 181
0017 189 168 214 204 095 180 120 211
0018 101 195 126 225 185 180 205 216
0019 107 203 130 237 178 188 201 228
0020 179 188 201 225 101 202 124 235
0021 102 208 122 238 181 190 201 228
