0000 076 208 099 239 172 217 196 239
0001 070 205 093 236 186 205 208 239
0002 208 195 232 233 055 195 080 232
0003 221 165 250 196 034 165 069 198
0004 027 125 063 158 222 123 262 156
0005 224 083 259 127 033 095 063 135
0006 212 048 241 091 041 057 070 105
0007 044 032 083 081 191 027 228 069
0008 174 017 215 058 059 017 092 067
0009 151 010 200 046 070 008 105 052
0010 150 011 189 048 082 006 115 046
0011 143 014 184 042
0012 138 012 179 037
0013 134 010 179 037
0014 136 011 181 038
0015 141 011 184 040 100 010 140 040
0016 134 010 176 036 103 010 144 039
0017 136 010 177 039 104 009 144 039
0018 141 011 178 038 106 008 145 036
0019 141 010 179 037 113 007 140 031
0020 139 014 178 042 114 010 141 034
0021 144 014 183 044 117 007 145 032
0022 140 011 180 039 111 011 151 034
0023 152 014 188 049
0024 152 028 193 065 099 014 138 047
0025 078 042 119 083 162 083 210 120
0026 175 142 214 178 071 079 108 126
0027 068 131 102 167 183 183 207 225
0028 183 201 203 236 067 154 103 190
0029 177 207 203 239 063 183 097 221
0030 068 201 090 236 179 208 207 239
0031 071 209 091 239 180 210 207 239
0032 072 204 096 239 184 210 204 238
0033 075 206 100 239 179 208 206 239
0034 175 212 198 238 077 207 100 238
0035 078 206 100 236 169 212 203 239
0036 078 203 100 238 172 219 198 239
0037 076 199 105 236 171 215 194 239
0038 080 207 101 238 168 215 193 239
