0010 096 197 150 239 160 208 201 239
0011 163 185 205 239 102 187 163 237
0012 125 168 174 220 168 158 204 211
0013 131 153 202 196
0014 135 138 213 185
0015 143 129 209 175
0016 147 126 211 173
0017 138 130 210 176
0018 146 127 210 175
0019 145 127 210 175
0020 145 127 213 174
0021 146 127 210 175
0022 146 127 210 175
0023 143 128 212 172
0024 144 128 210 175
0025 144 128 210 174
0026 144 128 209 174
0027 144 127 208 174
0028 137 131 205 176
0029 140 131 205 179
0030 130 153 199 196
0031 165 184 202 239 096 190 165 234
