0004 173 206 208 239 102 208 158 239
0005 136 176 166 222 180 170 230 229 152 162 198 190
0006 141 131 183 191 184 142 227 211
0007 147 119 183 170 184 114 225 171
0008 148 107 190 160 186 106 221 167
0009 185 103 223 168 150 104 191 159
0010 143 117 189 167 183 102 216 165
0011 179 100 218 159 144 121 186 171
0012 142 121 190 175 177 103 218 164
0013 178 103 218 161 146 120 182 174
0014 180 100 217 160 147 120 184 172
0015 179 098 217 162 147 119 183 170
0016 180 097 217 162 147 117 184 170
0017 181 100 216 160 142 118 187 171
0018 180 100 216 161 142 119 188 172
0019 141 124 187 174 179 105 218 164
0020 135 132 180 186 178 122 220 181
0021 124 179 156 231 139 157 178 189 178 168 225 228
0022 169 215 201 236 108 216 148 239 196 174 229 220 091 208 126 236
0023 187 203 224 237
0024 182 211 219 236
