0002 093 201 121 237 180 184 220 229
0003 168 153 210 193 087 179 127 215
0004 150 110 202 163 103 135 133 176
0005 132 072 169 133 122 094 153 151
0006 132 068 172 109 123 108 151 160 142 081 194 135
0007 134 062 182 110 122 095 154 158
0008 134 061 185 112
0009 135 062 183 110
0010 138 062 185 107
0011 139 062 182 107 121 096 158 155
0012 135 061 187 106
0013 133 061 184 109 124 087 161 156
0014 135 077 168 121 122 112 152 160 155 083 199 134
0015 117 096 153 156 164 100 206 156
0016 099 150 128 190 162 136 209 187
0017 101 191 135 236 173 190 216 232
0030 060 131 111 182
0031 061 131 115 185
0032 057 124 103 185
0033 056 119 103 191
0034 062 126 113 185
0035 058 124 109 189
0036 059 120 112 188
0037 064 122 112 189
0038 062 123 115 188
0039 059 117 118 187
0040 057 120 120 189
0041 055 122 117 190
0042 057 125 118 194
0043 054 125 120 195
0044 060 120 118 200
0045 057 123 118 199
0046 052 118 120 199
0047 054 116 118 205
0048 053 114 120 207
0049 051 112 121 208
0050 051 109 121 208
0051 058 098 128 212
0052 052 105 125 214
0059 162 053 200 117
