0000 067 200 105 239 121 199 169 236 150 171 198 210 103 074 133 108
0001 067 200 105 239 121 199 169 236 150 171 198 211
0002 067 200 105 239 122 199 169 236 150 172 197 211
0003 063 198 107 239 121 198 168 236 149 171 198 211
0004 067 200 105 239 118 200 170 237 156 173 196 211
0005 067 200 105 239 117 199 169 238 154 167 201 205
0006 067 200 105 239 118 199 170 238 154 169 198 206
0007 063 194 108 238 118 199 169 237 157 172 203 207 099 072 140 113
0008 122 201 168 239 066 200 104 239 152 168 199 209
0009 063 194 108 238 132 188 177 236
0010 063 198 108 239 146 175 195 228
0011 064 195 109 238 159 153 218 202
0012 063 195 109 238 183 129 224 178
0013 063 195 109 238 195 107 227 165
0014 063 195 109 238 186 093 239 148
0015 063 195 109 238 195 080 260 132
0016 063 195 108 238 208 068 267 117
0017 215 054 268 103 063 194 109 238
0018 063 194 109 238 215 050 265 099
0019 063 194 109 238 216 048 265 098
0020 063 194 109 238 212 046 265 096
0021 063 194 109 238 214 045 264 094
0022 063 198 108 239 214 050 263 100
0023 062 198 108 239 216 050 264 101
0024 062 194 109 238 212 053 266 100
0025 062 194 109 238 218 052 272 104
0026 062 194 109 238 209 051 273 097
0027 062 194 109 238 216 051 269 101
0028 063 194 109 238 217 053 270 105
0029 063 194 109 238 217 056 268 104
0030 063 194 109 238 214 054 264 107
0031 063 195 109 238 191 083 238 134
0032 062 195 109 238 175 127 223 183
0033 062 196 108 238 157 175 199 238
0034 056 193 106 234 142 198 180 239
0035 056 193 105 234 138 207 177 237 158 169 190 203
0036 062 195 108 239 141 211 177 238 164 165 197 207
0037 062 195 108 239 140 210 180 237
