0006 213 208 241 239 045 205 072 235
0007 215 190 243 230 033 194 060 224
0008 222 158 258 194 022 171 049 198
0009 228 142 265 178 015 156 044 182
0010 232 126 268 163 012 149 041 176
0011 231 118 268 151 009 142 044 169
0012 230 116 267 152 012 139 040 165
0013 222 122 263 158 012 138 042 164
0014 210 122 247 161 017 138 053 164
0015 192 130 224 167 028 137 065 168
0016 164 139 200 173 048 142 076 173
0017 139 147 172 182 060 141 097 178
0018 079 152 105 183 120 149 160 184
0019 107 156 152 186 087 157 112 187
0020 115 153 149 187 093 157 117 188
0021 115 153 146 188 092 157 117 189
0022 115 154 145 185 091 158 114 189
0023 116 159 151 195 088 159 114 194
0024 119 172 159 215 081 173 105 207
0025 138 200 179 239 077 198 101 235
0026 079 221 103 239
