0002 229 193 259 232 167 140 216 188
0003 251 164 286 196
0004 247 145 295 175
0005 242 141 296 173
0006 240 137 305 168
0007 259 120 309 152
0008 202 107 256 143
0009 150 101 200 144 042 115 097 163
0010 141 100 180 141 071 114 118 159
0011 077 109 123 155 133 102 169 144
0012 135 099 167 141 078 108 122 152
0013 128 101 171 138 080 106 124 150
0014 127 101 164 137 077 106 124 148
0015 126 097 165 139 077 106 124 147
0016 072 105 126 146 128 098 164 139
0017 072 112 117 159 143 104 183 150
0018 053 134 101 190 153 129 202 196
0019 031 200 077 239 174 208 209 236
0022 050 218 070 239
