0005 209 222 237 239
0006 212 210 249 239
0007 224 197 256 237 007 206 037 235
0008 222 180 261 218 000 185 028 216
0009 231 179 262 219 000 181 020 208
0010 225 171 267 209 000 171 022 202
0011 225 170 260 207 000 171 022 197
0012 211 175 242 208 000 170 025 195
0013 187 174 218 213 003 168 030 195
0014 156 172 197 210 018 162 053 195
0015 117 170 161 212 039 168 071 203
0016 052 168 079 205 111 171 147 212
0017 091 167 139 208 060 171 088 207
0018 089 166 136 207 064 171 091 208
0019 089 167 134 206 064 170 093 208
0020 087 168 136 207 065 171 094 208
0021 088 170 132 207 065 172 095 210
0022 090 171 131 208 064 173 096 209
0023 067 178 095 213 091 173 139 211
0024 110 196 155 239 067 194 095 230
0025 126 215 167 239 069 210 093 238
