0003 163 210 220 239
0004 169 152 205 226
0005 172 118 213 206
0006 166 076 222 181
0007 162 066 223 163
0008 164 063 219 153
0009 173 064 221 151
0010 160 060 221 156
0011 173 065 222 151
0012 173 066 223 154
0013 174 062 224 148
0014 166 056 226 157
0015 174 060 221 147
0016 174 062 220 148
0017 172 057 226 148
0018 173 054 222 144
0019 174 058 222 143
0020 171 061 224 139
0021 175 055 221 142
0022 174 054 222 142
0023 173 053 223 143
0024 173 053 223 143
0025 175 054 223 143
0026 174 060 222 146
0027 170 054 228 152
0028 166 058 224 163
0029 172 097 224 181
0030 168 156 209 215
