0001 146 218 178 236
0002 148 219 180 239
0003 147 214 184 239
0004 152 207 199 238
0005 162 212 209 238
0006 158 212 206 237
0007 154 208 206 236
0008 157 203 201 238
0009 154 187 204 234
0010 156 177 208 218
0011 156 157 213 199
0012 163 127 226 187
0013 173 125 237 178
0014 186 083 257 179
0015 195 089 266 160
0016 207 068 275 157
0017 206 066 272 157 215 061 239 106
0018 208 061 281 150
0019 207 064 276 156
0020 205 063 279 150
0021 210 060 273 158
0022 206 058 277 161
0023 206 067 274 168
0024 204 113 262 170
0025 195 179 241 226
0026 184 215 225 236
