0002 102 216 137 239
0003 109 137 163 188
0004 115 080 161 150
0005 116 042 160 119
0006 112 042 162 105
0007 118 044 163 113
0008 117 045 163 115
0009 113 042 166 109
0010 107 046 169 107
0011 112 043 167 109
0012 117 042 171 107
0013 116 043 172 110
0014 112 045 171 108
0015 109 046 172 107
0016 110 045 171 108
0017 113 047 176 109
0018 118 042 173 111
0019 118 042 186 104
0020 130 039 181 112
0021 131 041 186 106
0022 139 041 185 112
0023 135 036 186 108
0024 136 038 186 108
0025 141 043 188 112
0026 123 060 181 119
0027 107 120 166 164
0028 102 179 154 232
