0000 110 190 131 227 188 191 209 225
0001 110 190 132 226 188 191 209 224
0002 110 190 131 226 187 191 209 225
0003 109 190 131 226 187 191 210 227
0004 107 188 130 223 189 187 213 224
0005 105 176 127 212 200 173 222 217
0006 095 145 117 178 198 140 231 180
0007 093 107 133 152 194 107 231 153
0008 190 065 220 105 098 070 128 105 188 082 232 142
0009 180 054 214 091 110 058 136 088 189 076 231 123
0010 170 057 203 088 121 059 146 085 089 066 137 115
0011 089 068 140 116 159 063 213 099 121 057 158 092
0012 089 070 140 118 146 061 195 098
0013 090 072 141 115 179 077 225 118 132 056 180 096
0014 090 070 140 115 137 058 174 102 168 069 215 096
0015 090 069 140 114 136 059 174 101
0016 087 075 137 116 136 059 181 102 154 064 225 101
0017 089 072 137 114 137 060 181 102
0018 094 069 142 116 137 061 180 101
0019 089 072 137 116 166 069 222 103
0020 089 072 137 116 165 069 221 103
0021 089 072 137 116 168 069 222 103
0022 088 071 135 117 132 055 179 095 174 076 222 114
0023 088 070 135 117 132 055 179 094 174 076 222 114
0024 088 070 135 117 132 055 179 094 173 076 222 114
0025 089 069 136 118 131 055 179 094 174 077 222 114
0026 089 069 136 117 131 056 178 094 174 077 222 112
0027 089 072 138 118 135 057 176 098
0028 120 057 177 094 163 066 209 100 088 070 131 119
0029 172 054 211 093 115 057 140 086 183 080 224 127
0030 185 059 222 103 111 059 139 090 185 098 230 135
0031 195 083 228 142 091 076 131 134
0032 088 109 129 147 190 118 230 160
0033 203 154 226 195 087 145 112 179 188 116 221 156
0034 098 168 122 203
0035 102 181 126 216 191 186 215 225
0036 104 187 128 220 187 192 212 226
0037 106 188 127 223 187 191 209 226
0038 107 189 129 223 190 190 209 225
0039 108 188 129 224 187 188 210 224
0040 109 190 129 225 185 191 208 226
