0000 122 208 153 239 212 219 234 239
0001 117 207 142 239 211 219 235 239
0002 107 195 141 233 211 216 232 239
0003 095 174 131 209 209 217 234 239
0004 089 155 132 185 210 211 234 238
0005 094 137 134 167 208 216 236 239
0006 100 109 138 147 209 210 232 239
0007 105 091 142 126 208 216 236 239
0008 111 084 141 120 208 217 239 239
0009 114 074 150 109 209 216 236 239
0010 118 073 146 103 214 215 235 239
0011 118 066 155 101 209 219 237 239
0012 119 067 158 102 210 214 232 239
0013 119 068 157 102 213 219 234 239
0014 124 068 158 100 210 210 234 238
0015 120 069 156 100 208 216 237 239
0016 125 072 160 104 206 215 238 239
0017 119 063 157 101 208 218 235 239
0018 120 066 156 102 209 212 232 239
0019 124 071 161 104 210 215 233 239
0020 119 068 157 102 209 217 238 239
0021 119 068 156 102 207 215 236 239
0022 123 066 159 104 207 214 236 239
0023 122 059 159 101 209 210 233 239
0024 122 062 161 105 212 219 236 239
0025 120 066 154 101 208 211 231 239
0026 119 069 156 103 207 215 238 239
0027 119 069 156 102 214 217 235 239
0028 119 066 154 101 208 214 236 239
0029 124 059 160 101 207 215 237 239
0030 121 063 156 102 215 219 236 239
0031 121 068 154 100 214 217 236 239
0032 119 070 156 103 214 216 239 239
0033 119 070 157 104 214 216 239 239
0034 119 069 156 103 214 220 237 239
0035 123 066 159 104 212 217 235 239
0036 123 063 159 101 212 215 235 239
0037 118 067 154 101 212 216 237 239
0038 119 068 155 103 210 210 234 239
0039 119 069 156 103 214 220 236 239
0040 119 068 155 102 214 214 237 239
0041 119 069 156 104 210 212 234 239
0042 120 068 156 103 213 214 235 239
0043 124 065 158 100 215 219 236 239
0044 124 064 159 100 214 215 236 239
0045 120 069 155 100 213 216 238 239
0046 120 071 155 101 218 219 239 239
0047 119 069 156 103 213 214 236 239
0048 117 069 156 102 211 215 238 239
0049 119 069 155 103 215 220 236 239
0050 120 073 156 106 215 214 238 239
0051 119 077 155 113 208 218 236 239
0052 119 091 156 127 208 215 236 239
0053 215 214 234 239 119 115 147 157
0054 211 215 234 239 125 158 150 186
0055 129 181 153 218 211 217 232 239
0056 129 212 156 239 208 210 230 238
0057 124 213 149 239 209 214 230 239
0058 110 211 146 239 212 217 234 239
