0000 072 195 093 226
0001 071 195 092 230
0002 155 189 174 225 072 194 094 226
0003 069 195 092 230 167 169 201 213
0004 173 127 208 158 066 190 089 227
0005 064 198 087 233 175 084 199 120
0006 162 045 201 087 066 192 088 225
0007 065 189 089 228 159 036 195 078
0008 150 031 188 076 065 196 086 228
0009 149 035 188 075 062 191 087 234
0010 148 035 187 076 062 190 087 233
0011 147 036 185 076 062 194 084 225
0012 144 032 187 074 057 190 086 233
0013 142 035 183 073 059 192 091 234
0014 147 035 184 074 063 194 088 233
0015 063 195 087 236 147 034 185 076
0016 143 034 183 073 062 192 086 228
0017 144 034 184 073 059 189 091 236 148 175 165 203
0018 063 193 087 226 145 034 184 072
0019 061 192 091 234 145 033 185 069
0020 065 193 088 232 148 033 189 074
0021 149 033 188 072 067 192 088 225
0022 064 192 088 232 145 030 185 070
0023 152 034 183 072 067 186 091 232
0024 067 189 090 230 149 035 189 073
0025 063 192 087 234 152 042 189 076
0026 063 194 086 235 170 074 200 103
0027 064 193 088 233 182 135 211 184
0028 059 194 089 233 171 175 195 224
0029 153 192 176 230 070 195 090 229
0030 072 194 090 223
0031 071 195 090 225
