0000 181 200 212 239 113 167 136 197
0001 110 162 134 197 187 141 225 179
0002 112 161 137 194 190 067 228 099
0003 183 038 224 083 112 161 137 195
0004 112 164 136 196 178 036 216 077
0005 112 163 135 196 183 037 211 075
0006 112 163 135 195 174 038 210 074
0007 112 164 136 196 177 044 221 085
0008 112 164 137 195 178 041 221 082
0009 112 167 137 197 182 036 209 074
0010 175 034 208 070 111 167 133 191
0011 107 159 131 194 177 040 219 082
0012 106 164 129 192 177 043 218 086
0013 110 165 134 191 176 047 221 090
0014 110 163 133 196 182 043 211 082
0015 109 164 132 197 180 056 220 087
0016 111 165 135 195 198 108 235 152
0017 182 160 214 223 112 165 136 195
0018 110 165 132 198 170 211 205 239
