0000 188 202 210 237 088 209 115 237
0001 187 201 212 238 090 207 115 239
0002 189 203 209 235 088 208 116 238
0003 184 201 211 239 083 204 120 239
0004 189 204 209 236 088 213 119 239
0005 187 199 214 239 083 202 118 239
0006 191 189 223 229 084 202 119 239
0007 198 150 236 192 084 202 119 239
0008 210 120 245 157 084 201 118 239
0009 207 063 247 104 091 205 117 234
0010 088 206 115 239 199 045 238 089
0011 203 038 235 081 088 208 114 239
0012 196 034 235 076 089 210 116 239
0013 189 034 233 071 087 211 120 239
0014 192 029 235 068 092 210 120 239
0015 192 029 235 066 089 211 116 239
0016 191 029 234 066 092 211 119 239
0017 189 032 231 067 093 207 120 239
0018 190 029 231 063 090 209 118 237
0019 192 030 234 075 087 211 120 239
0020 091 209 120 239 195 040 240 075
0021 085 207 116 239 195 040 238 070
0022 092 208 118 236 196 041 237 076
0023 195 036 240 072 089 209 114 239
0024 092 213 117 239 193 034 235 069
0025 089 208 118 236 196 040 242 090
0026 092 212 117 239 194 042 239 087
0027 091 208 118 236 194 034 232 072
0028 091 208 118 236 200 037 237 073
0029 089 208 119 235
0030 089 207 113 239 206 044 238 075
0031 201 033 241 073 091 209 117 237
0032 091 209 117 237 194 040 236 080
0033 089 205 117 236 188 043 233 076
0034 086 206 118 239 187 041 230 075
0035 192 036 234 076 086 206 118 239
0036 195 042 234 075 086 208 114 238
0037 083 208 117 239 201 046 240 079
0038 083 208 117 239 198 042 240 082
0039 085 205 118 239 199 039 237 079
0040 195 039 233 075 090 208 113 239
0041 089 206 112 238 183 046 226 082
0042 091 208 117 237 188 041 227 077
0043 192 044 233 079 091 208 117 238
0044 195 043 231 081 092 212 119 238
0045 092 209 119 239 194 044 229 082
0046 193 046 231 085 092 209 119 239
0047 188 065 226 099 091 208 117 237
0048 091 208 118 235 186 090 218 128
0049 090 214 116 239 184 128 219 166
0050 089 209 115 239 183 161 218 197
0051 089 204 115 236 184 188 221 227
0052 089 206 115 238 186 189 210 230
0053 185 201 211 237 091 209 118 237
0054 187 204 210 237 092 208 118 236
