0003 065 217 108 238
0004 061 200 104 239 170 205 213 236
0005 069 184 117 235 158 216 205 239
0006 075 170 137 218 137 201 198 235
0007 112 162 173 207 071 174 114 216
0008 108 140 169 190
0009 110 122 166 167
0010 108 113 158 158
0011 101 109 148 153 140 112 175 155
0012 104 095 148 151 139 107 178 151
0013 097 092 144 144 139 102 182 150
0014 098 085 141 141 138 092 180 142
0015 095 087 145 137 140 088 180 140
0016 096 087 145 137 140 087 177 145
0017 100 081 142 136 137 090 179 147 096 141 133 193
0018 101 083 150 137 138 087 178 138 097 139 136 190
0019 103 078 145 138 138 090 175 147 099 142 135 193
0020 108 082 145 138 139 083 177 139 099 141 134 193
0021 104 082 144 139 137 085 179 137 098 141 135 194
0022 142 087 181 137 110 084 146 141
0023 105 084 145 139 140 084 181 139 098 143 135 197
0024 140 081 178 131 110 082 146 141
0025 108 082 146 143 137 080 177 133
0026 106 079 147 141 140 085 181 140 137 140 185 196
0027 104 083 145 138 140 084 180 137 096 138 132 198
0028 132 086 183 135 103 088 142 139 095 141 133 200
0029 139 086 182 139 104 083 144 139 095 143 132 200
0030 103 082 146 142 137 082 179 137
0031 102 085 147 140 137 086 180 136
0032 137 083 180 136 108 084 141 139
0033 110 084 148 137 136 085 180 131
0034 108 082 140 139 133 080 181 140
0035 107 081 144 143 135 081 179 138
0036 135 083 182 137 106 078 142 136
0037 098 084 147 141 135 081 181 140
0038 105 081 144 143 134 080 181 141 138 141 185 200
0039 103 086 143 142 139 090 181 142
0040 133 083 181 143 102 086 144 146 133 146 180 203
0041 135 087 182 142 103 086 143 144 096 150 134 198 133 146 179 202
0042 103 084 145 147 139 087 179 142 094 147 135 203
0043 137 089 178 145 102 082 144 145 097 148 134 197
0044 136 090 176 144 108 083 144 144 097 148 134 196
0045 105 079 144 143 134 094 173 146
0046 111 080 143 137 140 090 172 141
0047 133 093 169 147 103 099 148 146
0048 119 101 158 159
0049 112 132 158 181
0050 088 157 142 203 128 166 191 208
0051 075 190 119 236 139 194 195 235 166 189 215 225
0052 062 201 110 239 148 203 203 238
0053 168 204 209 236 051 206 083 235
0061 151 206 204 237
