0003 034 217 094 238
0004 038 212 096 235
0005 053 190 100 239
0006 060 176 111 229 128 223 176 239
0007 108 159 170 220 078 145 125 205
0008 107 128 169 185
0009 110 115 172 170
0010 121 096 175 150
0011 132 084 184 138
0012 139 068 188 129
0013 144 066 201 121
0014 142 068 196 128
0015 137 072 186 125
0016 136 077 185 129
0017 137 071 198 126
0018 146 067 195 126
0019 141 074 183 131
0020 133 077 193 130
0021 147 074 190 129
0022 142 083 191 134
0023 142 077 187 132
0024 142 076 185 127
0025 138 078 184 130
0026 130 073 189 125
0027 132 074 188 130
0028 138 079 186 154
0029 145 114 193 187 045 164 096 214
0030 094 165 148 225 149 185 194 238
0031 052 213 101 239
0032 040 218 092 239
0033 042 222 086 239
