0000 104 215 129 239 190 220 215 239
0001 103 210 129 237 191 220 217 239
0002 107 211 134 236 191 221 217 239
0003 107 200 133 239 191 221 217 239
0004 098 180 135 226 191 221 216 239
0005 101 170 143 203 191 221 216 239
0006 104 159 146 188 191 222 216 239
0007 112 141 154 169 191 222 216 239
0008 190 222 216 239 110 126 172 155
0009 119 114 175 142 190 222 216 239
0010 119 113 174 139 186 220 219 239
0011 125 116 175 138 193 220 215 239
0012 123 114 176 138 190 221 216 239
0013 119 112 177 140 191 223 214 239
0014 124 116 174 138 191 221 215 239
0015 123 114 176 138 192 221 215 239
0016 124 115 175 139 191 222 215 239
0017 121 112 175 139 191 222 218 239
0018 124 116 175 138 188 223 212 239
0019 124 117 175 139 191 222 217 239
0020 123 115 175 139 191 221 218 239
0021 125 115 174 139 191 222 215 239
0022 126 115 175 139 191 221 215 239
0023 126 117 174 140 189 224 213 239
0024 125 117 173 139 191 221 215 239
0025 119 114 171 141 191 222 215 239
0026 119 114 171 141 191 221 215 239
0027 125 116 173 139 191 221 215 239
0028 125 115 175 140 191 221 215 239
0029 125 115 175 139 191 221 214 239
0030 126 115 175 138 191 221 214 239
0031 126 115 175 139 190 223 213 239
0032 119 115 173 141 192 221 218 239
0033 122 117 175 139 190 223 213 239
0034 123 117 172 140 190 223 213 239
0035 118 114 172 141 191 222 213 239
0036 121 114 176 139 192 220 215 239
0037 120 115 181 142 192 220 215 239
0038 122 114 177 138 192 221 215 239
0039 120 115 175 141 189 222 213 239
0040 123 119 176 148 191 222 215 239
0041 117 153 158 185 190 221 215 239
0042 113 184 142 236 190 216 214 239
0043 191 216 214 239 107 215 134 236
0044 190 222 217 239 110 210 130 236
0045 190 216 218 237 108 221 130 239
0046 191 223 215 239 109 219 127 239
0047 105 220 125 239 189 216 216 238
0048 102 216 125 239 190 221 217 239
0049 109 219 128 239 189 223 211 239
0050 109 215 132 239 189 223 211 239
