0000 069 209 108 237
0001 069 209 108 237
0002 068 208 108 237
0003 068 208 108 237
0004 068 208 108 237
0005 068 208 108 237
0006 069 208 107 236
0007 069 208 106 236
0008 069 208 107 236
0009 068 208 107 236
0010 069 208 107 236
0011 069 208 108 236
0012 069 208 108 238
0013 069 208 108 238
0014 069 208 110 237
0015 071 210 107 237 138 203 180 237
0016 136 157 175 230 071 209 107 237
0017 071 209 106 237 136 130 174 210
0018 071 208 106 237 138 121 175 194
0019 071 209 105 237 131 115 172 191
0020 071 209 105 239 131 114 170 183
0021 071 209 106 239 125 105 166 182
0022 071 209 106 239 125 094 164 178
0023 071 208 106 239 128 101 164 175
0024 070 208 106 237 124 102 162 174
0025 070 207 105 235 121 101 159 172
0026 070 207 105 235 123 095 159 172
0027 126 097 163 173 070 207 106 235
0028 070 207 105 235 126 097 165 172
0029 122 099 162 166 071 208 106 238
0030 070 209 106 235 122 088 163 173
0031 070 209 106 235 120 098 162 170
0032 069 208 106 235 120 095 162 171
0033 070 209 105 236 128 099 164 171
0034 070 209 106 236 122 093 163 168
0035 071 209 106 236 126 094 164 174
0036 069 210 106 238 124 098 163 174
0037 069 209 103 236
0038 070 208 107 238 133 178 175 233
0039 066 212 107 239
0040 068 212 107 239
0041 071 209 104 237
0042 070 208 104 237
