0000 010 205 046 237 174 203 206 239
0001 012 200 049 236 169 207 213 239
0002 022 194 062 231 170 209 213 239
0003 036 190 074 223 172 203 210 237
0004 053 183 098 234 174 204 213 237
0005 054 194 102 234 188 209 217 239
0006 053 198 101 239 189 206 234 237
0007 057 192 106 234 173 152 205 209 211 201 242 234
0008 053 189 102 236 215 198 263 235 182 148 213 196
0009 054 192 107 235 236 177 291 218 183 137 215 178
0010 054 192 108 235 251 147 299 194
0011 259 117 309 168 055 192 108 234 180 113 221 148
0012 267 087 307 135 057 196 107 239
0013 261 070 310 124 057 196 107 239
0014 263 062 310 114 057 195 108 239
0015 262 062 307 111 058 192 108 235
0016 263 054 307 107 057 192 108 235
0017 057 192 108 235 260 054 305 103
0018 257 056 304 105 058 192 108 235
0019 255 057 303 108 057 192 108 235
0020 257 054 303 106 057 193 109 235
0021 057 193 108 235 258 055 304 105
0022 256 053 304 104 056 191 109 234
0023 256 056 306 110 056 191 109 234
0024 264 061 302 107 058 197 106 239
0025 260 059 304 113 058 197 106 239
0026 262 063 301 112 054 197 107 239
0027 054 197 107 239 260 076 307 130
0028 054 197 107 239 257 117 305 163
0029 054 198 107 239
0030 055 195 106 239 207 181 253 232
0031 056 192 108 239 170 150 205 207 197 201 247 239
0032 056 188 105 239 163 203 206 238
0033 055 183 103 236 163 204 204 238 170 154 200 204
0034 049 185 095 229 166 199 207 239 168 154 198 202
0035 036 177 081 221 162 202 204 239 169 153 199 203
0036 019 178 058 223 166 199 207 239
0037 014 182 047 229 166 201 208 239
0038 012 188 044 235 166 200 207 239
0039 008 193 047 234 169 199 204 239
0040 007 203 045 237 169 198 202 239
0041 168 200 207 239 013 201 047 235
0042 164 200 208 239 010 207 047 239
0043 170 198 202 239 010 207 046 238
0044 170 198 202 238 010 207 046 239
0045 170 198 202 239 012 203 050 238
