0000 151 201 190 227 094 214 130 239
0001 151 201 190 228 094 214 130 239
0002 152 201 190 229 094 214 130 239
0003 148 200 188 229 094 214 130 239
0004 156 195 200 228 093 215 132 239
0005 197 183 230 221 093 214 132 239
0006 217 153 254 200 092 214 132 239
0007 238 123 272 176 093 215 132 239
0008 240 103 282 159 093 215 132 239
0009 246 088 285 147 093 215 132 239
0010 252 078 292 139 093 215 132 239
0011 250 075 288 135 093 216 132 239
0012 250 074 288 136 093 216 132 239
0013 250 075 289 135 093 216 132 239
0014 250 075 288 138 093 215 132 239
0015 250 076 289 138 092 216 132 239
0016 251 082 294 136 093 216 132 239
0017 251 082 295 136 093 216 132 239
0018 251 082 294 136 093 216 132 239
0019 249 083 287 139 093 216 132 239
0020 247 082 286 141 093 215 133 239
0021 238 092 280 144 093 215 133 239
0022 218 105 256 167 093 215 133 239
0023 199 134 240 176 088 211 131 238
0024 183 162 224 202 093 214 132 239
0025 171 184 212 220 093 214 132 239
0026 149 198 193 227 093 214 131 239
0027 149 203 187 234 091 219 130 239
0028 153 203 195 233 093 214 131 239
