0000 103 213 145 239 195 157 233 207
0001 207 125 245 179 104 213 145 239
0002 220 109 261 164 104 213 146 239
0003 104 213 145 239 232 103 274 156
0004 244 106 291 157 103 213 145 239
0005 241 111 291 157 103 212 144 239
0006 247 107 293 159 103 211 144 239
0007 241 111 289 159 103 212 143 239
0008 244 107 291 160 103 214 144 239
0009 246 106 290 158 103 214 144 239
0010 244 107 287 155 103 213 144 239
0011 243 105 286 154 103 213 144 239
0012 245 105 287 154 103 214 144 239
0013 244 106 283 155 103 214 144 239
0014 249 107 292 152 103 214 145 239
0015 246 102 291 153 103 214 145 239
0016 245 099 289 152 103 214 144 239
0017 238 098 284 151 104 213 144 239
0018 235 096 273 153 101 207 144 239
0019 223 105 263 158 100 206 144 239
0020 103 213 143 239 206 130 240 180
0021 100 209 141 238 189 154 224 207
0022 100 208 141 238 164 190 205 221
0023 166 196 200 230 100 210 142 238
0024 158 204 199 234 102 207 143 239
0025 160 205 200 236 102 207 143 239
