0000 012 207 048 237 165 201 209 239
0001 013 201 051 236 166 202 209 239
0002 029 193 067 229 166 204 209 239
0003 045 185 084 221 180 204 226 239
0004 054 183 093 218 202 202 249 237 170 151 209 220
0005 057 184 100 218
0006 055 182 097 216 177 138 204 164
0007 055 183 101 223 252 143 295 196
0008 055 183 098 216 250 121 301 171 181 112 219 151
0009 253 100 299 150 054 182 099 219 176 111 220 152
0010 257 080 299 132 054 184 101 221
0011 261 066 300 125 055 182 101 219
0012 254 063 301 117 058 184 101 220 206 200 248 230
0013 058 184 101 220 252 054 298 104 206 201 248 231
0014 058 184 101 220 248 047 294 104 206 201 248 231
0015 060 184 096 220 249 051 292 106 206 201 248 231
0016 060 184 096 220 249 046 296 101 206 200 249 231
0017 249 048 295 104 059 184 097 220
0018 252 048 292 102 059 184 097 220
0019 252 045 290 103 059 184 097 219
0020 059 184 097 219 246 045 293 099
0021 059 184 098 220 247 046 292 100
0022 059 184 098 219 248 045 288 103
0023 059 184 098 220 245 045 293 102
0024 056 184 098 222 251 051 289 105 205 199 248 231
0025 056 182 098 219 248 050 289 108 205 199 248 230
0026 056 182 098 219 247 056 290 111
0027 247 064 298 119 056 182 099 219
0028 056 182 099 220 250 093 293 144
0029 056 183 099 220 234 127 274 164
0030 056 183 099 220 214 170 238 200 208 186 253 231
0031 056 184 099 220 193 195 248 234
0032 056 183 099 221 173 205 204 239 166 153 200 213
0033 053 183 094 222 169 203 210 239 172 151 199 200
0034 054 183 096 222 172 205 209 239
0035 054 189 097 227 173 202 206 239 207 196 248 230
0036 059 184 102 222 172 202 204 239
