0000 061 205 099 238
0001 066 206 097 237
0002 065 207 104 239
0003 067 204 098 239
0004 064 207 104 239
0005 065 207 105 239
0006 065 207 105 239
0007 060 202 100 239
0008 060 202 100 238
0009 065 208 105 239
0010 060 202 100 238
0011 061 206 103 239
0012 061 206 102 239
0013 066 202 099 236
0014 065 202 101 235
0015 062 207 098 236
0016 062 201 099 236 145 195 183 239
0017 064 203 099 236 138 129 180 202
0018 067 200 095 236 136 125 180 194
0019 066 199 095 237 137 088 181 156
0020 140 074 180 147 065 199 094 235
0021 137 075 180 145 065 199 095 235
0022 066 198 096 235 134 070 182 144
0023 138 071 179 144 065 202 097 234
0024 134 071 174 141 066 202 098 234
0025 134 072 173 141 066 202 098 234
0026 134 072 174 148 064 200 097 234
0027 134 072 174 151 064 200 097 234
0028 134 071 174 149 065 201 098 235
0029 134 072 174 149 065 201 097 234
0030 133 079 180 147 065 198 099 235
0031 134 072 174 148 065 200 098 235
0032 135 073 174 150 065 200 098 235
0033 135 071 175 151 065 198 099 235
0034 136 069 174 145 065 201 098 235
0035 136 073 172 142 065 203 099 236
0036 134 071 175 148 066 203 099 236
0037 136 071 174 149 065 203 099 236
0038 137 070 176 144 065 203 099 237
0039 137 074 179 147 062 202 097 235
0040 138 075 181 149 066 201 096 236
0041 134 101 176 173 067 199 096 235
0042 062 205 103 239 134 133 169 207
0043 064 203 095 237
0044 063 202 094 236
0045 065 200 097 236
0046 066 201 097 235
0047 062 202 101 236
0048 063 199 096 235
0049 062 202 101 236
0050 068 201 096 236
0051 063 200 100 235
