0000 179 210 220 239 090 217 136 239
0001 175 210 221 239 091 217 136 239
0002 177 204 218 239 091 218 136 239
0003 179 195 223 239 090 217 136 239
0004 187 178 228 225 090 215 137 238
0005 202 152 243 190 090 217 136 239
0006 207 124 252 176 091 217 136 239
0007 226 095 265 156 091 216 137 238
0008 231 074 273 135 091 216 137 238
0009 239 072 284 126 091 216 136 238
0010 242 066 285 125 090 216 137 238
0011 238 071 288 130 090 216 137 238
0012 247 066 292 126 090 216 137 238
0013 250 074 294 127 092 218 138 239
0014 249 068 288 131 092 218 138 239
0015 251 073 293 132 092 219 138 239
0016 251 074 296 128 092 215 132 239
0017 251 074 296 127 092 219 138 239
0018 251 073 295 126 092 219 138 239
0019 251 069 294 126 089 216 137 238
0020 248 072 288 128 089 217 137 238
0021 244 078 292 133 089 216 137 238
0022 238 086 284 139 089 216 137 238
0023 224 102 272 157 090 216 137 238
0024 211 141 255 187 090 216 137 238
0025 200 170 244 214 090 215 137 238
0026 195 196 232 239 089 215 137 238
0027 089 215 138 238 180 206 226 238
