0009 122 216 165 239
0010 110 195 164 234
0011 117 170 165 207
0012 117 118 158 173
0013 130 092 161 158
0014 132 080 175 147
0015 131 068 174 131
0016 129 068 173 126
0017 132 066 173 124
0018 132 062 173 124
0019 132 060 175 125
0020 130 060 177 127
0021 135 062 170 123
0022 133 063 177 125
0023 133 061 178 125
0024 131 065 175 124
0025 132 065 174 123
0026 131 068 173 124
0027 132 066 173 119
0028 133 066 173 119
0029 134 069 174 123
0030 134 069 174 123
0031 133 068 172 136
0032 113 100 144 155 139 116 175 166
0033 109 177 172 218
0034 124 216 166 239
