0014 153 216 202 239
0015 153 205 210 239 069 218 111 239
0016 165 183 214 223
0017 169 151 222 200 067 223 110 239
0018 170 131 228 183
0019 170 113 229 175 070 219 112 239
0020 174 104 233 165 073 218 116 239
0021 172 096 235 164
0022 176 095 236 157 070 222 105 239
0023 182 090 236 153 071 222 105 239
0024 186 095 241 150
0025 182 099 240 159 072 220 113 239
0026 183 099 237 158
0027 182 102 238 162
0028 181 102 238 160
0029 182 102 239 161
0030 182 100 239 161
0031 178 101 234 157 068 216 110 239
0032 181 104 238 162
0033 177 104 238 159
0034 177 106 237 159
0035 179 110 238 164
0036 178 102 235 160
0037 180 099 243 161
0038 183 093 238 161
0039 175 090 250 154
0040 180 096 244 161 072 222 114 239
0041 181 098 245 157
0042 184 101 242 159
0043 180 123 231 174 071 216 113 239
0044 175 145 222 192 072 217 112 239
0045 169 168 222 214 072 216 115 239
0046 162 195 214 239 075 218 115 239
0047 161 208 206 239 075 223 109 239
0052 071 216 110 239
0053 075 222 109 239
