0000 072 210 122 238 158 173 210 224 071 042 107 094
0001 165 104 213 158 072 209 123 239
0002 164 063 213 134 073 209 123 239
0003 162 028 217 109 072 210 124 239
0004 171 020 220 097 072 210 124 239
0005 174 022 229 087 071 209 123 239
0006 185 020 231 085 073 209 126 235
0007 182 025 232 091 070 209 122 239
0008 180 027 228 088 072 210 122 237
0009 179 032 225 092 071 209 122 239
0010 177 034 218 096 071 212 129 239
0011 156 050 216 114 071 210 129 239
0012 148 082 208 135 072 208 119 238 096 215 140 239
0013 070 210 125 238 247 196 293 232 150 143 205 200
0014 149 189 206 239 072 210 126 236
0015 077 209 126 238 150 211 193 239 051 202 095 239
