0000 152 215 200 239
0001 154 213 197 239
0004 155 203 202 239
0005 184 155 221 202
0006 194 102 243 158
0007 206 069 257 131
0008 213 061 265 118
0009 212 058 259 117
0010 213 056 262 122
0011 216 054 265 117
0012 214 056 260 120
0013 214 056 259 119
0014 209 054 258 120
0015 214 060 257 119
0016 224 071 259 121
0017 222 068 254 116
0018 219 066 256 115
0019 220 069 256 118
0020 220 066 257 118
0021 220 067 256 117
0022 220 063 255 117
0023 221 063 255 110
0024 223 067 254 113
0025 221 069 254 115
0026 205 081 248 133
0027 179 141 220 189
0028 149 185 195 233
0029 139 208 179 239
0031 139 209 183 239
0032 142 214 187 239
0033 139 214 181 239
0034 147 212 191 239
0036 139 212 186 239
