0007 142 206 190 239
0008 148 144 195 206
0009 157 105 203 176
0010 157 086 206 155
0011 154 070 205 141
0012 160 058 203 123
0013 158 058 207 122
0014 160 059 208 123
0015 165 058 211 130
0016 160 060 206 127
0017 160 063 204 128
0018 163 066 206 127
0019 163 070 212 123
0020 160 072 207 124
0021 163 069 203 125
0022 166 073 207 130
0023 162 068 203 128
0024 160 069 206 124
0025 159 071 202 124
0026 161 073 203 122
0027 159 069 205 125
0028 162 068 201 124
0029 160 067 205 125
0030 160 070 204 126
0031 159 070 204 125
0032 159 070 205 126
0033 159 075 200 123
0034 159 084 210 143
0035 152 107 202 174
0036 155 200 194 236
0037 152 215 199 239
