0000 061 198 106 238 145 209 182 236 102 072 133 111
0001 062 194 107 238 145 210 182 236 102 074 133 111
0002 062 194 107 238 145 210 182 236 096 075 136 111
0003 062 197 107 238 145 210 182 236 096 076 137 111
0004 062 198 107 238 140 213 181 239 103 076 136 108
0005 063 194 108 238 145 209 182 236 101 073 133 108
0006 063 194 108 238 145 209 182 236 101 073 133 108
0007 063 194 108 238 145 209 182 236 100 079 132 109
0008 064 197 105 239 145 209 183 236
0009 063 198 107 238 140 213 182 239 096 078 134 110
0010 064 197 105 239 143 209 181 237 096 076 133 110
0011 061 194 108 239 159 198 197 239 166 169 196 207
0012 062 195 108 237 172 159 221 217
0013 062 196 109 238 192 152 253 194
0014 062 197 109 238 223 119 270 169
0015 061 194 108 238 231 086 287 138
0016 061 194 108 238 238 071 296 117
0017 061 194 108 237 248 063 297 113
0018 062 194 108 237 247 057 297 109
0019 061 198 108 238 242 056 296 106
0020 060 198 108 238 246 054 297 108
0021 246 060 296 111 060 198 108 238
0022 061 194 109 238 245 059 296 110
0023 061 194 109 238 245 057 296 111
0024 062 197 107 238 240 057 293 109
0025 062 197 107 238 241 058 293 111
0026 061 197 107 238 241 057 294 111
0027 061 197 107 238 245 059 296 111
0028 061 197 107 238 247 062 294 110
0029 061 198 107 238 231 062 289 109
0030 062 194 108 238 221 083 277 135
0031 061 198 108 238 181 141 228 191
0032 061 197 108 238 159 180 198 238
0033 060 198 108 238 145 208 182 237 171 165 202 207
0034 060 198 108 238 142 210 178 236 157 167 198 206
0035 060 193 111 235 145 211 179 237 163 163 201 205
0036 062 194 108 238 145 210 181 237 164 164 198 204
0037 056 193 106 234 148 214 180 239
