0001 289 044 319 079
0002 294 048 319 082
0003 290 053 319 074
0004 287 048 319 074 077 219 120 236
0005 079 206 139 238 290 049 319 080
0006 074 175 142 221 285 045 319 076
0007 079 153 143 200 287 049 319 079
0008 075 141 143 185 295 046 319 077
0009 074 119 136 165 295 050 319 076
0010 079 105 143 157 295 049 319 082
0011 070 101 140 145 294 050 319 078
0012 072 099 136 144 288 045 319 079
0013 073 091 131 135 290 048 319 077
0014 073 089 142 135 289 042 319 077
0015 071 088 134 136
0016 070 089 134 136
0017 069 095 133 138
0018 070 092 134 140
0019 068 097 137 142
0020 068 101 142 145
0021 071 107 141 150
0022 073 130 148 175
0023 079 160 145 209
0024 086 186 136 237
0025 079 213 126 239
