0000 129 209 159 239 097 195 129 226
0001 129 209 159 239 097 196 129 227
0002 092 191 134 230 129 208 161 235
0003 096 196 131 230 128 209 161 236
0004 097 196 131 230 127 210 163 235
0005 097 196 131 230 130 209 163 235
0006 095 195 131 229 129 209 163 235
0007 126 213 165 239 100 188 131 216
0008 099 176 138 207 130 204 161 235
0009 116 139 148 192 138 173 166 213
0010 137 121 163 183
0011 144 089 169 137
0012 157 078 183 132
0013 164 072 193 126
0014 167 073 202 119
0015 174 077 205 115
0016 177 076 207 118
0017 176 069 214 116
0018 176 069 214 116
0019 176 071 216 117
0021 198 070 221 115 173 078 196 114
0022 168 079 223 120
0023 182 072 226 126 170 080 196 116
0024 167 076 221 121
0025 166 076 221 121
0026 170 081 192 115
0027 171 081 192 116
0028 168 082 219 120
0029 167 082 218 119
0030 171 082 195 117 200 072 220 119
0031 170 082 195 118 200 072 221 119
0032 170 081 194 118 189 074 226 122
0033 171 083 195 119
0034 172 077 226 128
0035 168 084 205 117
0036 167 085 205 117
0037 166 085 205 116
0038 170 082 194 118 194 073 226 119
0039 170 083 195 120 193 074 226 118
0040 170 084 195 120 193 072 226 119
0041 173 087 195 116 202 076 221 117
0042 194 077 217 120 172 080 193 116
0043 174 080 202 129
0044 148 081 186 117 158 091 201 142
0045 142 120 181 162
0046 136 161 172 198
0047 110 165 157 204 126 185 165 213
0048 122 196 163 222 107 169 145 202
0049 123 205 163 232 106 174 145 206
0050 103 176 149 205 125 207 165 235
0051 126 208 165 236 103 176 151 207
