0000 191 109 247 165
0001 201 113 252 169 143 069 185 135 166 200 206 231
0003 196 160 250 210 139 070 181 131
0004 199 106 250 150 160 189 200 221
0005 159 185 195 216 238 099 285 189
0006 160 186 198 217 206 076 280 186 142 072 181 135
0007 141 072 176 138 161 184 198 218
0008 187 093 286 166 142 072 174 132 162 186 198 219
0009 159 187 199 222 141 075 177 136 205 117 280 169
0010 202 154 261 200 167 193 197 230 140 069 178 135
0011 140 066 180 136 075 219 106 239
0012 140 072 183 132 207 117 252 174 075 214 110 238
0013 197 106 248 162 140 067 185 135 167 201 207 233
