0000 045 220 082 237
0001 044 218 082 236
0002 043 220 082 237
0003 044 219 081 237
0004 044 219 081 237
0005 042 217 086 239
0006 151 215 189 239 041 217 085 239
0007 162 195 200 238 041 218 085 239
0008 164 161 211 211 041 218 085 239
0009 158 129 212 185 041 218 085 239
0010 169 108 221 166 041 218 085 239
0011 177 092 225 147
0012 181 088 227 142
0013 186 088 225 146
0014 186 085 225 146
0015 186 089 225 146
0016 187 088 225 148 044 217 082 236
0017 187 088 225 147
0018 187 087 225 145
0019 188 087 225 145
0020 188 087 225 145
0021 183 086 225 142
0022 183 087 225 141 044 215 087 239
0023 181 087 224 144 040 216 085 239
0024 182 088 225 139 045 218 082 236
0025 180 087 222 146 045 217 085 239
0026 181 087 227 142 045 217 085 239
0027 182 087 226 143 046 217 082 236
0028 179 086 222 141 045 216 082 236
0029 184 088 227 143 045 216 082 236
0030 180 086 222 141 045 216 082 236
0031 180 086 226 140 045 216 082 236
0032 180 090 222 147 045 216 082 236
0033 180 087 226 142 045 217 082 236
0034 180 088 226 143 046 217 082 236
0035 184 090 227 143 042 217 086 239
0036 177 094 224 147 041 217 087 239
0037 171 108 219 160 042 217 087 239
0038 161 121 210 175 042 217 087 239
0039 160 136 204 211 041 217 086 239
0040 145 203 187 237 041 217 086 239 161 137 195 189
0041 041 218 087 239
0042 041 218 087 239
0043 041 218 087 239
