0000 124 212 154 239 078 208 105 237
0001 122 211 157 238 078 207 105 237
0002 078 208 105 237 122 214 153 239
0003 122 210 157 238 078 208 105 237
0004 122 211 158 238 078 207 105 237
0005 122 210 158 238 078 208 105 237
0006 122 211 158 238 078 208 105 237
0007 078 208 105 237 125 210 157 238
0008 078 208 105 237 124 212 153 239
0009 129 210 157 239 078 208 106 237
0010 132 196 161 234 079 208 103 238
0011 131 175 158 208 079 208 105 238
0012 078 207 102 236 137 142 163 179
0013 078 208 105 238 137 116 162 155
0014 079 208 105 238 139 101 164 147
0015 078 207 105 238 144 103 167 140
0016 078 208 105 238 139 099 164 135
0017 078 208 105 238 141 098 168 135
0018 078 208 105 238 138 099 165 135
0019 078 208 105 237 141 101 166 131
0020 078 208 105 237 135 097 164 132
0021 078 208 105 237 136 097 164 133
0022 078 208 105 237 134 095 171 133
0023 078 208 105 237 135 095 171 133
0024 078 208 105 237 141 100 166 131
0025 078 208 105 237 141 099 165 130
0026 078 208 105 237 141 099 165 130
0027 078 208 105 237 142 101 166 131
0028 078 208 105 237 142 099 166 130
0029 078 208 105 237 138 098 164 134
0030 078 208 105 237 141 099 166 132
0031 077 203 109 236 143 099 167 132
0032 074 205 108 237 142 102 167 137
0033 074 204 109 236 143 106 167 146
0034 077 204 109 236 139 131 165 170
0035 139 156 163 192 078 207 106 238
0036 078 208 105 238 136 181 162 219
0037 135 197 159 232 078 207 104 238
0038 126 206 154 239 078 207 105 237
0039 078 207 105 237 125 215 153 239
0040 078 206 105 237 127 214 158 238
0041 078 207 105 237 123 213 156 235
0042 078 207 105 237 124 213 152 239
0043 074 204 108 236 123 215 153 239
0044 074 204 108 236 123 215 153 239
0045 074 204 108 236 123 215 153 239
