0002 125 211 171 239
0003 128 187 172 235
0004 137 126 184 178
0005 139 096 182 151
0006 138 073 180 120
0007 136 057 177 103
0008 135 048 175 092
0009 136 044 174 088
0010 134 043 173 087
0011 131 042 175 087
0012 133 046 169 092
0013 130 053 174 094
0014 132 055 171 098
0015 130 053 174 095
0016 131 054 175 097
0017 131 059 171 099
0018 133 059 171 100
0019 132 062 171 104
0020 133 060 169 101
0021 132 061 171 097
0022 131 060 172 100
0023 131 060 173 100
0024 132 061 175 099
0025 135 060 170 096
0026 131 060 176 098
0027 136 059 170 094
0028 136 057 172 100
0029 135 060 174 101
0030 135 061 175 099
0031 136 060 176 101
0032 136 062 177 102
0033 136 063 178 105
0034 138 064 177 106
0035 137 062 179 102
0036 140 066 175 105
0037 138 067 175 105
0038 138 064 175 103
0039 139 069 179 104
0040 138 064 178 103
0041 141 066 175 107
0042 140 066 176 112
0043 140 065 176 110
0044 139 065 175 109
0045 139 069 174 106
0046 134 070 173 109
0047 130 085 169 135
0048 115 139 161 195
0049 117 180 155 238
