0003 037 128 075 163
0005 037 131 071 162
0007 140 199 178 239 034 129 071 162
0008 034 129 072 163
0009 034 129 072 164
0011 232 161 277 211
0012 210 107 261 163
0013 193 062 238 119
0014 175 043 223 100
0015 164 037 213 095
0016 158 043 205 100
0017 156 053 208 104
0018 160 061 206 117
0019 162 070 213 117
0020 164 068 214 122
0021 164 067 215 119
0022 164 066 211 123
0023 163 065 209 123
0024 164 063 208 121
0025 161 066 214 120
0026 160 065 213 119
0027 159 062 210 119
0028 159 060 210 116
0029 160 062 214 115
0030 171 067 221 122
0031 176 076 225 129
0032 191 119 235 177
0033 199 171 247 223
0034 153 202 197 237
