0000 092 214 112 239
0001 090 212 112 239
0002 089 213 111 239
0003 087 211 112 239
0004 086 211 109 239
0005 088 209 107 239
0006 087 207 107 235
0007 086 213 109 239
0008 086 216 109 239
0009 086 217 109 239
0013 078 211 110 239
0014 084 197 120 239
0016 079 090 137 148
0017 096 012 134 077
0018 098 008 129 044
0020 081 009 116 053
0024 007 006 045 040
0025 005 021 027 063
0032 009 143 026 170
0033 010 147 029 170
0034 011 150 028 177
0035 009 159 027 182
0038 007 168 024 189
0040 012 178 046 220
0041 044 195 079 235
0043 089 202 112 237
0044 089 210 117 237
0045 091 213 114 239
0046 092 209 112 238
0049 088 216 113 239
0050 072 215 102 239
0051 053 209 090 238 205 219 224 239
0052 039 217 073 239
0059 200 212 222 239
