0000 101 218 124 239
0001 099 218 124 239
0003 102 221 128 238
0004 103 221 128 238
0007 100 216 125 239
0008 097 217 125 239
0009 097 217 125 239
0010 098 221 120 239
0011 094 215 119 239 234 218 260 237
0012 235 214 262 239
0013 231 205 269 237 099 216 123 239
0014 242 214 275 239 098 217 124 239
0015 243 211 280 239 099 218 125 239
0016 244 210 281 239 097 219 124 239
0017 244 204 283 238
0018 241 202 283 237 095 218 120 238
0019 064 205 094 235 240 199 280 235
0020 247 211 280 239 031 167 063 190
0021 022 106 060 131 240 205 280 239
0022 244 212 281 239 029 067 062 099
0023 039 045 072 088 243 212 280 239
0024 036 037 071 077 243 209 280 239
0025 047 038 072 075 243 211 279 239
0026 045 033 072 071 246 213 281 239
0027 065 019 088 055 241 212 273 239
0028 086 007 117 040 240 210 274 239
0029 108 009 143 050 239 206 269 239
0030 120 022 156 061 239 215 268 239
0031 112 016 150 056 237 207 269 239
0032 086 007 113 041 240 209 277 239
0033 062 015 084 042 238 203 270 236
0034 239 205 268 235 040 035 067 068
0035 035 051 059 084 234 208 272 239
0036 026 054 058 087 239 208 268 239
0037 028 052 061 087 242 215 273 239
0038 028 048 060 082 240 213 268 239
0039 026 049 060 085 236 208 269 239
0040 027 048 059 083 235 205 273 239
0041 024 053 056 084 232 206 262 238
0042 021 088 055 115 230 220 255 239
0043 029 161 067 185
0044 068 220 097 239
0048 205 218 226 239 094 218 118 239
0049 200 215 221 239
0050 197 223 217 239 102 224 125 239
0051 195 218 221 239 104 223 126 239
0052 199 220 224 239 103 224 126 239
