0005 149 219 200 239
0006 156 208 211 239
0007 161 171 215 223
0008 172 153 228 205
0009 178 107 253 173
0010 184 099 260 163
0011 187 095 265 157
0012 188 087 267 144
0013 190 084 269 142
0014 190 089 267 148
0015 191 089 267 147
0016 192 081 268 143
0017 189 086 267 145
0018 191 083 268 143
0019 187 087 268 147
0020 188 082 265 148
0021 199 096 257 170
0022 195 118 240 186
0023 179 174 214 215
0024 168 197 209 235
0025 164 213 202 237
0026 157 221 199 239
0027 156 221 199 239
0028 160 223 192 239
