0004 197 217 223 239
0006 081 213 101 239
0007 087 214 108 239
0008 089 217 109 239
0009 088 213 108 239
0010 086 218 107 239
0013 093 218 115 239
0014 096 209 117 239
0015 091 210 115 235
0016 093 215 114 239
0017 092 211 118 239
0018 093 216 116 239
0020 204 221 233 237
0021 166 204 208 239
0022 137 156 201 187
0023 125 115 189 144
0024 122 100 180 126
0025 124 091 184 117
0026 131 082 184 110
0027 146 083 195 113
0028 137 079 191 108
0029 144 081 198 106
0030 151 080 210 106
0031 179 078 237 106
0032 216 074 265 111
0033 266 085 307 118
0034 276 097 314 122
0035 268 099 306 124
0036 271 102 308 129
0037 273 097 312 126
0038 272 101 309 129
0039 284 101 309 126
0040 285 102 310 125
0042 254 188 284 222
0043 271 184 305 227
0047 094 212 116 239
0048 093 211 118 239
0049 093 210 118 235
