0000 093 186 112 218 183 188 207 223
0001 092 184 114 217 183 190 214 222
0002 090 183 111 219 186 189 209 226
0003 092 184 113 217 186 192 205 223
0004 093 184 114 217 189 192 207 218
0005 189 187 210 222 092 183 111 216
0006 092 185 112 219 192 187 211 223
0007 189 193 211 226 092 184 114 219
0008 095 181 116 216 189 188 210 224
0009 189 186 214 222 093 179 114 216
0010 093 184 113 218 190 183 217 219
0011 087 182 112 217 189 176 226 216
0012 190 178 224 215 087 181 114 215
0013 190 178 223 215 087 181 113 215
0014 191 177 219 219 083 170 118 209
0015 184 174 217 212 075 160 109 203
0016 071 153 113 206 176 171 219 210
0017 075 153 114 207 182 170 219 209
0018 071 156 113 205 180 166 218 209
0019 072 155 113 206 180 165 217 208
0020 072 156 111 206 180 168 221 208
0021 072 159 111 206 181 169 217 209
0022 073 158 113 207 179 165 218 207
0023 074 156 113 207 180 165 222 208
0024 183 169 215 212 082 161 118 201
0025 187 171 216 214 087 169 111 203
0026 186 172 218 212 087 170 109 204
0027 195 179 217 219 089 171 110 210
0028 195 182 216 216 092 177 113 210
0029 091 180 113 215 195 184 218 220
0030 091 178 113 217 196 183 219 219
0031 191 182 224 221 092 178 113 216
0032 190 188 213 220 095 186 114 215
0033 097 185 115 217 195 186 215 221
0034 187 183 219 221 093 184 114 215
0035 192 186 214 219 090 182 112 217
0036 090 183 109 218 190 187 213 221
0037 192 185 214 219 092 186 112 220
0038 187 188 209 216 091 185 112 218
0039 186 188 209 218
0040 092 181 114 215 186 186 210 217
0041 092 184 112 220 186 188 208 217
0042 092 184 113 215 186 187 209 217
0043 187 188 209 221 093 186 113 209
0044 184 187 206 221 094 188 113 213
0045 187 188 209 217 094 185 115 216
