0000 202 223 230 239 112 222 133 239
0001 116 219 137 239 201 223 226 239
0002 203 221 225 239
0003 200 222 224 239
0004 103 211 130 239 196 209 223 239
0005 096 201 133 239 191 207 219 239
0006 092 192 134 239 176 192 206 239
0007 089 187 135 238 165 183 201 239
0008 089 190 129 232 164 184 200 238
0009 086 186 133 230 164 188 197 238
0010 088 181 136 232 160 184 195 235
0011 087 183 133 227 157 177 195 232
0012 088 181 136 226 161 180 191 230
0013 089 178 136 226 162 185 192 230
0014 093 193 134 237 169 198 197 239
0015 094 196 136 234 169 198 199 239
0016 093 194 136 239 166 197 197 239
0017 088 179 138 228 157 183 191 235
0018 084 173 134 222 141 176 184 221
0019 083 169 135 217 145 167 181 218 154 136 198 181
0020 084 169 134 216 144 165 179 215 155 135 201 180
0021 082 168 134 217 144 160 181 210 155 135 202 180
0022 082 168 133 216 142 171 174 216 154 139 199 180
0023 081 167 130 216 141 170 175 216 154 137 201 185
0024 083 169 133 215 140 160 176 214
0025 086 166 134 214 141 164 177 212
0026 103 182 138 224 148 180 189 222
0027 117 211 140 239 166 202 201 239
0028 121 217 143 239 193 222 219 239
0029 200 220 228 239
0031 109 224 131 239
0032 110 219 134 239
0033 200 219 229 239
0034 198 220 225 239
