0000 193 175 213 209 117 178 139 211
0001 116 178 138 210 194 171 214 209
0002 116 175 139 210 194 169 215 207
0003 116 175 139 210 195 169 216 206
0004 116 177 137 212 195 179 214 213
0005 118 177 138 209 196 178 220 215
0006 114 177 137 210 200 171 224 210
0007 207 177 230 209 113 178 134 209
0008 096 175 130 206 213 167 246 202
0009 086 175 113 203 217 150 253 187
0010 064 157 103 182 219 131 273 160
0011 216 113 279 142 044 127 095 156
0012 047 106 084 129 245 092 283 112
0013 051 081 088 111
0014 058 065 094 100
0015 059 069 094 103
0016 061 080 087 107
0017 055 092 093 123 224 086 264 119
0018 052 115 090 141 228 109 271 132
0019 213 128 270 158 059 137 099 165
0020 073 156 109 185 219 146 256 181
0021 214 168 241 201 087 170 122 200
0022 109 172 136 204 197 172 222 207
0023 112 176 136 209 195 170 220 210
0024 196 175 218 207 115 173 138 207
0025 101 177 129 206 207 175 230 209
0026 082 172 121 197 216 164 248 199
0027 065 158 099 186 234 154 269 178
0028 045 132 084 159 216 124 273 152
0029 041 107 078 129
0030 045 075 081 104
0031 060 057 092 092
0032 064 050 099 090
0033 068 052 101 092
0034 067 052 099 092
0035 063 053 098 091
0036 066 059 091 092
0037 056 060 090 095 230 062 253 093
0038 055 077 089 109
0039 054 092 087 118
0040 053 109 093 139 234 102 270 128
0041 062 138 098 167 214 125 267 154
0042 073 156 113 186 213 145 252 179
0043 090 166 127 197 209 162 244 196
0044 105 173 128 206 204 169 229 205
0045 115 174 137 210 196 170 217 205
0046 119 174 140 209 190 171 211 208
0047 121 175 142 209 190 174 210 208
0048 122 178 141 209 189 174 209 207
0049 191 175 213 210 117 175 137 209
0050 114 178 133 211 194 171 216 210
0051 112 180 132 212 196 172 219 210
0052 112 180 133 213 197 171 218 208
0053 112 178 133 210 194 172 214 209
