0000 085 200 110 239 198 216 222 239
0001 086 197 113 239 198 217 222 239
0002 090 200 113 238 198 217 222 239
0003 092 195 118 239 200 219 222 239
0004 091 201 117 239 201 214 223 239
0005 092 197 117 239 195 214 222 239
0006 090 201 113 235 201 215 223 239
0007 090 203 113 235 200 216 225 239
0008 092 200 117 236 199 207 234 239
0009 091 200 119 239 210 209 235 239
0010 091 201 117 239 210 210 237 239
0011 091 204 115 239 200 204 227 238
0012 195 205 216 234 090 201 113 239
0013 180 207 213 239 088 203 114 239
0014 177 206 203 237 089 202 114 239
0015 173 199 198 236 088 204 113 239
0016 161 173 200 209 085 204 115 239
0017 087 202 111 239 161 152 206 191
0018 087 200 110 239 150 131 186 176
0019 082 199 114 239 159 113 196 163
0020 171 094 217 148 088 201 113 237
0021 192 079 236 136 086 203 110 239
0022 204 076 265 127 087 200 111 239
0023 220 075 294 128 084 202 107 236
0024 240 081 309 127 085 203 107 235
0025 247 084 306 132 085 203 109 238
0026 083 198 115 239 247 088 310 134
0027 086 199 111 239 251 085 306 136
0028 084 200 117 238 249 089 306 134
0029 086 204 113 236 247 088 312 134
0030 248 086 308 135 087 205 115 237
0031 246 088 313 134 087 207 114 238
0032 086 202 111 239 248 086 307 134
0033 247 084 307 135 084 199 117 239
0034 084 197 118 239 248 088 311 135
0035 252 085 309 138 086 199 114 239
0036 250 090 309 143 086 198 110 238
0037 239 103 307 153 085 202 109 239
0038 232 138 297 183 080 200 114 239
0039 083 197 118 239 225 168 269 216
0040 224 192 258 239 087 206 111 239
0041 088 205 112 239 207 208 242 239
0042 091 200 118 239 202 216 228 239
0043 089 201 113 239
0044 088 201 114 239
0045 091 202 118 239
0046 091 202 117 239
0047 091 202 118 239
0048 092 199 119 239
0049 092 200 119 239
0050 092 199 119 239
0051 090 202 115 239
0052 091 203 116 239 193 219 217 239
0053 092 208 116 239
0054 086 206 114 239 186 213 225 239
