0000 179 204 203 236 081 200 104 234
0001 176 206 201 238 079 198 099 230
0002 079 202 100 233 177 205 202 239
0003 077 199 098 232 184 196 204 231
0004 076 201 096 232 189 180 210 219
0005 077 198 099 233 194 169 218 206
0006 077 198 100 234 185 157 218 201
0007 173 158 199 193 069 195 103 234
0008 077 199 099 234 155 161 194 193
0009 149 142 189 179 078 201 099 229
0010 150 130 189 167 069 192 103 228
0011 153 119 188 161 073 199 095 232
0012 163 111 199 160 067 191 101 228
0013 173 107 226 156 068 200 089 225
0014 186 109 245 156 068 200 090 225
0015 194 106 254 155 072 200 094 226
0016 195 110 261 155 070 200 092 234
0017 199 108 261 157 077 199 098 233
0018 198 110 262 157 076 199 096 227
0019 197 114 264 159 077 198 097 229
0020 199 113 260 159 075 199 096 229
0021 201 125 241 160 077 197 098 232
0022 194 140 228 175 077 199 099 232
0023 075 200 095 233 181 170 213 205
0024 074 200 094 229 182 184 207 228
0025 184 204 206 239 074 201 097 235
0026 187 208 205 236 072 194 103 234
0027 077 199 097 234 185 204 205 238
0028 080 202 100 230 184 211 203 235
0029 079 196 099 233 186 211 207 239
0030 082 199 103 230 180 213 201 239
0031 080 200 102 234 181 211 203 237
