0000 178 207 202 239 088 196 109 230
0001 175 209 200 239 088 195 109 230
0002 176 210 200 239 089 197 109 229
0003 178 210 201 239 088 194 110 230
0004 176 212 202 239 088 199 109 232
0005 176 211 202 239 088 198 109 231
0006 177 210 202 239 088 197 109 230
0007 176 211 202 239 087 198 109 231
0008 176 208 200 238 086 196 109 231
0009 176 209 200 238 086 195 109 231
0010 176 209 200 238 086 199 106 231
0011 175 213 201 239 086 199 108 231
0012 171 204 205 239 086 197 106 229
0013 086 194 108 232 165 184 200 221
0014 087 200 106 231 162 170 193 202
0015 082 191 113 232 153 154 190 184
0016 086 194 107 229 137 146 176 177
0017 086 196 106 232 123 142 159 175
0018 115 142 152 171 085 197 106 232
0019 084 197 106 231 104 137 145 167
0020 085 193 106 229 099 130 140 164
0021 094 118 137 159 083 193 106 230
0022 096 119 132 157 083 196 104 225
0023 080 195 103 228 115 114 155 162
0024 082 197 101 229 128 113 159 161
0025 081 198 101 232 154 118 203 164
0026 164 121 224 167 078 196 107 233
0027 167 115 239 163 081 195 102 231
0028 177 117 249 162 079 196 108 232
0029 173 118 257 164 081 195 108 234
0030 181 114 255 161 082 195 104 232
0031 179 114 255 160 082 195 104 231
0032 180 118 240 165 084 195 107 232
0033 177 118 221 170 083 195 107 231
0034 084 198 108 234 175 124 211 165
0035 085 197 106 234 151 130 193 161
0036 086 200 107 233 126 138 165 165
0037 086 199 108 232 111 138 149 168
0038 080 197 111 234 095 137 139 164
0039 095 120 139 155 085 197 106 231
0040 102 117 138 156 085 195 108 231
0041 087 195 108 229 113 109 147 157
0042 086 194 107 225 129 106 159 158
0043 084 193 108 228 135 103 173 157
0044 087 197 108 231 151 107 193 159
0045 084 198 105 234 162 112 213 159
0046 170 118 228 169 086 198 107 232
0047 178 119 238 165 086 199 108 231
0048 178 121 246 169 086 200 107 233
0049 184 119 252 166 087 201 109 231
0050 182 116 258 165 081 197 110 235
0051 180 121 255 169 081 194 111 235
0052 184 117 248 164 082 196 111 235
0053 180 119 224 168 082 197 111 235
0054 082 195 112 234 170 126 205 166
0055 082 194 111 234 154 128 193 166
0056 087 200 107 231 150 144 191 173
0057 082 197 111 234 150 148 189 178
0058 153 176 189 205 081 192 110 233
0059 157 189 195 221 087 198 107 232
0060 170 198 203 232 086 196 107 230
0061 176 199 207 234 086 197 107 231
0062 175 205 204 239 086 201 105 231
0063 174 204 207 238 086 201 107 234
0064 175 208 202 239 087 199 107 230
0065 176 207 202 239 087 200 108 231
