0000 113 219 147 239
0001 117 212 143 239
0002 116 215 139 239 207 210 231 239
0003 113 219 145 239 208 215 231 239
0004 115 216 139 239 212 215 234 239
0005 113 209 139 239
0006 103 205 137 239 208 211 232 239
0007 112 192 138 237
0008 116 178 147 217
0009 119 156 165 195
0010 131 142 180 175
0011 130 137 183 171
0012 136 134 191 172 208 214 230 239
0013 158 141 196 170 203 213 237 239
0014 157 141 196 170
0015 157 136 194 179
0017 156 144 187 187
0018 150 151 186 193 210 210 232 239
0019 141 151 179 194
0020 121 162 167 200 211 209 234 237
0021 103 154 159 197
0022 083 156 148 196
0023 065 149 146 191
0024 059 138 123 185 210 217 233 239
0025 045 133 114 173
0026 036 126 101 169 205 213 238 239
0027 031 128 097 169 205 212 238 239
0028 034 123 092 164
0029 035 122 089 161 204 219 230 239
0030 037 126 095 163 205 221 230 239
0031 042 124 096 164 205 219 230 239
0032 047 132 099 168 205 219 230 239
0033 049 131 098 167 208 222 231 239
0034 050 137 104 172 208 222 231 239
0035 052 140 105 176 208 222 231 239
0036 053 152 103 182 207 219 236 239
0037 055 157 109 189 207 222 230 239
0038 055 170 105 203 207 216 235 239
0039 060 181 107 215 207 216 234 239
0040 074 192 116 229
0041 092 204 122 237 206 220 227 239
