0000 112 182 133 214 191 183 215 230
0001 111 183 130 215 182 192 220 232
0002 111 182 129 212 188 195 219 234
0003 109 187 128 217 185 182 213 231
0004 109 188 129 217 175 184 211 227
0005 109 188 131 217 170 188 195 220
0006 112 187 134 214 159 179 194 209
0007 117 180 139 209 153 164 190 198 176 142 205 187
0008 155 149 195 187 113 164 141 193
0009 153 150 191 178 105 154 140 185
0010 155 147 198 176 107 147 137 176
0011 158 147 198 176 112 146 139 175
0012 160 149 193 177 104 144 140 173
0013 163 149 195 175 104 148 137 173
0014 163 145 202 173 102 144 139 172
0015 160 145 196 171 107 146 136 170
0016 161 145 196 172 106 146 141 172
0017 155 145 199 174 105 149 139 175
0018 115 143 145 171 163 140 201 172
0019 088 129 128 163 183 121 223 161
0020 075 116 113 152 194 121 233 161
0021 057 107 093 145 207 106 256 158
0022 051 103 089 139 073 130 114 155
0023 049 105 085 139
0024 049 105 084 138
0025 049 104 085 139
0026 052 105 089 142
0027 051 105 089 143
0028 053 103 087 136
0029 053 103 087 136
0030 054 105 082 141
0031 054 105 082 142 230 097 267 144
0032 054 105 082 142
0033 048 105 084 141
0034 053 103 088 141 208 108 267 158 072 129 113 154
0035 052 107 082 144 211 106 256 160
0036 064 121 088 153 204 107 245 161
0037 070 130 095 167
0038 189 119 216 145 078 145 108 185
0039 175 133 212 165 091 162 111 197
0040 167 147 207 175 093 174 120 210
0041 159 158 199 190 092 183 119 219
0042 155 172 189 205 089 190 115 223
0043 081 193 108 228 158 181 187 215 163 144 189 180
0044 073 197 096 229 157 188 180 225
