0009 162 192 210 239 105 216 144 239
0010 110 167 157 220 157 145 207 199
0011 114 147 156 199 153 129 201 186
0012 144 123 201 174 120 137 164 190
0013 144 123 200 172 125 134 168 186
0014 147 121 200 171 118 135 180 184
0015 146 120 197 173 119 126 163 184
0016 157 108 207 164 103 114 154 173
0017 167 106 213 166 080 111 140 166
0018 036 115 119 165 184 102 223 157
0019 030 113 114 165 185 101 225 154
0020 017 116 091 164 192 104 228 157
0021 189 107 230 158 017 118 092 166
0022 018 119 099 166 189 107 231 157
0023 189 107 232 156 015 120 098 163
0024 194 105 230 154 022 119 095 168
0025 190 103 230 157 019 119 101 168
0026 188 110 222 162 028 123 110 172
0027 178 114 214 188 070 135 116 202
0028 170 140 208 213 089 165 133 229
