0000 060 211 103 239 025 215 062 237
0001 057 206 101 239 026 217 064 239
0002 054 205 101 239 026 218 067 239
0003 058 203 104 239 024 213 062 237
0004 061 200 106 239 027 212 058 239
0005 060 196 106 237 023 213 062 237
0006 062 200 097 238 024 210 062 237
0007 060 191 101 239 025 201 058 239
0008 056 181 112 233 022 190 054 235
0009 012 174 057 220 065 156 110 212
0010 076 144 113 188 020 143 060 190
0011 082 133 124 176 020 130 067 173
0012 085 126 138 171 014 112 072 164
0013 092 131 147 169 012 112 070 157
0014 013 113 060 159 092 130 136 173
0015 092 130 139 175 017 118 059 162
0016 089 132 137 174 008 122 057 164
0017 089 130 135 178 010 124 056 167
0018 011 132 061 172 086 132 134 176
0019 007 130 057 171 089 130 136 176
0020 008 130 059 171 090 134 129 179
0021 090 130 137 174 011 130 061 176
0022 090 131 142 175 018 127 069 170
0023 091 131 141 174 016 127 070 168
0024 092 133 142 176 022 131 076 170
0025 094 130 140 180 016 127 076 168
0026 094 131 140 180 017 127 076 168
0027 094 132 137 180 020 125 076 169
0028 019 124 077 171 092 134 141 175
0029 092 131 141 182 018 121 073 170
0030 088 130 130 187 024 128 059 185
0031 075 161 124 211 021 159 053 200
0032 065 185 115 232 021 179 057 229
0033 063 206 106 238 027 202 060 234
0034 065 207 101 239 026 201 057 237
0035 063 206 104 239 026 202 054 235
0036 068 202 105 238 025 208 060 238
0037 066 202 106 236 025 205 057 239
0038 065 201 107 237 024 205 064 236
0039 064 203 108 238 025 206 063 237
0040 062 201 108 238 022 204 061 237
0041 062 201 108 239 022 202 061 236
0042 062 201 108 239 025 204 057 239
0043 065 202 107 239 026 204 057 239
0044 063 202 106 238 023 206 060 239
0045 061 203 103 239 025 202 056 239
0046 057 202 102 236 023 203 059 236
0047 058 203 103 237 025 201 056 239
0048 056 204 096 234 026 203 061 235
0049 059 206 095 238 025 203 062 235
0050 053 203 101 238 025 201 061 236
0051 025 201 061 236 060 207 095 239
0052 056 205 101 237 025 203 060 236
0053 057 207 100 237 025 203 060 236
0054 058 208 100 237 025 204 061 236
