0000 095 145 132 175 154 188 175 224
0001 089 165 124 200 155 192 173 221
0002 082 182 116 222 154 187 173 223
0003 157 188 174 219 078 191 103 225
0004 154 191 173 223 073 195 095 227
0005 154 193 175 227 070 196 089 224
0006 070 193 094 228 154 193 172 225
0007 069 193 093 229 158 193 175 224
0008 069 190 093 232 156 189 175 221
0009 155 189 174 221 069 191 092 229
0010 070 195 094 229 154 194 174 225
0011 155 199 171 224 072 198 089 226
0012 171 193 192 230 069 192 093 231
0013 192 178 224 219 067 197 088 230
0014 064 192 091 233 213 154 252 196
0015 220 130 267 166 061 198 086 232
0016 227 116 278 156 062 194 088 237
0017 228 116 283 156 065 190 089 232
0018 231 120 286 157 065 191 089 233
0019 233 119 285 160 058 184 092 232
0020 231 121 285 161 060 187 088 233
0021 235 124 291 163 062 188 089 231
0022 058 187 092 231 235 120 291 161
0023 058 186 093 231 235 123 287 165
0024 233 121 288 164 058 187 090 231
0025 236 132 273 167 060 188 086 232
0026 232 138 268 176 057 191 087 233
0027 221 157 251 198 061 189 088 235
0028 059 196 082 233 206 170 239 220
0029 190 185 213 230 060 197 082 233
0030 061 191 086 235 174 195 196 234
0031 159 197 185 234 066 195 088 230
0032 069 193 093 233 154 192 175 229
0033 073 196 093 224 152 190 171 223
