0000 082 187 100 217
0001 082 192 101 222
0002 081 188 103 222
0003 156 194 175 224 081 192 100 223
0004 144 161 183 204 075 190 101 226
0005 071 191 095 229 144 149 182 184
0006 068 190 094 230 138 118 176 150
0007 127 104 172 129 065 189 092 227
0008 119 095 170 129 066 189 092 228
0009 118 096 167 131 063 184 097 226
0010 118 096 167 131 067 188 091 227
0011 118 096 167 132 066 188 091 229
0012 063 182 097 226 118 096 166 132
0013 062 185 097 231 118 096 166 132
0014 121 100 164 128 064 188 090 228
0015 121 100 164 128 063 187 091 227
0016 118 097 165 132 068 188 094 228
0017 121 096 164 127 057 185 093 228
0018 134 110 178 142 056 190 081 226
0019 037 184 071 227 155 133 191 166
0020 035 192 073 232 196 167 221 216
0021 041 193 070 234 193 179 225 226
0022 185 185 209 230 046 196 078 233
0023 171 193 190 230 065 199 087 233
0024 074 194 096 229
0025 076 192 100 227
