0000 153 212 180 239 070 215 093 239
0001 154 214 177 239 071 218 094 239
0002 071 216 094 239 154 216 178 239
0003 074 215 094 239 153 214 178 239
0004 149 219 177 239 072 223 094 239
0005 073 220 093 239 148 219 175 239
0006 074 215 093 239 147 221 174 239
0007 072 220 094 239 149 212 173 236
0008 074 216 094 239
0009 150 219 177 239 075 221 093 239
0010 073 215 094 239 149 219 176 239
0011 073 219 093 239 146 218 174 239
0012 151 215 175 239 073 214 092 239
0013 074 214 092 238
0014 156 219 181 239 073 216 091 238
0015 158 198 193 235 072 220 091 239
0016 152 151 188 184 073 221 091 239
0017 137 103 180 151 070 215 092 239
0018 131 083 169 134 073 221 093 239
0019 116 077 157 118 072 215 093 239
0020 120 087 157 132 077 219 093 239
0021 115 095 154 127 073 219 093 239
0022 126 103 154 149 073 214 094 239
0023 125 104 155 150 078 216 095 239
0024 115 102 155 145 072 218 092 239
0025 072 217 093 239 115 102 153 136
0026 126 102 163 152 071 215 093 239
0027 118 102 156 145
0028 125 105 156 148 077 217 094 239
0029 126 103 155 149 074 220 093 239
0030 123 102 160 152 072 216 094 239
0031 122 104 159 149 073 214 094 239
0032 119 111 147 149 073 215 095 239
0033 110 141 149 171 074 219 093 239
0034 122 201 159 239
0035 129 208 165 239
0036 131 214 169 239
0037 138 211 165 239
0038 078 220 096 239 138 209 166 238
0039 079 216 100 239 136 210 166 238
