0000 076 199 122 239 213 203 246 239
0001 079 200 120 239 213 203 246 239
0002 081 196 127 239 215 201 247 239
0003 080 195 122 239 213 200 246 239
0004 079 189 124 239 214 203 251 239
0005 077 192 125 239 215 206 255 239
0006 079 191 126 239 212 197 247 239
0007 079 191 126 239 210 197 252 239
0008 075 190 117 239 206 199 250 239
0009 080 191 124 239 206 194 255 239
0010 079 191 125 239 205 175 249 233
0011 079 193 128 239 201 162 239 223
0012 180 152 234 206 077 192 122 239
0013 081 192 124 239 175 137 226 189
0014 157 124 214 164 083 195 126 239
0015 146 107 202 144 081 195 131 239
0016 132 096 192 130 083 194 125 239
0017 081 194 126 239 119 087 187 121
0018 116 084 183 118 080 194 126 239
0019 110 081 175 114 081 192 125 239
0020 101 083 167 116 080 193 125 239
0021 099 078 156 113 080 194 126 239
0022 095 078 152 114 082 193 126 239
0023 092 078 151 114 080 193 126 239
0024 091 081 153 117 079 193 127 239
0025 088 079 152 117 084 193 126 239
0026 084 193 127 239 087 082 146 121
0027 082 195 128 239 088 083 149 123
0028 088 084 150 124 168 202 219 239 083 197 125 239
0029 082 089 148 125 080 196 125 239 174 205 220 239
0030 082 090 148 128 079 198 126 239 173 204 221 239
0031 085 089 150 128 081 195 128 239
0032 083 083 147 121 081 195 128 239 170 207 219 238
0033 091 090 157 127 081 193 129 239 172 207 219 239
0034 083 193 129 239 096 090 164 129 171 207 218 238
0035 081 195 125 239 101 092 169 131
0036 080 197 125 239 119 093 178 135
0037 122 095 187 135 082 193 127 239
0038 136 096 210 138 082 195 127 239
0039 152 096 224 136 079 198 131 239
0040 160 096 229 139 077 189 126 234
0041 176 093 238 139 079 192 128 239
0042 177 091 243 138 079 194 129 239
0043 180 088 244 136 084 191 128 239
0044 183 087 242 136 081 194 126 239
0045 186 080 240 137 081 195 127 239
0046 185 081 241 140 081 195 123 237
0047 183 077 237 146 080 193 126 239
0048 186 077 233 156 080 195 122 237
0049 187 078 233 167 078 189 125 234
0050 185 082 232 172 080 194 125 239
0051 187 089 231 173 077 190 125 234 182 206 238 239
0052 187 090 230 174 082 194 125 239 186 205 233 239
0053 188 093 230 172 077 190 118 239
0054 188 092 231 174 085 194 129 239
0055 188 091 230 175 080 195 127 239
0056 189 088 231 170 081 195 126 239
0057 189 090 234 174 084 190 126 239
0058 191 090 237 175 084 188 126 239
0059 194 091 241 175 084 191 128 239
0060 196 102 249 174 078 190 125 235
0061 203 127 252 188 085 193 125 239
0062 078 196 124 239 215 140 259 214
0063 075 198 125 239 220 202 266 239
0064 080 198 127 239 213 198 256 239
0065 081 198 129 239 213 206 253 239
0066 076 196 123 239 213 204 252 239
0067 081 199 128 239 213 206 251 239
0068 081 197 129 239 210 204 249 239
0069 081 197 131 239 206 197 250 239
0070 080 199 127 239 213 205 250 239
0071 082 201 126 239 207 200 251 239
0072 207 197 250 239 077 202 122 239
0073 083 196 126 239 208 196 248 239
0074 082 195 126 239 207 197 250 239
0075 081 202 126 239 210 197 247 239
0076 081 195 126 239 206 199 250 239
0077 082 203 126 239 215 208 251 239
0078 082 202 125 239 211 205 249 239
