0002 159 208 202 239
0003 160 170 208 216
0004 151 126 207 172
0005 152 082 194 140
0006 158 041 195 107
0007 161 046 200 111
0008 161 068 211 113
0009 169 082 226 121
0010 170 070 242 116
0011 196 049 244 121
0012 210 063 250 123
0013 204 086 256 131
0014 209 094 258 137
0015 221 074 279 132
0016 229 072 285 131
0017 237 082 284 140
0018 239 090 290 146
0019 238 089 290 148
0020 243 087 286 148
0021 234 096 281 150
0022 211 086 259 135
0023 189 074 239 128
0024 181 064 234 117
0025 169 069 225 124
0026 168 071 224 127
0027 174 073 229 132
0028 177 074 223 135
0029 173 073 222 135
0030 181 074 227 135
0031 177 074 224 136
0032 179 073 230 136
0033 178 078 225 137
0034 182 112 229 160
0035 167 166 220 222
0036 162 218 203 239
