0000 054 219 093 239 143 215 182 239
0001 050 212 096 239 141 217 182 239
0002 052 213 097 239 142 215 178 239
0003 056 217 098 239 141 214 183 239
0004 057 217 098 239 144 216 182 239
0005 053 219 093 239 143 217 183 239
0006 053 220 097 239 140 212 183 239
0007 053 221 096 239 140 212 180 239
0008 054 222 091 239 137 211 176 239
0009 057 216 096 239 140 209 175 239
0010 138 206 175 239 052 220 096 239
0011 136 208 176 239 054 218 093 239
0012 136 208 176 239 054 219 095 239
0013 137 206 177 239 054 220 097 239
0014 137 208 176 239 050 216 096 239
0015 138 209 175 239 050 211 092 239
0016 136 205 180 239 052 218 097 239
0017 136 192 183 239 049 211 095 239
0018 132 166 184 215 053 216 100 239
0019 054 217 096 239 130 124 179 162
0020 054 218 096 239 130 105 177 142
0021 056 219 100 239 130 084 175 119
0022 051 214 095 239 129 057 188 102
0023 130 036 184 081 055 218 097 239
0024 131 017 188 065 053 221 091 239
0025 130 006 191 054 053 216 093 239 138 223 184 239
0026 130 009 193 053 053 215 093 239
0027 132 013 192 060 053 221 090 239
0028 133 018 189 065 052 217 094 239
0029 127 033 195 081 051 219 093 239
0030 128 056 188 099 051 215 089 239
0031 135 075 184 121 052 214 091 239
0032 127 098 182 141 054 219 089 239
0033 121 119 174 171 050 215 095 239
0034 121 130 177 187 056 217 096 239
0035 122 119 180 170 049 216 095 239
0036 118 103 173 151 047 214 093 239
0037 131 079 181 121 054 216 095 239
0038 055 215 096 239 126 042 183 085
0039 131 018 182 063 056 215 099 239
0040 053 215 093 239 127 008 182 049
0041 051 216 099 239
0042 055 215 099 239
0043 050 217 100 239 128 008 189 040
0044 132 011 190 059 058 217 097 239
0045 126 042 182 084 055 213 100 239
0046 129 068 180 115 053 214 099 239
0047 121 096 169 141 055 216 099 239
0048 116 119 170 172 055 215 097 239
0049 056 218 100 239 120 135 168 203
0050 113 148 168 219 050 215 100 239
0051 115 145 168 212 050 212 097 239
0052 116 127 169 183 054 213 097 239
0053 056 216 096 239 119 102 175 148
0054 127 067 179 115 054 215 095 239
0055 126 041 180 084 053 215 097 239
0056 126 022 183 067 054 213 096 239
0057 125 019 188 064 053 209 094 239
0058 052 213 096 239 115 050 188 086
0059 057 221 092 239 129 102 186 142
0060 056 217 097 239 136 172 187 227
0061 057 215 095 239 139 203 180 239
0062 056 216 099 239 145 214 181 239
0063 055 221 095 239 146 213 183 239
0064 056 218 099 239 146 213 182 239
0065 054 216 099 239 146 214 183 239
0066 146 215 182 239 052 217 100 239
0067 053 214 099 239 146 214 182 239
