0010 174 210 221 239
0011 186 162 240 206
0012 186 130 234 171
0013 199 112 247 158
0014 208 068 252 126
0015 208 069 261 113
0016 209 067 260 115
0017 191 072 248 116
0018 202 094 253 143
0019 194 106 253 164
0020 192 116 245 173
0021 188 123 247 180
0022 194 122 248 177
0023 196 109 253 158
0024 198 089 238 137
0025 203 089 246 139
0026 206 072 252 123
0027 204 068 258 112
0028 208 065 255 115
0029 206 077 256 124
0030 206 088 248 139
0031 196 122 249 172
0032 191 132 249 188
0033 186 137 247 193
0034 187 133 240 188
0035 195 134 249 191
0036 191 127 244 185
0037 192 128 247 182
0038 186 141 244 195
0039 170 178 234 236
0040 179 202 223 239
