0005 136 213 166 239
0006 140 216 177 239
0007 173 211 214 239
0008 186 174 245 208
0009 202 130 246 155
0010 200 079 259 117
0011 201 044 259 080
0012 202 026 254 065
0013 203 016 259 048
0014 205 022 264 059
0015 211 039 271 073
0016 216 061 278 094
0017 224 091 290 121
0018 223 113 290 146
0019 229 145 293 181
0020 234 167 295 204
0021 229 192 281 235
0022 250 216 298 239
0023 234 202 288 239
0024 229 183 288 224 265 200 300 230
0025 223 156 287 189
0026 217 122 285 152
0027 214 087 275 114
0028 209 066 272 103
0029 199 029 256 075
0030 198 014 245 058
0031 189 014 242 066
0032 193 017 242 061
0033 202 032 257 076
0034 206 058 264 094
0035 210 082 275 114
0036 214 099 281 130
0037 217 127 290 164
0038 229 152 296 186
0039 231 170 293 210
0040 232 179 282 228 259 197 308 234
0041 232 188 283 237 258 203 301 239
0042 232 187 283 236 257 201 301 237
0043 234 189 282 234 254 204 302 239
0044 232 183 285 235 263 199 303 236
0045 227 185 280 232
0046 218 191 263 237
0047 196 193 236 239
0048 169 200 203 239
0049 140 213 180 239
0050 133 214 170 239
0051 135 211 173 239
