0005 185 197 230 236
0006 202 159 232 196
0007 204 122 263 162
0008 201 094 263 137
0009 206 075 261 119
0010 207 062 260 108
0011 202 057 264 103
0012 210 051 266 099
0013 202 046 269 095
0014 208 049 270 096
0015 212 052 271 098
0016 211 061 275 101
0017 213 063 273 104
0018 211 072 269 109
0019 216 082 273 113
0020 213 093 274 127
0021 216 103 266 141
0022 217 107 266 144
0023 214 115 261 148
0024 216 124 256 159
0025 211 129 258 162
0026 213 130 258 164
0027 207 132 254 170
0028 209 138 253 177
0029 208 138 253 178
0030 210 143 260 186
0031 209 144 258 181
0032 208 141 252 176
0033 208 136 255 175
0034 209 130 257 170
0035 210 126 261 162
0036 216 118 261 152
0037 214 105 274 143
0038 217 104 279 139
0039 217 095 276 130
0040 222 084 284 119
0041 225 079 287 114
0042 220 078 282 113
0043 231 067 284 101
0044 224 056 294 096
0045 233 055 290 094
0046 227 054 285 093
0047 231 049 284 090
0048 222 054 288 093
0049 222 054 287 094
0050 229 055 285 095
0051 225 054 281 097
0052 221 059 281 097
0053 222 065 283 101
0054 226 077 286 116
0055 220 077 283 113
0056 221 084 283 122
0057 218 093 282 129
0058 218 096 280 133
0059 219 112 266 145
0060 216 115 266 151
0061 218 120 249 156
0062 217 122 261 157
0063 213 121 258 162
0064 211 129 256 163
0065 212 128 256 164
0066 212 124 255 165
0067 211 128 258 162
0068 210 126 256 165
0069 209 132 258 168
0070 210 135 258 170
0071 206 136 254 180
0072 198 151 247 202
0073 193 169 236 230
0074 185 208 220 239
