0000 136 206 174 239
0001 132 201 174 239
0002 133 184 178 237
0003 139 170 178 235
0004 145 158 187 206
0005 150 145 194 197
0006 149 142 191 186
0007 147 138 192 181
0008 143 137 188 185
0009 139 136 179 179
0010 132 137 177 185
0011 126 134 171 174
0012 117 132 174 171
0013 106 131 161 173
0014 098 133 151 171
0015 088 131 141 173
0016 087 129 131 173
0017 067 132 121 173 109 127 152 200
0018 064 132 118 171 102 123 153 202
0019 057 132 106 172 093 124 148 204
0020 046 131 099 172 086 125 145 199
0021 037 132 093 171 079 124 136 198
0022 035 135 089 174 076 129 135 201
0023 029 136 080 179 070 130 127 201
0024 025 137 082 175 072 137 125 208
0025 042 150 095 192 091 145 141 209
0026 057 163 106 209 087 160 147 217
0027 095 202 138 239 130 182 174 239
0028 126 198 177 239
