0002 195 213 224 239
0003 177 212 222 239
0004 169 206 223 239
0005 170 189 220 239
0006 157 181 215 230
0007 148 164 204 210
0008 139 148 208 188
0009 135 135 202 175
0010 123 127 191 171
0011 130 119 187 169
0012 132 114 187 162
0013 133 112 187 161
0014 125 114 182 156
0015 114 110 185 152
0016 116 113 184 157
0017 118 117 175 170
0018 106 119 178 168
0019 105 114 181 154
0020 111 115 176 162
0021 114 114 167 165
0022 105 116 175 161
0023 098 118 175 158
0024 101 119 161 170
0025 105 120 160 177
0026 094 124 167 173
0027 087 122 162 169
0028 088 126 158 178
0029 086 126 153 180
0030 078 130 146 184
0031 085 131 147 182
0032 082 131 146 182
0033 066 130 146 171
0034 064 128 142 168
0035 073 132 136 181
0036 063 131 137 186
0037 063 130 135 178
0038 064 132 129 185
0039 064 130 130 183
0040 058 128 128 179
0041 058 131 127 180
0042 053 133 127 180
0043 051 132 124 187
0044 057 134 118 189
0045 061 138 118 190
0046 053 138 122 189
0047 046 143 116 198
0048 052 139 112 199
0049 054 142 120 195
0050 052 143 114 200
0051 047 145 114 208
0052 055 145 108 203
0053 050 147 112 199
0054 043 149 110 200
0055 050 152 102 214
0056 059 159 108 225
0057 070 170 127 236
0058 088 190 141 239
0059 097 207 154 239
