0000 045 200 082 239
0001 050 203 084 239
0002 049 201 080 239
0003 045 200 078 239
0004 044 196 080 239
0005 049 200 081 239
0006 157 188 205 239 047 202 080 239
0007 171 112 225 192 044 198 083 239
0008 187 059 238 146 044 200 080 239
0009 190 025 245 115 047 199 081 239
0010 182 008 248 089 048 203 083 239
0011 178 005 248 084 044 200 083 239
0012 170 004 239 073 046 199 080 239
0013 166 008 238 070 046 197 081 239
0014 160 006 231 064 045 201 080 239
0015 159 006 229 065 049 202 086 239
0016 158 007 228 067 050 200 082 239
0017 160 008 228 068 045 199 083 239
0018 155 007 229 067 047 203 083 239
0019 162 009 227 068 046 196 082 238
0020 155 004 226 073 047 201 083 238
0021 154 009 227 068 052 199 086 239
0022 154 004 229 068 047 202 082 239
0023 159 006 229 071 052 203 086 239
0024 155 004 229 073 053 203 086 239
0025 161 004 225 090 054 203 087 239
0026 168 032 221 119 053 203 088 239
0027 050 201 083 239 158 161 207 227
0028 049 203 085 239
0029 052 202 088 239
0030 052 202 088 239
0031 054 201 089 239
0032 058 200 087 237
0033 057 200 090 239
0034 051 202 091 239
0035 054 200 088 238
0036 054 201 089 239
0037 052 203 088 239
