0000 152 223 187 239
0001 152 224 188 239
0002 155 220 194 239
0003 169 205 201 239
0004 175 190 215 234
0005 179 146 228 197
0006 185 092 235 158
0007 184 057 232 128
0008 188 028 229 110
0009 186 015 225 094
0010 185 013 230 078
0011 191 007 232 075
0012 186 013 231 078
0013 191 010 234 081
0014 191 008 229 081
0015 188 012 230 085
0016 188 013 229 084
0017 187 010 229 083
0018 188 009 229 083
0019 187 012 232 081
0020 191 013 234 086
0021 190 017 234 090
0022 189 023 224 100
0023 183 062 225 122
0024 182 112 219 165
0025 175 171 212 204
0026 152 206 196 239
0027 152 212 188 239
0028 150 213 188 239
0029 149 218 190 239
0030 149 220 189 239
0031 147 220 185 239
0032 143 211 184 239
0033 141 210 186 239
0034 139 217 183 239
0035 136 219 183 239
