0000 089 204 143 238
0001 089 201 149 234
0002 100 202 148 239 076 203 121 238
0003 090 201 148 234 076 205 110 236
0004 079 203 119 239 113 202 148 234
0005 083 192 147 230
0006 130 167 162 201
0007 139 140 165 173 105 136 141 175
0008 151 105 174 140 125 101 146 145
0009 154 070 187 117 134 079 157 120
0010 171 037 197 094 146 052 171 102
0011 159 028 199 090
0012 168 029 195 080 055 215 095 239
0013 166 026 195 084
0014 165 025 196 082
0015 166 026 196 085
0017 173 022 199 077 057 215 096 239
0018 173 024 198 075
0020 176 025 200 076
0021 176 021 200 070
0022 174 025 197 070
0023 176 025 200 069
0024 176 024 201 070
0025 175 024 200 074
0026 176 023 201 078
0027 177 023 201 072
0028 172 021 198 074 060 215 096 239
0029 173 022 198 073
0030 174 023 198 070
0031 175 022 200 085
0032 163 031 197 080
0033 151 041 178 096
0034 136 070 162 119
0035 110 111 142 161
0036 094 149 133 185
0037 105 188 144 222 079 179 111 212
0038 076 186 106 221 110 207 151 236
0039 113 208 151 239 066 189 104 217
0040 111 210 149 238 061 192 098 222
0041 110 207 158 239 060 199 093 236
0042 116 206 152 239 060 201 090 234
0043 111 206 156 239 057 205 090 239
0044 059 207 092 239 110 206 156 239
0045 053 207 092 239 109 211 156 239
0046 057 206 093 239 113 205 157 239
0047 113 205 157 239 052 208 091 239
0048 115 210 150 239 053 205 092 239
0049 117 207 158 239 058 209 088 239
0050 117 209 160 239 054 208 089 238
0051 114 206 159 239 054 209 091 238
0052 117 209 156 239 057 205 090 239
0053 116 209 157 239 052 208 090 239
0054 117 209 157 239 056 211 090 239
