0000 113 208 156 237 074 200 100 236
0001 106 207 158 238 085 199 127 237 075 201 099 236
0002 088 203 156 239
0003 089 186 151 222
0004 106 159 161 193
0005 129 119 163 166
0006 145 091 170 144
0007 157 064 184 120 056 217 091 239
0008 166 052 190 100
0009 165 034 193 089
0010 167 029 201 081
0011 170 023 196 072 059 214 095 239
0012 169 022 196 075
0013 170 023 197 076 059 215 092 239
0014 170 019 196 073
0015 171 020 196 072
0016 171 018 197 072
0017 166 017 201 073
0018 171 021 197 068
0019 167 018 201 073
0020 167 020 201 071
0021 174 022 199 070 053 218 090 239
0022 171 021 197 069 050 217 095 239
0023 172 018 197 069 064 213 094 239
0024 172 021 197 067
0025 172 023 196 070
0026 171 022 196 068
0027 169 023 196 075
0028 160 033 196 086
0029 157 047 183 102 055 215 092 239
0030 151 068 175 125
0031 139 103 174 152
0032 114 138 158 181
0033 107 175 152 210
0034 103 188 156 231 077 183 123 228
0035 111 197 155 232
0036 108 205 154 236
