0004 202 189 229 235
0005 211 107 261 156
0006 220 090 248 133
0007 173 037 214 082
0008 158 044 202 086
0009 159 047 198 087
0010 158 047 196 086
0011 153 047 199 084
0012 158 049 194 087
0013 153 049 200 085
0014 154 049 200 085
0015 154 049 201 085
0016 155 049 201 086
0017 155 049 201 086
0018 160 053 195 087
0019 154 050 201 086
0020 154 050 201 086
0021 154 050 202 087
0022 154 050 201 087
0023 160 051 196 090
0024 172 056 203 096
0025 191 073 224 125
0026 184 141 245 180
0027 206 196 235 239
