0002 169 211 214 239
0003 168 183 204 233
0004 153 129 195 194
0005 131 081 183 163
0006 130 053 177 138
0007 126 046 175 121
0008 124 036 165 120
0009 115 036 167 112
0010 110 033 161 113
0011 110 028 158 115 107 120 128 153
0012 111 024 163 108 104 112 132 150
0013 110 026 164 108 105 114 132 152
0014 109 021 164 108
0015 115 020 160 109
0016 109 027 162 112 105 114 128 148
0017 113 023 158 112
0018 109 018 164 110 104 119 127 151
0019 117 023 159 107 104 115 131 153
0020 111 026 163 107
0021 118 023 158 108
0022 110 028 162 106
0023 113 020 156 111
0024 111 026 161 107 027 173 066 233
0025 113 025 158 113
0026 106 022 160 113
0027 105 021 162 109
0028 110 020 159 113
0029 107 024 162 111
0030 109 020 160 113
0031 109 020 160 112
0032 110 022 163 111
0033 109 023 164 109
0034 108 028 164 107
0035 108 028 164 107
0036 111 019 158 117 027 172 065 234
0037 108 024 162 111
0038 109 022 158 114
0039 109 026 158 113 024 174 066 237
0040 115 052 168 135 026 174 063 234
0041 104 107 174 164
0042 124 187 193 235
0043 177 218 214 234
0044 175 216 216 237
0050 023 173 062 237
0051 024 174 062 237
