0000 057 183 097 223 162 202 203 239 169 145 196 200
0001 053 188 096 227 152 180 189 231
0002 056 184 099 223 139 138 171 197
0003 055 183 099 223 118 105 155 167
0004 109 063 151 133 055 183 099 223
0005 057 185 099 222 101 043 147 112
0006 102 040 154 106 057 185 099 222
0007 104 034 150 106 057 185 099 222
0008 108 037 149 109 057 185 099 222
0009 110 032 153 100 057 185 099 222
0010 059 186 096 223 103 027 153 103
0011 057 185 100 222 104 026 153 102
0012 057 185 100 222 106 029 151 103
0013 106 024 151 102 059 186 096 223
0014 059 186 096 224 103 025 153 102
0015 059 187 096 224 106 027 150 104
0016 056 186 100 224 105 025 151 104
0017 056 183 098 223 137 103 178 168 106 027 149 094
0018 056 183 098 223 109 026 146 095 137 103 179 169
0019 056 183 098 223 104 029 152 099 129 094 177 165
0020 055 183 098 223 104 028 151 100 136 099 179 167
0021 055 182 099 223 107 027 153 098 137 101 179 168
0022 055 182 099 223 104 028 152 101 135 099 179 169
0023 055 182 099 223 107 027 152 096
0024 052 187 096 228 112 028 149 103
0025 055 182 099 223 112 028 149 103
0026 108 029 151 102 055 182 099 223
0027 052 187 096 228 109 033 151 103
0028 055 182 099 223 117 047 154 114
0029 058 185 100 224 139 075 182 145 206 200 246 231
0030 151 147 196 190 057 186 100 224
0031 057 185 100 224 160 182 213 233
0032 057 185 100 224 160 198 208 239
