0000 152 183 203 233 071 158 122 205
0001 155 180 198 234 072 157 121 202
0002 162 181 206 223 072 157 121 202
0003 072 157 121 202 168 175 210 217
0004 072 157 121 202 174 175 210 220
0005 072 157 121 202 176 174 213 221
0006 072 157 121 202 177 176 213 219
0007 072 157 121 202 177 179 214 221
0008 072 157 121 202 176 177 220 219
0009 177 176 224 216 072 157 121 202
0010 071 157 122 206 179 165 227 209
0011 077 154 122 206 182 153 225 199
0012 070 158 123 205 184 128 227 173
0013 070 158 123 205 191 115 223 166
0014 070 158 123 205 196 100 232 153
0015 070 158 123 205 203 096 238 146
0016 070 158 123 205 206 093 248 146
0017 070 157 123 206 209 092 254 146
0018 066 153 123 204 208 092 255 142
0019 069 157 124 206 205 090 260 145
0020 069 157 124 206 206 090 258 145
0021 069 157 124 206 210 088 254 146
0022 070 157 124 206 206 089 256 143
0023 070 157 124 206 206 089 257 144
0024 073 159 120 204 209 088 264 139 195 128 230 166
0025 073 159 120 204 207 086 261 142
0026 073 159 120 204 206 086 264 143
0027 073 159 120 204 209 087 259 146
0028 073 159 120 204 209 088 260 146
0029 073 159 120 204 207 092 270 143
0030 073 159 120 204 210 088 260 147
0031 073 159 120 204 207 094 270 143
0032 073 159 120 204 206 094 271 143
0033 073 159 120 204 207 095 271 143
0034 073 159 120 204 207 095 270 143
0035 073 159 120 204 206 094 270 143
0036 078 155 121 206 213 092 262 143
0037 078 155 121 206 211 096 260 148
0038 077 155 122 207 201 102 248 155
0039 071 158 123 205 194 105 238 157
0040 072 156 121 202 168 135 204 174
0041 071 158 121 205 149 161 202 210
0042 146 182 198 231 075 154 116 204
0043 072 158 121 208 150 178 194 228
0044 071 158 121 206 152 181 199 231
0045 154 179 200 228 073 157 122 202
0046 147 182 197 227 073 154 126 201
0047 151 181 201 232 074 153 125 203
0048 147 180 194 228 073 157 125 204
0049 150 182 200 232 073 157 125 205
0050 150 183 200 232 076 153 123 206
