0000 126 214 160 239 030 215 065 239
0001 125 212 159 239
0002 125 212 159 239
0003 174 197 225 239 152 185 176 225 028 215 065 239
0004 167 156 227 237
0005 158 094 237 200 222 117 270 162
0006 166 072 240 179
0007 170 069 246 172
0008 171 087 276 166
0009 168 068 246 176
0010 171 070 244 172
0011 173 066 251 173
0012 175 065 250 175
0013 175 090 283 169
0014 179 078 253 184
0015 172 112 245 217 229 133 271 184
0016 161 161 263 237
0018 030 215 065 239
0019 127 212 171 239 032 216 060 237
0020 127 212 171 239 032 216 060 237
0021 129 212 171 239 030 215 065 239
0022 126 211 171 239 032 219 064 237
0023 120 212 165 238
