0003 126 217 161 238
0004 143 203 176 239
0005 159 173 189 223
0006 161 122 204 188
0007 160 098 210 163
0008 166 088 210 148
0009 159 085 210 142
0010 163 083 217 138
0011 160 083 214 143
0012 162 081 217 140
0013 162 084 218 139
0014 163 082 216 138
0015 163 082 220 137
0016 163 082 219 138
0017 164 082 217 136
0018 163 084 218 137
0019 162 084 218 138
0020 157 078 218 133
0021 162 082 219 135
0022 157 079 219 132
0023 162 084 221 137
0024 163 085 218 138
0025 163 086 222 137
0026 163 085 223 138
0027 163 085 222 139
0028 164 085 223 141
0029 167 083 225 138
0030 165 085 220 142
0031 167 083 225 137
0032 164 085 221 143
0033 163 093 215 150
0034 155 116 195 176
0035 144 167 183 216
0036 127 205 167 238
