0000 076 206 109 237 123 214 153 239
0001 077 206 110 237 123 214 152 239
0002 077 207 111 237 123 214 152 239
0003 078 206 111 237 123 214 152 239
0004 077 206 111 237 123 214 152 239
0005 077 207 110 237 123 214 153 239
0006 077 207 110 237 123 214 152 239
0007 078 206 110 236 122 214 152 239
0008 078 206 110 237 125 206 152 239
0009 078 207 110 237 133 185 158 216
0010 077 207 111 237 129 163 156 203
0011 077 207 111 237 132 139 156 187
0012 075 208 112 237 131 125 159 175
0013 076 208 111 237 133 110 163 166
0014 076 208 111 237 134 104 165 163
0015 132 101 164 155 076 208 111 237
0016 076 208 111 237 134 099 167 159
0017 076 208 111 237 134 098 167 160
0018 076 208 111 237 134 099 167 160
0019 076 208 111 237 135 096 167 154
0020 076 208 111 237 136 095 167 151
0021 076 208 111 237 134 097 165 157
0022 076 208 111 237 136 097 167 152
0023 076 208 111 237 136 097 168 153
0024 076 208 111 237 135 096 170 152
0025 136 095 170 153 077 208 111 237
0026 077 208 111 237 136 097 169 153
0027 077 208 111 237 139 093 170 154
0028 076 208 111 237 138 096 169 153
0029 077 208 111 237 138 105 169 162
0030 076 208 111 237 137 128 161 174
0031 076 208 112 237 136 156 158 189
0032 077 208 111 236 131 182 160 210
0033 077 207 110 236 130 196 157 226
0034 126 208 152 239 077 206 110 236
0035 077 206 109 236 127 213 155 239
0036 075 208 109 237 124 212 152 239
0037 075 208 109 237 127 214 156 239
0038 075 207 110 237 126 212 155 236
0039 075 207 110 237 126 215 156 239
0040 076 207 110 237 122 211 156 238
0041 076 207 110 237 122 211 156 237
0042 075 207 110 237 126 215 156 239
0043 075 206 110 237 122 211 156 237
0044 075 207 110 237 126 212 154 236
0045 075 207 110 237 126 214 156 239
0046 075 207 110 237 126 214 156 239
