0007 030 193 055 233
0008 133 183 184 237 027 202 056 236
0009 145 157 188 212 022 197 065 237 127 157 164 220
0010 160 117 198 188 139 128 175 193 021 198 066 238
0011 157 076 198 158 021 198 066 238
0012 159 058 196 139 029 197 056 236
0013 157 049 197 128 028 197 056 236 152 158 172 195
0014 163 045 205 128 029 197 056 236
0015 172 046 207 125 029 196 055 235
0016 171 047 207 126 029 197 055 234
0017 171 050 210 126 028 196 055 235
0018 171 049 210 126 010 194 053 237
0019 171 047 210 126 010 193 053 237
0020 170 047 209 126 012 195 055 237
0021 170 054 204 124 020 196 062 238
0022 170 050 203 123 019 197 062 238
0023 167 052 204 128 019 196 062 238
0024 168 055 205 128
0025 168 061 203 129
0026 160 094 202 145 029 199 056 235
0027 144 132 188 185 029 203 055 236
0028 134 169 178 235
0029 126 198 178 238
0030 028 197 057 234
0034 028 197 058 235
0035 029 199 058 235
