0001 175 202 196 236
0002 182 201 203 238
0003 113 198 133 233 190 187 211 224
0004 182 145 213 179 112 197 132 232
0005 189 107 210 145 113 196 132 232
0006 178 074 201 116 114 195 135 234
0007 175 061 195 106 113 195 136 234
0008 113 198 136 235 172 059 194 100
0009 115 200 135 236 167 057 189 099
0010 113 198 133 234 171 060 195 099
0011 113 197 133 234 168 061 189 100
0012 114 197 133 233 169 062 193 105
0013 114 196 135 234 166 058 189 102
0014 118 198 137 234 169 064 192 105
0015 117 199 137 235 168 062 189 104
0016 169 063 196 112 107 198 127 230
0017 180 089 201 120 106 192 125 229
0018 188 129 216 169 101 195 121 231
0019 100 195 119 232
0020 097 199 113 232 196 195 215 233
0021 189 201 208 235 100 195 119 231
0022 175 198 199 230
0023 175 198 196 230
0024 177 200 196 235
