0000 198 189 219 225 117 190 142 225
0001 118 190 140 223 198 191 219 226
0002 119 191 140 222 202 187 222 224
0003 119 189 141 225 218 183 242 223
0004 116 189 138 223 238 152 273 187
0005 114 191 135 222 223 116 272 151
0006 231 081 255 121 114 191 133 223 193 108 224 150
0007 222 065 245 104 114 192 132 223 194 107 229 143
0008 209 053 234 099 113 191 133 223 187 101 235 132
0009 200 051 229 093 115 190 133 224 193 098 235 131
0010 200 050 226 091 115 190 133 223 192 099 235 132
0011 198 050 223 093 115 190 134 222 191 102 235 133
0012 199 048 223 090 115 188 135 223 187 102 233 132
0013 202 051 229 094 115 189 135 223 191 100 233 134
0014 200 051 229 093 118 192 137 224 189 102 234 131
0015 201 053 230 093 115 189 134 222
0016 202 053 229 094 115 190 134 222 186 102 229 134
0017 202 053 229 096 115 190 134 222 186 107 231 136
0018 203 053 228 096 115 190 134 222 186 106 231 136
0019 202 052 228 096 117 192 137 224 189 105 232 134
0020 202 050 228 098 189 099 234 135 114 190 134 224
0021 204 057 228 099 114 189 133 224 192 099 231 137
0022 206 072 232 112 114 189 134 223
0023 115 190 135 223 199 100 235 146
0024 115 189 136 224 203 137 240 166
0025 115 190 137 225 209 152 237 204
0026 116 190 138 225 209 167 232 217
0027 202 183 225 225 116 189 139 224
0028 116 189 140 225 197 190 216 225
0029 116 193 137 225 199 189 218 226
0030 116 193 138 225 199 191 219 226
0031 115 192 138 226 200 192 218 225
0032 115 193 137 226 195 195 215 226
