0000 091 210 128 238 154 213 194 239
0001 154 212 193 238 091 210 128 238
0002 156 212 194 237 091 211 128 238
0003 154 212 194 239 092 211 128 238
0004 154 212 194 239 092 211 128 238
0005 151 214 194 239 092 212 128 238
0006 155 214 194 234 092 211 128 238
0007 155 214 193 239 091 209 128 237
0008 092 210 128 238 155 212 194 239
0009 161 210 193 239 092 209 128 237
0010 092 209 128 238 156 208 192 239
0011 163 207 196 239 091 212 133 239
0012 091 212 133 239 166 203 200 239
0013 091 212 133 239 166 203 200 239
0014 165 208 196 239 091 212 133 239
0015 164 205 202 237 091 212 133 239
0016 162 206 197 239 091 212 133 239
0017 091 212 133 239 166 206 198 239
0018 165 206 201 237 091 212 133 239
0019 163 206 201 237 091 212 133 239
0020 164 207 200 237 091 212 133 239
0021 159 209 196 238 091 212 133 239
0022 157 204 199 238 089 209 130 239
0023 165 186 201 236 091 212 133 239
0024 169 140 206 203 089 210 130 239
0025 172 106 208 175 089 210 130 239
0026 174 083 204 157 092 212 134 239
0027 173 063 205 136 092 212 134 239
0028 172 048 207 123 089 210 130 239
0029 172 041 207 114 089 210 130 239
0030 174 041 207 112 089 210 130 239
0031 173 040 208 115 089 210 130 239
0032 175 041 212 118 089 210 130 239
0033 174 044 213 121 089 210 130 239
0034 173 042 213 120 090 210 133 234
0035 174 048 208 120 091 209 128 237
0036 172 045 205 118 091 209 128 237
0037 173 046 204 117 089 215 131 239
0038 172 046 205 120 091 209 128 237
0039 173 045 208 120 089 215 131 239
0040 171 067 205 140 092 209 128 237
0041 169 102 210 165 092 209 128 237
0042 167 136 211 179 091 209 128 237
0043 162 163 204 216 091 209 128 238
0044 156 183 195 238 091 209 128 237
0045 156 203 195 239 091 210 129 237
0046 158 206 194 238 092 210 128 237
0047 158 206 195 238 091 212 133 239
0048 158 209 195 237 091 212 133 239
0049 156 207 195 239 091 212 134 239
