0009 189 217 235 239
0010 181 155 226 229
0011 179 111 223 197
0012 175 071 221 173
0013 173 054 217 148
0014 172 047 215 140
0015 169 035 215 128
0016 162 034 211 130
0017 165 031 210 126
0018 164 031 211 127
0019 169 033 210 131
0020 171 040 213 135
0021 173 037 215 136
0022 170 038 220 140
0023 173 044 218 138
0024 174 040 218 133
0025 175 038 218 136
0026 175 042 218 136
0027 174 042 219 133
0028 174 042 219 133
0029 173 040 219 135
0030 175 047 218 142
0031 177 057 223 157
0032 180 083 228 176
0033 187 119 232 207
0034 186 152 238 225
0035 189 197 242 239
0037 141 194 185 239
0038 140 201 181 239
