0000 129 214 173 239
0001 126 214 179 239
0002 125 214 179 239
0003 126 214 174 239
0004 126 212 178 239
0005 123 207 178 239
0006 127 207 170 239
0007 125 197 170 239
0008 126 189 169 239 242 080 288 123
0009 127 180 167 238 242 079 287 123
0010 128 165 167 231
0011 133 150 168 221
0012 142 131 180 211
0013 139 124 180 208
0014 140 119 181 204
0015 139 121 177 202 242 081 288 122
0016 143 122 181 200
0017 137 124 178 199 243 083 284 123
0018 138 124 177 198 244 084 284 124
0019 140 121 177 202
0020 139 121 177 199
0021 138 121 182 202
0022 143 121 182 200
0023 140 118 179 198 238 081 281 127
0024 143 121 181 198
0025 144 121 180 197
0026 144 121 180 198
0027 137 116 175 197
0028 139 118 174 202
0029 142 131 179 208
0030 136 153 181 222
0031 131 191 182 237
0032 139 218 180 239
