0000 131 209 173 239
0001 131 209 173 239
0002 131 209 173 239
0003 130 209 172 239
0004 130 208 173 239
0006 129 209 175 239
0007 134 205 179 239
0008 145 143 196 208
0009 153 094 196 176
0010 156 066 201 156
0011 162 053 202 140
0012 161 046 204 130
0013 162 043 206 125
0014 163 042 206 125
0015 163 041 207 128
0016 163 046 206 123
0017 166 039 206 129
0018 162 040 206 132
0019 165 040 205 128
0020 165 040 205 128
0021 164 043 205 128
0022 161 047 205 135
0023 156 046 199 135
0024 145 079 182 153
0025 125 119 159 181
0026 114 175 150 227
0027 099 210 144 239
0029 122 205 167 239
0030 129 208 169 239
0031 128 212 172 238
0032 131 209 170 239
0033 133 208 171 239
0034 133 208 170 239
0035 131 213 172 239
0036 133 208 171 239
