0000 172 173 191 197
0001 100 169 117 196
0002 100 169 119 198 168 174 185 204
0003 168 170 186 204 099 170 116 196
0004 168 145 185 178 099 171 119 200
0005 169 116 188 144 099 170 116 197
0006 172 065 193 109 099 169 118 196
0007 175 040 196 082 098 171 119 198
0008 175 035 195 077 099 172 116 199
0009 172 036 194 070 096 173 115 201
0010 175 036 197 073 096 173 115 201
0011 176 036 197 073 097 170 117 198
0012 175 036 196 072 098 170 120 201
0013 172 035 193 071 098 171 117 198
0014 174 036 197 082 096 169 118 200
0015 175 060 196 106 096 170 117 200
0016 174 110 195 144 096 169 118 198
0017 097 170 118 197 175 140 194 171
0018 096 171 117 198 175 169 192 202
0019 095 172 117 200 173 180 190 206
0020 096 172 117 200 172 178 188 209
0021 096 171 117 200 167 177 185 209
0022 097 170 117 198 170 179 186 211
0023 095 171 118 200 166 181 185 206
0024 097 172 116 199 165 181 184 205
