0004 130 196 180 238
0005 144 152 184 210
0006 158 108 196 180
0007 163 078 197 156 013 190 076 236
0008 161 056 197 127 151 150 173 190
0009 163 039 202 119
0010 164 035 203 111 151 145 179 187
0011 169 035 204 103 155 153 181 190 034 202 075 236
0012 170 028 208 105 156 152 181 187 029 204 077 238
0013 169 030 209 105 004 190 039 236 155 147 180 187
0014 170 028 210 104 001 192 039 233 156 151 182 186 029 204 078 238
0015 170 031 210 105
0016 169 033 204 102
0017 169 034 204 103
0018 169 035 204 103 155 150 179 189
0019 169 033 203 103 155 151 179 188
0020 169 035 204 104 155 150 182 189
0021 168 036 203 105 155 153 178 188
0022 164 050 206 113
0023 159 079 197 133 153 149 178 195
0024 145 142 194 195
0025 148 189 187 239 127 181 159 233
0026 134 199 183 239
