0007 142 217 179 239
0008 141 190 183 235
0009 152 153 189 209
0010 154 125 191 191
0011 155 104 201 174
0012 160 083 201 165
0013 164 077 209 158
0014 168 068 206 144
0015 170 058 214 147
0016 169 058 212 134
0017 170 058 208 135
0018 170 054 209 131
0019 171 054 210 135
0020 175 055 213 132
0021 172 057 210 131
0022 173 054 211 130
0023 173 054 211 130
0024 172 055 211 135
0025 171 057 210 135
0026 170 056 210 133
0027 169 059 209 135
0028 170 061 210 144
0029 168 079 207 158
0030 155 107 200 179
0031 157 122 195 198
0032 157 149 190 209
0033 158 168 189 227
0034 151 189 194 237
0035 146 214 189 239
