0000 157 187 211 235
0001 186 165 219 221
0002 192 129 228 202
0003 199 097 236 171
0004 204 076 237 153
0005 204 062 242 143
0006 212 051 248 137
0007 209 051 246 127 179 136 209 195
0008 211 046 250 127
0009 209 051 251 121 177 123 208 193
0010 212 049 250 129
0011 212 049 251 130
0012 211 048 248 131
0013 208 048 247 128
0014 210 047 250 131
0015 209 052 246 133
0016 209 052 250 133
0017 207 049 245 135
0018 207 048 245 132
0019 208 053 248 132
0020 206 050 244 130
0021 205 052 244 133
0022 205 053 242 130
0023 203 054 242 133
0024 203 056 241 133
0025 207 056 243 136
0026 198 079 240 143
0027 173 117 222 172
0028 160 156 211 210
0029 155 188 207 237
0030 152 203 202 239
0031 146 216 193 239
0032 148 218 194 239
0033 037 221 077 239 146 215 196 239
