0000 172 212 194 239 090 213 119 239
0001 172 212 194 239 090 212 119 239
0002 172 212 194 239 090 213 119 239
0003 172 213 194 239 090 212 118 239
0004 172 213 194 239 090 211 119 239
0005 172 214 194 239 090 213 119 239
0006 172 213 194 239 089 213 119 239
0007 172 212 193 239 090 213 119 239
0008 179 204 204 239 090 213 119 238
0009 193 183 222 228 089 212 119 238
0010 195 144 235 178 088 212 119 239
0011 190 093 226 138 088 212 118 239
0012 183 064 209 113 091 215 117 239
0013 176 059 202 104 091 215 117 239
0014 090 215 116 239 170 057 195 100
0015 090 212 116 239 168 059 196 100
0016 175 055 199 098 090 213 116 239
0017 175 059 199 100 090 214 117 239
0018 175 056 200 101 090 213 116 239
0019 175 055 199 100 090 213 116 239
0020 175 059 198 101 090 212 116 239
0021 175 060 198 100 090 212 116 239
0022 175 056 199 101 090 213 116 239
0023 173 057 197 101 090 212 116 239
0024 091 214 117 239 175 058 198 101
0025 175 061 196 096 091 214 117 239
0026 175 074 199 109 091 214 117 239
0027 175 093 200 126 091 214 117 239
0028 175 118 201 161 091 214 117 239
0029 175 156 202 201 090 214 117 239
0030 174 191 199 231 090 214 116 239
0031 171 204 196 239 090 214 117 239
0032 088 210 119 238 170 213 193 237
0033 091 214 117 239 172 212 191 238
