0000 087 222 129 239
0001 087 222 129 239
0002 087 222 129 239
0003 087 222 129 239
0004 087 222 129 239
0005 087 222 129 239
0006 087 222 129 239
0007 087 222 129 239
0008 087 221 129 239
0009 086 220 128 239
0010 052 215 086 239 084 217 131 239
0011 036 198 090 239 088 216 131 236
0012 035 171 088 225 089 214 137 239
0013 054 139 106 180 071 201 127 239
0014 051 191 111 239 069 124 131 164
0015 028 188 090 238 089 119 151 152
0016 009 190 070 236 115 113 170 154
0017 000 191 055 236 123 134 176 173
0018 000 193 051 238 124 137 179 183
0019 000 202 050 239 125 142 175 189
0020 001 200 049 239 124 144 179 195
0021 000 201 049 239 123 143 178 194
0022 000 200 048 239 124 143 178 193
0023 000 198 048 239 121 143 174 190
0024 000 195 049 239 118 144 173 189
0025 000 196 050 237 119 140 173 187
0026 002 193 053 237 120 138 173 183
0027 008 191 064 239 111 125 167 170
0028 031 188 088 239 095 125 151 164
0029 070 200 120 238 068 149 123 192
0030 060 180 108 232 098 214 149 239
0031 048 207 095 239 110 217 149 237
0032 114 222 146 239
