0013 081 207 142 239
0014 077 188 133 237
0015 068 186 128 236
0016 052 188 112 227
0017 089 217 132 236 033 197 108 230
0018 093 209 143 238 024 185 105 220
0019 099 200 146 238 022 173 098 210
0020 096 191 146 234 020 166 095 200
0021 094 186 148 231 022 157 090 193
0022 099 182 151 226 019 156 098 196
0023 097 177 151 217 019 151 091 191
0024 105 168 156 210 018 148 087 187 055 162 104 197
0025 106 166 159 208 019 138 093 180
0026 101 164 158 203 023 139 090 182
0027 105 166 158 209 023 132 085 176
0028 113 162 166 203 015 134 090 172 059 156 113 192
0029 120 161 173 202 013 135 082 172
0030 124 163 173 203 013 137 081 172
0031 113 161 172 200 011 141 082 177
0032 113 162 170 202 021 143 084 178
0033 114 163 168 204 006 142 082 184
0034 119 165 168 206 006 141 080 177
0035 106 169 163 208 008 143 083 183
0036 107 165 161 207 014 145 079 180
0037 111 166 167 207 009 141 085 176 061 158 112 196
0038 126 166 172 206 005 140 076 175
0039 117 166 170 209 008 143 076 178
0040 112 168 166 208 021 143 083 178
0041 114 168 170 214 010 142 083 178
0042 118 166 172 209 010 140 071 178
0043 122 167 174 212 004 142 075 178
0044 110 167 165 210 009 143 076 178
0045 108 169 161 209 011 143 081 177
0046 112 165 166 207 006 143 067 179
0047 115 165 169 209 002 143 079 177
0048 104 167 158 211 008 142 087 181
0049 100 167 157 210 008 142 080 178
0050 104 165 158 206 007 143 083 182
0051 107 165 166 205 003 143 077 177
0052 105 164 162 206 007 144 066 179
0053 102 167 159 208 000 145 078 184
0054 093 172 148 214 010 140 065 181
0055 083 185 135 232 032 164 089 212 028 132 078 185
0056 079 198 130 239 050 155 100 195 151 133 189 171
0057 067 168 119 212 079 208 123 238
0058 082 191 123 236
0059 082 209 127 239
