0000 166 194 191 233 082 193 100 227
0001 167 195 192 233 084 192 103 226
0002 166 194 191 233 084 192 105 228
0003 166 195 191 234 084 192 104 227
0004 167 195 191 232 084 192 105 227
0005 166 194 192 235 084 192 105 227
0006 166 194 192 235 082 185 104 226
0007 167 193 192 230 082 185 104 225
0008 167 193 192 230 084 190 105 226
0009 165 194 190 231 084 189 108 225
0010 159 191 186 226 083 187 108 222
0011 149 173 184 219 085 185 111 221
0012 130 157 174 195 081 184 104 217
0013 121 139 155 173 080 181 103 219
0014 079 178 103 216 106 113 147 143 142 116 192 153
0015 100 090 141 116 079 175 107 216 141 099 181 143
0016 080 169 108 208 098 086 145 117 124 091 177 135
0017 081 164 109 206 100 082 138 103 105 082 175 130
0018 086 163 113 208 097 082 139 104 121 091 178 131
0019 088 162 115 204 095 084 136 108 125 093 179 132
0020 090 164 116 208 094 085 135 112 122 093 178 132
0021 092 167 116 201 091 087 126 122 116 098 174 131
0022 089 164 115 207 087 093 125 130 107 101 176 135
0023 088 167 115 212 082 098 124 146
0024 092 166 121 209 085 122 138 162
0025 094 162 129 211 091 138 136 179
0026 095 152 132 206
0027 101 158 132 211
0028 105 152 139 210
0029 106 151 143 203 144 097 180 147
0030 103 157 145 208
0031 111 152 144 205
0032 109 154 149 203
0033 110 154 145 206
0034 109 155 149 204
0035 106 149 146 206
0036 103 159 152 208
0037 097 173 122 211 122 159 168 208
0038 134 166 178 216 088 177 116 216
0039 147 177 181 225 086 183 114 218
0040 155 179 193 226 079 183 102 219
0041 162 185 195 229 078 189 101 225
0042 166 191 194 234 078 190 101 226
0043 083 188 104 224 170 197 193 237
0044 170 199 193 237 084 188 106 223
0045 169 198 193 235 083 191 104 223
0046 169 197 192 235 085 188 107 224
0047 167 195 191 235 082 189 104 219
0048 164 195 190 231 082 187 103 224
0049 164 196 192 235 082 187 103 223
0050 164 192 190 236 083 186 101 220
0051 163 194 190 236 084 186 101 219
0052 163 194 190 236 086 186 106 222
0053 164 194 191 236 086 189 106 224
0054 164 194 191 236 083 186 101 219
