0000 171 225 193 239
0002 173 218 194 239
0009 174 225 191 239
0012 170 225 191 239
0015 164 224 188 239
0016 150 210 180 239
0017 106 171 151 222
0018 094 143 150 179
0019 097 099 134 132 134 122 176 162
0020 098 094 136 119 124 108 175 149
0021 123 106 177 145 101 093 132 116
0022 099 092 137 117 122 104 177 145
0023 099 090 139 117
0025 108 091 140 114
0026 110 093 152 113
0027 111 091 158 114
0028 123 087 180 114
0029 149 088 187 113
0030 147 087 201 113
0031 148 087 201 112
0032 148 087 201 113
0033 148 088 202 113
0034 149 089 198 116
0035 150 091 199 119
0036 144 092 193 119 172 099 214 159
0037 140 104 186 131 180 119 212 176
0038 134 135 184 178 169 146 196 180
0039 151 168 191 231
0040 154 197 186 239
0041 161 222 189 239
0043 172 220 192 239
