0000 060 210 085 234 138 184 163 226
0001 058 207 083 239 132 164 165 206
0002 122 138 173 170 058 208 082 239
0003 057 210 082 234 114 112 165 144
0004 056 206 083 235 098 096 141 120
0005 057 207 082 239 088 090 136 120
0006 059 211 081 235 083 089 138 119
0007 082 089 134 120 058 214 081 238
0008 058 213 082 237 084 088 131 116
0009 058 209 083 239 085 092 132 119
0010 058 212 084 239 088 093 135 121
0011 052 211 076 236 097 092 140 119
0012 048 207 076 239 132 082 178 113
0013 048 204 076 239 149 083 195 112
0014 047 205 073 239 153 088 200 120 176 108 196 146
0015 043 206 069 239 157 090 195 119
0016 044 206 071 239 153 091 194 116 174 111 195 150
0017 046 206 076 239 157 093 197 115 174 106 195 149
0018 051 207 077 239 157 091 196 120 171 104 193 152
0019 158 093 196 120 052 205 081 239 173 114 194 152
0020 054 204 079 235 157 093 196 124
0021 054 205 079 236 153 095 194 131
0022 056 203 080 235 159 098 196 139
0023 160 109 194 145 057 206 083 239
0024 060 208 085 239 160 122 191 159
0025 057 209 085 239 156 151 191 189
0026 060 207 085 235 150 172 181 218
0027 143 195 171 236 063 211 087 239
0028 142 197 168 237 063 209 088 239
0029 066 209 089 236 143 201 169 230
0030 058 211 085 238 150 196 176 231
0031 056 209 084 238 154 197 176 230
0032 150 197 178 235 060 211 086 235
0033 146 200 170 234 060 209 087 239
