0003 078 218 098 239
0004 091 191 114 225 140 217 184 239
0005 126 203 166 235 091 170 133 202
0006 106 121 147 162 096 162 147 196 075 141 119 184
0007 091 149 146 188 111 102 147 134 074 137 111 174
0008 095 111 146 154
0009 095 096 138 128 108 144 142 172
0010 101 103 149 143
0011 095 119 141 155 114 094 152 124
0012 096 082 141 115 113 129 145 163
0013 095 084 138 115 106 128 148 163
0014 099 102 149 137
0015 097 113 141 146 115 090 156 121
0016 096 088 138 123 115 122 152 151 161 120 205 157
0017 106 120 142 148 096 097 142 131
0018 101 114 146 148 112 091 152 118
0019 101 113 140 145 123 094 159 122
0020 096 086 140 116 119 119 154 146 168 123 207 159
0021 113 139 148 172 096 083 136 114
0022 088 106 132 141 116 166 158 200
0023 071 140 133 178 127 190 165 224
0024 133 208 169 238 096 183 126 222
0025 091 208 118 239 143 217 173 239
0026 150 222 177 239 089 216 110 239
0027 154 217 177 239
0028 153 220 177 239
0029 152 221 177 239
0030 150 215 181 238
