0000 103 201 130 229 153 155 189 190
0001 151 131 178 157 115 184 149 206
0002 130 157 155 178 156 132 187 158
0003 147 147 180 176 138 125 161 152
0004 127 131 164 164
0005 140 107 175 135 138 139 161 161
0006 143 122 180 157
0007 138 123 168 163
0008 143 105 168 132 138 141 162 164
0009 143 121 181 157
0010 137 122 167 163
0011 142 105 168 134 136 140 166 165
0012 139 122 179 152
0013 141 147 171 174 137 122 167 147
0014 131 140 170 172
0015 132 153 170 182
0016 162 176 187 206
0017 110 199 135 231 175 185 197 222
0018 106 203 129 236 175 188 198 229
0019 099 207 122 235 178 190 201 228
0020 178 190 201 230 098 205 121 234
0021 100 208 123 235 178 193 198 224
0022 105 205 128 237 174 188 196 227
