0000 158 164 205 203 043 145 094 201
0001 158 164 203 201 049 147 095 203
0002 158 164 203 203 050 146 095 200
0003 158 164 205 203 046 148 093 199
0004 159 164 206 203 046 151 095 201
0005 160 166 207 203 046 149 090 204
0006 162 165 203 205 040 147 087 203
0007 160 164 206 204 046 151 093 200
0008 159 161 204 200 048 147 092 199
0009 046 148 091 202 160 152 199 198
0010 160 128 204 172 049 148 095 197
0011 159 095 206 145 047 149 091 203
0012 160 066 210 120 048 150 092 202
0013 160 047 210 098 049 149 095 202
0014 166 037 214 086 049 150 095 201
0015 162 026 207 081 048 151 095 201
0016 163 025 212 076 047 148 090 202
0017 047 148 095 202 167 023 213 076
0018 048 148 094 198 162 022 206 074
0019 050 152 091 199 164 016 207 074
0020 166 019 206 070 047 152 096 204
0021 042 147 088 197 161 019 208 071
0022 047 152 095 207 163 020 211 072
0023 162 020 205 069 044 151 093 202
0024 166 017 207 070 047 149 094 202
0025 167 022 212 076 050 150 091 202
0026 167 027 213 081 048 149 098 200
0027 044 144 095 204 161 046 208 099
0028 164 068 216 127 041 145 097 201
0029 041 144 091 198 164 095 213 145
0030 046 147 097 203 166 135 204 179
0031 165 153 208 195 050 146 093 204
0032 048 147 097 197 168 160 212 211
0033 049 152 097 201 163 166 210 210
0034 047 149 095 202 167 166 211 207
0035 046 146 098 203 167 171 209 211
0036 045 143 092 204 165 170 212 211
0037 044 147 094 202 169 170 208 205
0038 049 148 090 205 168 167 207 205
0039 046 148 095 203 165 169 209 210
