0011 130 211 170 239
0012 131 188 177 238
0013 132 154 173 213
0014 131 125 172 183
0015 130 105 171 163
0016 131 097 171 158
0017 128 085 172 149
0018 127 084 173 146
0019 130 073 169 148
0020 129 079 173 139
0021 130 077 170 147
0022 131 076 172 141
0023 128 079 169 139
0024 129 076 168 149
0025 130 074 172 142
0026 129 077 171 139
0027 128 077 172 139
0028 128 076 172 138
0029 127 077 172 139
0030 128 075 174 140
0031 128 076 173 139
0032 127 089 175 151
0033 133 117 177 174
0034 139 140 179 197
0035 143 180 181 230
0036 141 221 185 239
