0000 057 206 094 239 105 205 143 239
0001 060 207 089 237 105 207 147 239
0002 108 206 146 239 057 210 091 239
0003 106 207 145 239 058 209 091 238
0004 059 208 092 239 109 188 150 228
0005 059 208 091 239 114 160 154 198
0006 058 210 090 239 123 141 161 184
0007 059 209 091 239 128 108 159 155
0008 059 210 090 239 127 084 162 125
0009 058 208 091 239 130 079 157 114
0010 058 207 091 237 131 074 158 109
0011 059 209 090 239 131 071 158 104
0012 058 206 093 239 129 080 156 111
0013 058 206 094 239 135 082 162 114
0014 057 207 092 239 128 082 164 118
0015 057 206 092 238 127 083 164 115
0016 058 208 090 238 131 087 167 122
0017 058 208 091 238 132 086 166 119
0018 127 082 162 118 061 207 091 238
0019 060 208 088 239 126 082 162 117
0020 058 207 092 239 127 080 163 114
0021 059 206 092 237 126 080 163 114
0022 058 209 090 239 121 081 160 116
0023 058 208 090 239 122 095 158 133
0024 056 205 092 239 118 137 153 184
0025 058 206 091 239 119 177 146 208
0026 057 208 090 239 104 197 146 236
0027 058 208 090 239 102 209 145 239
0028 059 206 091 239 109 210 145 239
0029 057 206 091 239 106 210 142 239
0030 058 207 091 239 105 212 146 239
0031 060 209 089 235 107 204 145 239
0032 057 210 090 238 106 206 144 239
0033 057 206 091 238 102 208 143 239
0034 057 207 092 238 102 208 143 239
0035 102 208 143 239 058 208 090 238
0036 104 213 143 239 057 207 092 238
0037 058 206 092 236 108 206 146 239
0038 058 208 092 238 107 205 145 239
0039 058 204 092 237 109 210 143 239
0040 059 204 094 238 108 211 143 239
0041 058 208 090 239 107 205 145 239
0042 059 210 090 239 109 210 143 239
0043 061 210 088 239 108 210 142 238
0044 059 208 092 239 108 211 142 239
