0004 121 221 162 239
0005 129 209 172 239
0006 134 190 178 239
0007 138 164 182 211
0008 144 132 192 189
0009 153 104 196 170
0010 150 087 197 150
0011 150 081 195 143
0012 152 077 194 134
0013 153 073 195 127
0014 158 069 197 125
0015 163 067 200 131
0016 161 072 197 127
0017 160 065 198 129
0018 162 067 197 135
0019 163 067 202 133
0020 159 072 199 129
0021 163 067 202 133
0022 161 069 198 135
0023 158 070 197 128
0024 156 071 198 131
0025 155 078 191 151
0026 147 100 187 160
0027 137 121 176 178
0028 128 151 170 201
0029 124 172 165 219
0030 108 209 153 239
