0000 061 152 122 210 125 210 175 239
0001 043 147 106 204 130 215 181 239
0002 043 135 095 193 121 217 174 239 147 201 189 238
0003 044 129 098 189 123 214 172 239 154 200 195 238
0004 042 130 096 188 123 206 178 239
0005 046 126 095 191 132 192 196 239
0006 047 127 095 190 150 168 196 215
0007 051 130 096 194 171 130 221 178
0008 048 132 104 191 156 113 203 171
0009 048 126 099 192 156 098 191 161
0010 049 129 099 191 157 095 204 154
0011 149 093 197 162 050 134 100 190
0012 044 132 095 190 156 090 202 161
0013 153 093 196 160 044 133 096 188
0014 041 133 092 187 151 092 191 149
0015 044 132 094 187 158 094 198 157
0016 154 094 196 158 043 133 092 187
0017 150 107 201 169 046 131 095 188
0018 052 137 105 192 147 136 204 189
0019 140 178 194 239 043 159 097 215
0020 043 188 100 239 143 207 196 239
0021 143 214 186 239
0022 139 214 185 239
0023 139 211 182 239
0024 137 208 187 239
