0000 226 202 269 239 130 220 177 239
0001 130 220 177 239 227 202 269 238
0002 130 220 177 239 227 201 270 238 151 042 194 110
0003 226 201 272 238 130 220 177 239
0004 232 185 280 229 130 220 177 239
0005 237 163 287 213 130 220 177 239
0006 241 133 284 188 130 220 177 239
0007 234 109 279 164 130 220 177 239
0008 229 096 271 152 130 220 177 239
0009 222 083 260 141 130 220 177 239
0010 211 075 258 131 130 220 177 239
0011 204 069 253 130 130 220 177 239
0012 199 066 249 127 130 221 177 239
0013 200 068 248 127 131 221 177 239
0014 198 069 248 126 130 221 177 239
0015 198 067 248 127 130 221 177 239
0016 202 068 248 128 130 221 177 239
0017 198 063 250 123 130 221 177 239
0018 201 066 252 123 131 221 177 239
0019 204 063 254 123 131 221 177 239
0020 205 061 254 121 131 221 177 239
0021 209 060 252 121 131 221 177 239
0022 209 059 253 122 131 221 177 239
0023 209 062 254 122 131 221 177 239
0024 210 063 254 121 131 221 177 239
0025 211 063 255 125 131 221 177 239
0026 216 067 258 129 131 221 177 239
0027 226 076 267 137 130 221 176 239
0028 240 111 277 169 131 221 176 239
0029 242 141 284 190 131 221 177 239
0030 239 175 276 226 131 221 177 239
0031 233 198 274 238 131 221 177 239
0032 228 203 267 235 131 221 177 239
0033 228 201 269 234 131 221 177 239
