0000 045 222 078 239
0001 044 223 076 239
0002 044 223 076 239
0003 044 223 076 239
0004 044 223 076 239
0005 043 223 076 239
0006 044 223 076 239
0007 044 224 075 239
0008 108 216 152 239 044 223 075 239
0009 104 193 150 239 044 223 075 239
0010 103 178 158 226 044 224 075 239
0011 109 150 151 204 044 224 076 239
0012 109 131 154 183 044 224 075 239
0013 113 110 159 167 044 224 075 239
0014 116 092 162 150 043 223 076 239
0015 123 081 161 141 043 223 076 239
0016 127 058 164 119 043 223 076 239
0017 132 050 170 117 043 223 076 239
0018 137 042 174 109 044 223 075 239
0019 142 040 180 108 043 223 075 239
0020 145 036 182 103 043 223 075 239
0021 150 036 189 100 043 224 075 239
0022 154 031 192 097 043 224 075 239
0023 155 031 195 096 043 223 075 239
0024 161 028 193 096 043 223 075 238
0025 161 027 193 095 043 223 075 238
0026 161 028 193 093 043 223 075 238
0027 161 028 193 092 043 223 075 239
0028 161 028 194 096 043 223 075 239
0029 156 034 195 094 043 223 075 239
0030 157 041 193 101 044 222 076 238
0031 146 078 184 135 044 222 076 238
0032 139 130 179 197 044 223 076 239
0033 123 175 173 225 044 223 076 238
0034 112 201 156 237 043 222 076 238
0035 112 219 151 239 043 222 076 238
0036 044 222 076 238
0037 043 223 075 238
0038 046 222 078 239
