0001 133 214 192 239
0002 133 183 191 232
0003 140 157 198 213
0004 155 125 198 183
0005 165 095 213 173
0006 162 074 205 152
0007 160 059 206 129
0008 161 054 204 121
0009 168 050 211 121
0010 168 041 208 111 069 219 114 239
0011 169 036 208 109 069 217 115 239
0012 165 034 203 109 068 219 113 239
0013 161 033 198 106 069 219 113 239
0014 163 030 201 099
0015 157 035 195 104
0016 152 035 189 101
0017 149 037 185 102
0018 153 039 184 100 069 220 110 239
0019 154 031 188 099
0020 155 028 195 100
0021 158 026 197 103
0022 161 024 206 100 072 217 114 239
0023 169 021 211 101 071 218 114 239
0024 173 025 218 097 074 219 114 237
0025 175 019 219 093 071 220 109 239
0026 180 025 224 093 071 221 109 239
0027 182 029 223 097 071 221 109 239
0028 182 026 224 094 071 221 109 239
0029 185 033 229 096 071 221 109 239
0030 185 025 227 099 070 221 109 239
0031 185 025 230 100
0032 184 025 226 098
0033 184 025 229 099
0034 184 027 229 101 074 193 111 239
0035 184 027 229 100 073 185 109 237
0036 183 027 228 100 072 187 113 239
0037 181 030 227 105 071 186 114 239
0038 174 048 216 115 069 219 114 237
0039 163 079 211 138 065 216 117 239
0040 153 111 208 165 067 221 111 239
0041 067 221 111 239 183 134 220 185
0042 067 222 113 239
0043 066 222 113 239
0044 066 222 113 239
0045 065 222 113 239
