0009 201 163 245 232
0010 210 108 247 197
0011 206 084 245 166
0012 204 065 247 141
0013 206 071 250 123
0014 204 055 247 118
0015 202 053 245 114
0016 205 052 248 117
0017 196 054 249 109
0018 199 061 245 116
0019 201 061 248 111
0020 196 062 245 113
0021 202 057 245 117
0022 195 063 244 116
0023 196 078 247 119
0024 195 077 241 114
0025 195 077 242 115
0026 194 074 243 115
0027 194 076 243 115
0028 194 075 243 114
0029 194 077 242 116
0030 198 067 245 122
0031 199 073 240 136
0032 198 095 241 184
0033 190 195 239 239
