0000 092 219 115 239
0001 090 221 110 239
0006 179 219 204 237 089 215 117 239
0007 103 194 139 227 173 185 206 223
0008 182 118 220 167 102 130 146 173
0009 108 078 144 129 190 081 221 132
0010 189 067 221 123 108 060 145 121
0011 189 066 219 118 112 061 146 119
0012 187 061 220 122 113 062 144 111
0013 188 062 219 119 110 059 146 117
0014 185 061 219 121 110 058 146 116
0015 110 057 144 116 185 061 218 118
0016 186 064 219 118 109 057 144 114
0017 112 065 141 112 187 063 220 119
0018 111 065 140 112 185 060 218 117
0019 185 061 216 117 108 060 143 115
0020 179 061 220 114 108 059 144 116
0021 186 062 217 119 107 057 146 116
0022 189 071 226 122 108 070 148 116
0023 093 141 139 176 206 137 241 171
0024 088 211 124 239 200 211 226 239
0025 183 222 203 239
0026 181 223 201 239
0028 183 220 205 239 082 221 105 239
0029 188 221 208 239 089 220 111 239
