0000 189 214 214 239 105 212 126 239
0001 104 214 125 239
0002 105 213 125 239
0003 106 214 125 239
0004 107 214 130 239
0005 194 210 219 238 104 215 127 239
0006 194 215 218 239 104 214 127 239
0007 194 212 224 239 104 214 127 239
0008 194 213 223 239 109 213 131 239
0009 194 214 219 239 105 214 127 239
0010 195 215 220 239 109 214 132 239
0011 193 213 220 239 109 215 132 239
0012 197 220 222 239 109 213 130 239
0013 192 210 228 239 107 211 131 239
0014 199 221 220 239 109 214 131 239
0015 102 210 128 239 196 219 222 239
0016 097 207 119 239 199 214 224 239
0017 095 164 129 199 199 167 229 202
0018 195 126 232 172 098 122 123 164
0019 110 078 136 119 187 086 222 137
0020 192 061 220 106 112 057 145 098
0021 117 052 142 094 188 057 213 102
0022 189 058 214 104 114 050 140 095
0023 114 052 139 096 189 060 213 104
0024 192 059 217 104 114 051 140 097
0025 188 056 213 104 118 053 143 096
0026 188 061 214 102 118 054 143 095
0027 190 060 214 104 118 055 143 095
0028 118 055 144 098 186 063 211 104
0029 115 071 150 112 174 085 216 129
0030 105 145 138 172 192 181 220 231
0031 195 205 224 239 104 186 133 232
0032 189 212 219 239 103 211 132 239
0033 104 210 131 239 195 207 218 238
0034 105 207 131 239 189 211 220 239
