0005 113 168 175 231 184 177 224 232
0006 111 115 154 189 171 111 214 167
0007 154 092 195 163 098 100 141 166
0008 155 091 196 162 101 096 145 168
0009 113 106 156 170 166 098 206 153
0010 112 114 162 178 172 114 213 166
0011 108 110 149 174 157 101 198 164
0012 114 115 155 185 161 104 202 167
0013 113 118 158 186 173 116 207 166
0014 107 111 149 180 166 110 208 169
0015 104 110 149 181 165 101 204 170
0016 113 118 155 184 173 115 214 168
0017 107 117 150 184 167 114 209 170
0018 105 113 149 185 165 107 205 166
0019 113 123 158 192 176 119 215 173
0020 110 124 157 193 179 124 215 179
0021 112 122 157 189 180 125 219 178
0022 115 133 161 202 183 138 224 190
0023 181 176 227 233 113 165 165 228
0024 111 191 176 239 181 204 229 239
