0000 165 196 215 230
0002 166 195 220 235
0003 167 207 226 239
0004 167 192 216 239
0005 160 194 212 239
0006 156 189 212 239
0007 142 182 201 239
0008 133 156 188 214
0009 116 092 174 126
0010 137 055 186 092
0011 152 033 198 084
0012 036 209 088 239 132 040 193 084
0013 044 188 110 235 136 043 190 081
0014 143 030 192 080 068 151 129 196
0015 056 115 147 179 142 031 196 077
0016 044 122 128 172 139 042 201 083
0017 141 029 197 081
0018 141 023 192 078 044 101 111 144
0019 020 089 100 133 141 032 189 078
0020 127 043 195 080 013 087 075 151
0021 005 079 050 134 143 038 197 087
0022 146 030 194 082 004 065 036 107
0023 147 030 196 082
0024 126 041 187 084
0025 133 042 195 083
0026 008 074 072 124 125 047 182 087
0027 045 082 109 138 117 058 174 111
0028 060 099 123 151 117 100 165 155
0029 063 152 116 208 120 158 176 210
0030 043 195 095 239 126 194 183 239
