0000 002 196 037 239
0001 002 196 037 239 073 214 102 239
0002 002 196 037 239 066 213 103 239
0003 002 196 037 239
0004 002 196 037 239
0005 002 195 037 239
0006 002 195 037 239
0007 002 195 037 239
0008 069 212 103 239
0009 070 215 102 239
0010 002 194 038 239
0011 077 211 117 239 200 220 223 239
0012 081 197 118 237 003 197 038 239 199 219 223 239
0013 084 180 136 217 196 218 223 239
0014 089 166 144 201 002 196 038 239
0015 096 153 150 187 184 222 221 239
0016 106 140 160 172 202 187 238 230
0017 117 138 169 166 201 143 239 188
0018 120 158 175 191 194 096 234 133
0019 120 178 171 216 189 062 227 104
0020 117 185 165 230 178 048 214 089
0021 117 183 172 231
0022 114 183 165 228
0023 114 174 169 213 187 056 227 090
0024 112 159 173 191 188 069 228 104
0025 187 073 231 110 110 140 173 171
0026 126 149 185 176 002 197 039 239
0027 122 160 178 202 178 048 213 080
0028 117 167 166 203 184 060 221 094
0029 113 146 170 180 182 073 235 113
0030 119 129 178 159 184 071 227 106 002 196 038 239
0031 120 133 184 162 002 196 038 239 179 053 214 085
0032 120 156 168 194 179 050 217 080
0033 103 147 153 192 187 056 225 090
0034 103 144 150 179 188 051 228 084 185 217 208 239
0035 094 140 137 190 182 043 221 080
0036 185 056 227 088 082 135 124 187 002 195 037 239
0037 083 131 127 180 186 059 226 093
0038 077 132 119 183 182 046 223 081 052 119 110 161
0039 055 122 102 183 185 050 227 084
0040 045 111 093 170 186 062 228 095
0041 045 104 091 156 183 057 220 084
0042 041 081 094 142 182 053 220 083 002 196 037 239
0043 044 080 095 141 183 053 221 084
0044 186 059 226 092 055 089 101 140
0045 187 078 233 110 072 110 115 151
0046 194 098 235 129 076 126 123 164
0047 187 129 245 171 085 154 126 190
0048 086 179 130 221 189 175 229 215
0049 085 202 127 239 189 206 228 239
0050 077 210 122 239
0051 072 221 119 239
0052 076 213 113 239 003 194 037 238
0053 071 216 110 239 001 196 037 239
0054 078 219 109 239 002 198 039 239
0055 072 221 117 239 002 199 039 239
