0009 150 164 190 229
0010 144 086 189 141
0011 138 038 178 101
0012 125 033 162 091
0013 119 030 158 080 094 009 130 074
0014 118 024 160 082
0015 121 023 164 088
0016 127 021 167 084
0017 131 020 176 089
0018 128 021 173 084
0019 124 021 165 089
0020 126 021 165 084
0021 126 015 164 084 099 166 150 212
0022 127 011 166 085 093 146 152 191
0023 130 021 170 081 090 136 141 175
0024 128 016 167 083
0025 128 019 167 079 074 115 139 168
0026 129 018 166 080 077 105 134 155
0027 127 013 170 084 104 100 153 132
0028 132 020 171 083
0029 130 019 173 080 026 132 107 175
0030 131 021 177 084 020 144 086 190
0031 130 021 177 080 017 146 072 190 122 208 146 239
0032 129 017 177 080 016 136 066 178
0033 127 017 166 079 007 114 058 157
0034 125 015 166 075 009 098 062 137
0035 127 016 164 074 008 093 059 137
0036 127 018 170 079 011 091 043 135
0037 127 016 171 078
0038 130 018 170 083
0039 125 016 168 084
0040 131 020 173 081
0041 131 020 174 083
0042 129 027 172 085
0043 011 148 042 175 132 048 170 102
0044 124 087 173 141 014 192 064 236
0045 127 172 176 235
0046 129 215 162 239
