0003 197 206 234 239
0004 200 180 241 222 066 216 097 239 002 196 038 239
0005 085 197 127 239 187 105 236 147 001 195 037 239
0006 092 199 135 239 184 067 227 106 187 216 209 239
0007 088 202 128 239 183 213 204 239
0008 084 202 128 239
0009 092 178 136 211 181 057 223 091
0010 187 070 231 105 093 139 149 170
0011 184 066 232 104 107 123 165 157
0012 122 128 179 158 186 220 208 239 185 047 230 090 003 193 037 239
0013 119 159 180 195
0014 109 164 163 207 005 202 037 239
0015 106 142 169 170 191 061 236 100
0016 121 119 183 146 190 061 237 101
0017 119 124 183 151 182 042 221 081
0018 110 141 172 171 177 034 215 069
0019 100 141 156 178
0020 091 125 144 161 189 041 227 078 005 201 036 239
0021 076 120 120 167 183 033 217 064 049 110 098 156
0022 046 103 094 151 003 194 037 238
0023 038 091 085 142 182 210 204 239 179 030 217 068
0024 032 062 076 127 185 034 220 076
0025 020 044 068 099 187 218 209 239 178 032 215 067
0026 023 038 064 092 185 030 222 070 180 221 209 239
0027 022 033 064 093 178 032 215 068 002 195 038 239
0028 022 040 062 098 178 033 215 067
0029 023 048 067 106 178 033 216 067
0030 032 077 070 119 187 042 228 078 184 218 205 239 002 198 038 239
0031 193 065 234 103 044 106 083 146
0032 193 094 243 130 046 145 089 186
0033 047 176 086 231 200 136 243 177
0034 193 179 242 227 050 208 081 239
0035 192 204 234 239 003 196 037 239 057 206 087 239
0037 060 214 096 239 003 197 037 239
0039 194 218 229 239
0040 202 216 230 239
0041 001 198 037 239
