0006 088 219 121 239
0007 094 170 127 228 158 185 195 231
0008 150 153 179 207 102 154 133 210
0009 141 135 165 186 116 144 145 192
0010 118 143 158 197
0011 125 136 164 193
0012 121 139 161 195
0013 127 134 163 195
0014 128 134 163 193
0015 134 118 169 173
0016 135 117 174 168
0017 151 106 184 173
0018 139 100 177 162
0019 140 103 177 172
0020 137 105 176 178
0021 132 112 173 178
0022 136 116 178 180
0023 129 118 174 176
0024 129 121 168 181
0025 134 119 175 192
0026 134 115 174 191
0027 131 116 170 185
0028 133 118 176 189
0029 133 115 177 186
0030 134 113 175 187
0031 135 108 175 188
0032 136 113 178 178
0033 134 104 177 165
0034 138 106 177 168
0035 137 118 177 173
0036 131 134 171 199
0037 127 147 176 206
0038 113 177 167 234
0039 151 219 190 239 106 208 137 238
0040 093 213 128 239
0041 094 214 124 239
0043 087 215 122 239
