0000 092 208 128 238 197 208 240 236
0001 207 196 240 235 092 208 129 238
0002 213 178 244 225 091 208 130 238
0003 203 147 251 189 091 208 130 238
0004 196 118 252 161 091 208 130 238
0005 091 208 130 238 185 102 238 155
0006 181 090 225 156 091 208 130 238
0007 175 093 216 163 091 208 129 238
0008 167 096 207 172 091 209 129 238
0009 169 103 208 177 091 208 129 238
0010 164 105 203 180 091 208 129 238
0011 163 112 202 188 091 208 129 238
0012 168 113 208 186 091 208 129 238
0013 170 115 208 184 091 208 129 238
0014 167 116 206 185 089 209 129 238
0015 166 111 205 183 089 209 129 238
0016 164 111 205 184 089 209 129 238
0017 164 114 205 187 089 209 129 238
0018 164 114 204 187 089 209 129 238
0019 168 111 211 185 089 209 129 238
0020 166 113 204 187 089 209 129 238
0021 166 113 205 186 090 209 129 238
0022 167 114 206 179 090 209 129 238
0023 090 208 128 238 166 111 214 171
0024 169 115 232 168 090 208 128 238
0025 185 129 238 174 090 210 129 238
0026 196 141 246 191 091 209 129 238
0027 202 164 245 211 091 209 129 238
0028 090 208 129 238 204 183 238 229
0029 198 196 238 235 091 208 128 238
0030 195 201 234 235 091 209 129 238
0031 196 203 236 236 090 209 128 238
0032 195 203 238 238 090 210 128 238
