0000 073 208 093 237
0001 071 210 093 239 158 218 181 239
0002 072 212 092 236
0003 072 210 091 238
0004 073 212 093 239
0005 072 212 093 239
0006 072 212 093 239
0007 072 211 092 239
0008 072 210 093 239 160 214 181 239
0009 072 210 093 239
0010 072 211 093 239 159 212 180 239
0011 073 211 093 239 159 213 180 239
0012 072 212 092 239
0013 067 208 089 235
0014 072 212 093 239
0015 068 210 094 239 161 217 179 239
0016 073 211 092 239 160 214 181 239
0017 073 210 092 235 159 216 182 239
0018 073 212 093 239 160 218 179 239
0019 072 213 094 239 163 210 183 239
0020 072 209 093 235 163 200 188 235
0021 071 209 089 234 163 184 190 224
0022 167 175 193 207 073 210 094 237
0023 073 211 094 239 186 161 209 198
0024 202 161 238 195 074 213 092 239
0025 210 169 245 203
0026 204 172 229 211 068 214 088 237
0027 070 213 088 239 184 169 211 208
0028 169 159 206 201 069 211 087 237
0029 173 147 209 186
0030 191 147 228 184 072 212 091 238
0031 209 157 243 196 070 214 088 239
0032 196 160 222 199
0033 176 156 203 192 069 212 088 239
0034 074 210 094 239 161 146 193 186
0035 068 213 088 237 180 140 205 176
0036 068 211 088 237 197 148 232 186
0037 202 157 226 194 072 218 089 239
0038 182 157 206 193 074 214 093 239
0039 170 152 199 189
0040 184 144 210 182
0041 200 153 227 192
0042 197 163 220 199
0043 182 158 205 197
0044 169 150 199 191
0045 185 149 208 186
0046 196 164 222 201 073 215 092 239
0047 191 167 215 207
0048 074 214 093 239 183 157 207 195
0049 073 211 093 235 183 162 206 196
0050 184 170 206 205 069 211 087 237
0051 187 186 209 218
0052 178 193 200 226 073 214 094 236
0053 072 212 094 236 169 204 195 237
0054 069 214 089 237 156 214 183 239
0055 073 208 094 238
0056 069 211 094 239
0057 071 212 091 238
0058 071 212 091 237 160 214 179 239
0059 071 210 092 237
0060 072 211 093 239
0061 072 214 091 237
