0000 124 207 167 239
0001 125 205 171 239
0002 131 204 173 239
0003 128 202 170 239
0004 134 204 171 238
0005 130 208 170 239
0006 131 207 178 239
0007 134 206 172 238
0008 130 207 171 239
0009 134 205 172 237
0010 134 206 171 238
0011 129 205 172 239
0012 130 209 172 239
0013 133 204 170 237
0014 130 208 173 239
0015 134 210 176 239
0016 134 207 170 238
0017 135 208 175 239
0018 135 206 178 239
0019 134 194 174 239
0020 137 187 177 239
0021 139 176 186 239
0022 144 140 187 208
0023 150 116 197 164
0024 154 102 200 149
0025 151 100 202 150
0026 154 100 200 148
0027 154 100 200 153
0028 160 101 204 154
0029 162 104 204 159
0030 156 106 200 160
0031 147 108 193 163
0032 134 110 190 165
0033 135 116 183 176
0034 147 123 193 185
0035 156 122 202 190
0036 161 116 200 193
0037 153 123 197 183
0038 134 124 185 180
0039 124 123 176 182
0040 127 126 177 184
0041 139 125 183 190
0042 148 127 193 196
0043 149 124 191 197
0044 138 124 183 185
0045 128 124 178 182
0046 126 124 177 181
0047 130 132 178 192
0048 141 135 185 201
0049 147 133 190 200
0050 139 135 185 192
0051 124 133 177 185
0052 117 135 174 189
0053 130 136 179 191
0054 139 143 181 203
0055 151 144 190 211
0056 144 144 188 199
0057 111 159 168 201
0058 110 187 164 239
0059 120 213 163 239
