0000 124 189 180 235
0001 121 193 178 239
0002 123 198 183 239
0003 136 172 194 204 125 202 184 239
0004 145 157 190 188 121 196 181 239
0005 139 115 195 149 126 192 184 239
0006 122 196 180 239 142 079 189 121
0007 142 072 188 113 122 193 185 239
0008 141 073 187 108 121 196 179 239
0009 141 072 186 109 120 191 183 238
0010 140 071 184 112 126 191 183 239
0011 139 074 182 109 121 195 181 239
0012 138 071 191 112 126 192 184 239
0013 121 192 182 239
0014 121 192 183 239 151 057 191 094
0015 174 037 209 086 120 190 185 239
0016 204 021 227 077 121 191 179 238
0017 217 018 244 073 122 194 181 239
0018 223 020 249 076 120 189 183 238
0019 223 019 247 071 121 197 181 239
0020 219 021 245 079 123 192 185 239
0021 218 021 244 079 125 196 186 239
0022 216 014 245 074 124 199 185 239
0023 210 015 246 075 122 192 186 239
0024 204 017 253 074 123 192 186 239
0025 200 015 256 071 126 192 185 239
0026 200 016 257 070 126 192 185 239
0027 198 017 258 070 126 192 185 239
0028 199 019 253 073 126 191 183 239
0029 194 016 254 071 126 192 184 239
0030 194 017 260 070 122 192 186 239
0031 195 020 251 069 126 192 184 239
0032 197 019 254 072 122 192 186 239
0033 193 026 247 078 125 192 183 239
0034 181 041 234 092 125 192 183 239
0035 178 061 225 100 125 192 182 239
0036 159 085 215 127 120 195 180 239
0037 155 090 210 135 120 194 180 239
0038 161 096 212 146 120 194 180 239
0039 156 091 208 135 120 194 179 239
0040 157 090 210 135 125 191 184 239
0041 155 091 211 134 120 194 182 239 101 190 130 236
0042 097 187 131 236 127 190 185 239 155 091 210 138
0043 094 177 135 229 156 092 209 135 128 193 180 239
0044 155 107 204 146 091 169 133 209 125 192 182 239
0045 144 120 197 159 090 161 135 203 126 200 180 239
0046 132 139 187 176 087 159 131 201 124 194 179 239
0047 126 151 187 187 093 158 124 197 126 196 180 239
0048 122 155 178 192 091 160 119 203 127 197 182 239
0049 120 157 171 191 092 162 129 200 126 199 180 239
0050 123 151 175 189 087 159 125 194 123 198 179 239
0051 117 155 175 192 089 159 123 196 120 196 178 239
0052 116 155 174 191 084 163 119 195 121 194 179 237
0053 115 156 177 192 083 161 123 196
0054 109 152 178 191 084 161 122 195 128 197 183 239
0055 115 152 181 190 086 160 119 195 124 199 179 239
0056 120 150 176 183 085 156 119 191 123 199 178 239
0057 128 151 183 188 083 155 123 192 124 194 179 239
0058 121 149 185 185 080 154 124 190 119 195 180 239
0059 130 143 189 180 080 157 125 193 119 194 176 239
0060 131 146 195 183 080 157 124 193
0061 079 158 125 194 134 148 193 182 126 199 182 239
0062 143 142 199 180 078 158 125 193 126 199 180 239
0063 076 157 127 192 146 144 198 178 124 191 180 239
0064 140 141 201 177 075 157 129 194 124 192 183 239
0065 155 140 206 177 076 156 128 193 124 196 184 239
0066 158 140 209 178 074 157 130 193
0067 157 137 217 173 077 156 125 194 121 193 185 239
0068 077 156 126 194 164 137 221 173 121 195 182 239
0069 164 140 223 175 078 156 125 193 119 193 179 239
0070 171 137 220 174 077 157 126 193
0071 180 138 229 173 076 157 131 195
0072 179 139 230 171 078 156 126 194 128 195 186 239
0073 078 156 126 193 194 142 235 175
0074 076 156 126 194 192 142 239 176
0075 074 151 127 189 200 147 239 176
0076 076 157 125 195 198 148 239 180
0077 075 156 126 196 203 150 242 184 129 196 186 239
0078 074 156 125 195 203 148 243 184 130 197 185 239
0079 078 158 123 193 205 155 238 183
0080 074 157 127 195 202 149 243 187
0081 079 157 119 194 201 150 235 185
0082 080 162 119 197 193 154 231 188 127 192 182 239
0083 182 158 216 198 090 172 122 209 125 192 182 239
0084 098 181 132 222 128 193 186 239 164 174 208 217
0085 125 196 183 239 102 182 139 226
0086 100 183 144 222 122 196 180 239
0087 123 189 181 238 103 180 146 221
0088 121 197 178 239 104 179 146 223
0089 121 196 178 239
