0000 070 208 139 239 105 108 168 152
0001 068 203 129 239 099 088 154 130
0002 075 203 137 239
0003 069 207 143 239 147 022 193 078
0004 080 206 131 239 174 014 213 080
0005 174 013 213 073 069 206 121 239
0006 183 014 219 075 072 206 141 239 177 006 215 038
0007 068 203 130 239 188 008 230 056
0008 080 206 131 239 189 010 223 060
0009 070 204 128 239 157 022 197 071
0010 070 203 129 239 134 036 190 083
0011 065 204 136 239 147 039 201 086
0012 141 032 195 081 077 207 134 239
0013 144 042 199 091 066 200 130 239
0014 132 080 186 117 058 156 116 205
0015 055 134 112 189 116 111 174 162
0016 063 135 115 189 106 118 169 174
0017 061 131 115 189 118 110 176 173
0018 119 126 194 181 056 133 114 189
0019 055 138 117 189 129 119 197 172
0020 060 138 119 195 142 126 216 178
0021 153 121 229 169 058 142 117 192
0022 055 141 113 197 181 123 238 174
0023 170 125 244 175 055 140 114 199
0024 058 146 117 204 186 124 247 174
0025 190 132 252 181 058 149 117 204
0026 201 130 255 183 053 152 121 208
0027 216 132 274 186 060 147 118 204
0028 209 125 264 180 052 150 104 216
0029 048 161 104 217 192 125 257 184
0030 054 180 115 232 177 141 231 192
0031 165 164 210 233 063 199 119 239
0032 149 185 203 239 064 201 138 239
0033 060 204 119 239 149 185 211 239
0034 065 210 133 239 151 184 205 239
0035 141 187 197 239 066 207 127 239 198 143 249 193
0036 151 185 206 239 072 207 116 237
