0007 089 186 144 232 134 191 174 239
0008 095 145 159 190 097 006 129 044
0009 088 116 147 156
0010 089 105 149 139
0011 080 084 153 127
0012 092 067 146 106
0013 120 032 163 078
0014 146 024 185 084
0015 166 008 209 086
0016 176 009 219 095
0017 180 012 221 090
0018 176 012 222 088
0019 180 019 222 091
0020 186 016 228 092
0021 194 013 240 082
0022 196 012 240 073
0023 195 002 242 066
0024 174 007 221 058 177 041 236 094
0025 166 007 216 056 175 041 233 098
0026 141 011 193 071
0027 136 014 178 077
0028 126 021 173 077
0029 124 030 173 084
0030 129 028 174 079
0031 130 034 173 081
0032 127 027 174 077
0033 127 031 175 078
0034 125 027 180 076
0035 134 042 192 090 023 221 091 239
0036 137 076 187 132 024 200 082 239
0037 132 094 182 144 019 171 078 234
0038 113 118 177 159 043 145 088 201
0039 093 114 172 160 034 154 098 210
0040 116 127 174 168 045 150 107 203
0041 126 139 181 197 044 146 095 197
0042 119 132 193 178 045 154 095 207
0043 115 127 185 171 034 153 094 213
0044 149 124 209 173 190 113 235 170 044 151 096 203
0045 156 126 211 189 042 150 097 202 195 111 244 167
0046 145 120 222 165 039 150 092 209
0047 038 150 092 206 150 107 243 165
0048 180 110 243 164 034 142 089 205
0049 162 104 242 163 036 149 087 209
0050 161 102 243 149 034 150 092 210
0051 180 096 255 141 037 150 094 207
0052 197 101 270 156 039 149 093 206
0053 190 093 264 144 033 153 089 209
0054 191 092 255 137 034 153 089 208
0055 202 086 259 133 049 153 090 207
0056 210 089 269 142 037 151 086 213
0057 214 093 266 146 034 155 089 213
0058 213 094 270 142 033 156 089 213
0059 203 098 268 153 036 156 089 216
0060 195 101 254 154 027 169 089 229
0061 185 119 245 170 028 182 088 233
0062 174 146 231 199 026 210 092 239
0063 164 173 221 227
0064 153 194 200 239
0065 144 211 181 239
