0000 117 177 172 227
0001 113 150 165 197
0002 115 092 176 146
0003 132 047 188 100
0005 177 039 216 092
0006 183 035 218 084
0007 182 027 222 076
0008 193 015 230 067
0009 194 011 232 059
0010 176 009 220 056
0011 141 056 189 111
0012 134 126 201 176
0013 126 132 202 182
0014 155 095 210 183 084 179 126 232
0015 083 133 130 195 154 095 198 153
0016 087 129 138 185
0017 122 083 179 131 089 130 140 185
0018 088 135 136 191 144 086 191 146
0019 090 149 138 203 136 087 186 140
0020 142 100 201 151 090 147 135 213
0021 155 090 215 141 090 164 133 223
0022 173 070 235 113 079 181 131 232
0023 188 062 251 100 076 190 127 239
0024 194 061 262 105 075 192 125 239
0025 188 076 254 117 075 190 127 239
0026 179 093 250 135 074 195 130 239
0027 076 205 128 239 179 136 231 184
0028 173 191 226 239 082 212 130 239
0029 083 218 128 239
0030 080 216 121 239
