0006 041 201 082 239
0007 033 167 074 221
0008 018 080 064 142
0009 009 037 064 109
0010 010 005 055 094
0011 007 010 053 084
0012 004 010 055 081
0013 006 008 050 088
0014 009 011 051 083
0015 005 013 054 085
0016 012 010 065 087
0017 022 013 068 083
0018 035 017 079 091
0019 048 022 084 091
0020 056 035 091 093
0021 069 042 110 102
0022 079 062 120 114
0023 083 080 129 138
0024 085 097 138 151
0025 087 106 145 159
0026 083 109 145 165
0027 091 110 145 166
0028 092 109 147 157
0029 094 110 148 163
0030 088 113 145 162
0031 091 104 147 156
0032 074 082 153 148
0033 072 055 160 128
0038 029 016 070 074
0039 018 025 056 081
0040 015 038 055 104
0041 013 032 056 107
0042 012 031 055 108
0043 012 034 055 092
0044 012 028 056 107
0045 013 033 053 095
0046 012 032 054 101
0047 012 032 052 092
0048 011 029 056 095
0049 013 032 052 090 143 145 211 191
0050 012 027 054 088 155 101 207 138 134 079 201 119
0051 148 056 227 119 014 027 058 090
0052 140 058 236 116 015 028 055 090
0053 152 058 231 120 015 028 056 103
0054 152 059 228 117 017 027 051 092
0055 152 060 230 122 017 019 061 102 143 048 202 089
0056 153 056 234 122 017 019 056 089 139 042 210 090
0057 150 061 231 125 018 018 056 092
0058 148 060 222 119 016 034 060 096
0059 146 060 222 120 021 035 077 084
0060 143 064 224 119 031 031 085 080 131 056 186 088
0061 143 063 224 121 031 027 077 080
0062 149 063 226 119 033 044 083 096
0063 148 063 225 121 044 048 100 097
0064 149 062 207 122 057 028 108 087
0065 149 063 205 122 045 029 096 082
0066 147 062 210 126 032 078 089 129
0067 148 062 229 124 033 088 106 136
0068 143 065 230 128 062 045 122 100
0069 139 066 226 121 065 024 123 078
0070 138 062 220 119 059 040 108 098
0071 141 065 227 127 058 065 131 118
0072 148 064 228 123 062 037 128 098
0073 143 063 217 127 068 029 136 083
0074 146 059 227 124 077 070 137 125
0075 144 063 223 118 066 077 134 124
0076 147 066 227 125 087 027 135 092
0077 148 064 217 122 076 022 136 077
0078 152 065 212 119 060 048 135 104
0079 150 061 230 119 085 067 154 128
0080 154 064 233 122 060 047 149 106
0081 153 069 226 123 075 015 132 070
0082 149 066 224 125 085 024 138 063 060 047 122 101
0083 149 064 220 127 069 073 142 124
0084 155 064 215 133 071 061 152 113
0085 152 067 227 126 074 062 161 112
0086 146 068 226 125 077 066 165 121
0087 146 067 223 125 070 073 155 124
0088 145 067 226 125 077 072 153 124
0089 078 073 158 123 156 065 229 136
0090 168 082 223 145 074 088 131 142
0091 180 095 229 162 066 095 120 141
0092 195 128 241 193
0093 197 165 247 235
0094 185 187 224 239 046 186 086 238
0095 168 215 198 239
