0004 033 217 085 239
0005 043 211 086 239
0006 142 199 182 239 051 204 101 239
0007 142 175 189 236 059 204 109 239
0008 149 152 199 209 081 208 148 239
0009 142 141 201 197 088 201 154 232
0010 137 134 191 192 102 186 172 222
0011 123 128 196 179
0012 128 119 186 175 104 187 176 217
0013 134 108 185 167 107 186 176 216
0014 126 112 184 169 104 183 172 214
0015 115 115 165 171 102 182 164 212
0016 127 104 183 159 102 185 164 216
0017 130 102 181 159 111 183 176 211
0018 116 109 166 165 101 184 167 216
0019 117 100 166 157 104 185 169 216
0020 129 106 175 158 128 184 174 207 094 184 156 216
0021 121 108 165 166 111 183 177 211
0022 123 108 160 171 106 184 167 214
0023 134 108 178 160 094 184 155 215 134 185 166 205
0024 119 108 167 167 102 182 168 215
0025 121 108 163 167 103 184 170 215
0026 131 108 175 163 093 185 151 216
0027 121 111 162 173 097 184 167 218 148 106 214 143
0028 122 110 161 174 097 183 167 217 145 105 214 141
0029 132 109 174 161 094 185 154 216
0030 124 111 164 172 093 185 155 215
0031 125 110 164 171 099 184 166 216
0032 130 107 171 166 094 183 165 217
0033 121 102 160 165 093 184 158 215
0034 121 102 160 164 114 178 170 208 145 100 221 142
0035 134 109 176 162 103 179 163 209
0036 121 104 166 159 101 181 163 213
0037 120 102 163 156 107 181 170 210
0038 130 099 169 154 107 181 171 209
0039 132 100 169 151 100 181 164 213
0040 123 101 163 151 108 182 176 214
0041 111 181 172 210 131 094 170 155
0042 125 099 164 166 116 182 179 211
0043 124 107 163 169 100 184 162 215
0044 098 179 154 209
0045 100 173 164 204 127 109 167 167
0046 105 175 167 204 127 113 162 163
0047 115 181 170 210 125 107 163 170
0048 122 111 164 172 094 186 164 214
0049 122 118 164 175 094 185 165 214 148 116 216 158
0050 119 124 169 178 082 193 159 225
0051 111 145 172 188 069 196 122 229 156 143 196 195
0052 109 174 168 220 068 202 113 238
