0009 183 197 227 239
0010 174 201 225 239
0011 125 126 199 189
0012 083 084 171 157
0013 082 076 162 142
0014 066 074 151 135
0015 080 070 139 141
0016 063 082 137 136
0017 060 083 139 140
0018 061 085 139 143
0019 058 088 133 139
0020 063 090 135 141
0021 062 090 133 142
0022 059 088 131 142
0023 062 091 136 145
0024 062 091 140 146
0025 064 090 140 145
0026 064 090 140 144
0027 066 088 141 142
0028 065 090 145 144
0029 068 087 159 147
0030 091 098 174 157
0031 106 128 183 179
0032 134 167 199 234
0033 179 206 216 239
