0000 138 202 184 239 065 213 099 239
0001 131 204 180 239 062 214 105 239
0002 133 205 181 239 064 210 098 239
0003 135 209 183 239 062 214 105 239
0004 131 207 176 239 064 214 099 239
0005 129 206 180 239 063 212 102 239
0006 131 209 175 239 065 211 102 239
0007 128 206 177 239 066 213 108 239
0008 128 200 178 239 061 211 105 239
0009 137 189 188 239 060 211 104 239
0010 134 170 190 225 065 209 098 239
0011 122 160 184 216 065 214 099 239
0012 121 144 176 195 065 213 100 239
0013 125 122 183 174 062 214 107 239
0014 118 115 193 161 065 211 099 239
0015 116 108 192 154 064 214 100 239
0016 122 100 189 150 065 210 099 239
0017 120 094 191 146 061 211 101 239
0018 113 094 186 142 066 213 108 239
0019 120 094 187 141 068 211 109 239
0020 120 095 192 142 068 213 107 239
0021 121 097 193 141 064 214 100 239
0022 119 094 188 144 064 214 101 239
0023 122 091 191 138 067 213 107 239
0024 120 097 193 141 065 209 103 239
0025 122 097 192 141 065 215 101 239
0026 120 092 189 144 066 213 098 239
0027 120 095 194 142 063 212 103 239
0028 122 097 193 142 066 212 101 239
0029 123 097 188 143 063 213 101 239
0030 119 092 191 141 063 214 099 239
0031 123 097 189 143 065 210 099 239
0032 125 097 187 143 064 215 100 239
0033 118 092 192 142 065 210 100 239
0034 119 092 192 142 065 215 100 239
0035 123 098 191 144 067 212 107 239
0036 116 096 190 146 064 213 101 239
0037 118 096 184 143 063 211 102 239
0038 120 102 187 151 064 213 100 239
0039 119 120 182 173 064 214 100 239
0040 116 139 179 198 064 214 099 239
0041 125 168 175 239 063 209 097 239
0042 132 196 171 239 063 214 107 239
0043 129 207 174 239 064 209 099 239
0044 130 205 177 239 063 214 100 239
0045 130 206 176 239 062 213 100 239
0046 130 205 176 239 064 214 100 239
0047 130 206 176 239 064 214 099 239
