0009 177 223 227 239
0010 171 219 224 239
0011 158 216 217 239
0012 147 212 212 239
0013 145 204 207 239
0014 142 190 211 231
0015 141 180 212 222
0016 138 173 217 217
0017 134 167 210 211
0018 134 163 210 207
0019 131 161 204 205
0020 133 159 202 204
0021 132 158 208 203
0022 133 158 210 201
0023 132 162 208 203
0024 141 159 205 204
0025 135 155 204 198
0026 142 153 207 199
0027 133 153 204 197
0028 136 153 206 199
0029 133 154 209 200
0030 140 154 210 199
0031 136 151 208 198
0032 136 144 210 194
0033 132 140 204 184
0034 130 138 205 184
0035 140 139 214 184
0036 138 136 207 186
0037 138 140 212 184
0038 138 140 212 184
0039 135 142 216 185
0040 138 136 211 184
0041 134 138 204 185
0042 135 139 211 186
0043 135 139 209 186
0044 134 139 201 186
0045 131 141 204 186
0046 136 148 205 192
0047 140 161 212 205
0048 141 181 213 234
0049 165 211 211 239
0050 174 219 224 239
