0000 065 200 119 239 022 217 083 239
0001 073 201 115 238
0002 072 199 111 237 024 210 084 239
0003 065 172 124 223
0004 069 137 127 181
0005 077 105 134 145
0006 077 093 129 133
0007 073 098 124 138
0008 075 100 130 140 104 107 156 165 023 219 084 239
0009 073 101 129 140 101 113 149 169
0010 069 100 122 139 103 108 151 170 028 217 084 239
0011 070 104 126 140 102 112 154 169
0012 071 107 123 143
0013 077 131 119 167
0014 067 159 124 197
0015 069 188 107 225
0016 075 194 123 232
0018 069 194 125 234
0019 026 220 085 239
0020 070 195 125 236
