0000 192 188 237 233 003 203 044 237
0001 193 188 239 232
0002 193 184 236 229 021 179 059 219
0003 192 187 237 232 035 176 071 215
0004 058 174 101 212 185 181 233 231
0005 073 171 114 205 181 179 223 225
0006 176 170 216 217 083 163 126 195
0007 172 162 218 202 089 153 145 193
0008 096 131 149 182 169 152 214 184
0009 101 112 149 166 165 138 216 175 206 209 254 239
0010 098 100 153 163 164 119 216 169 076 203 128 239
0011 101 095 150 156 160 117 213 166 076 203 128 239
0012 099 090 152 150 160 100 208 156
0013 103 086 158 150 161 095 205 158
0014 099 084 156 147 155 094 209 153
0015 102 074 148 151 153 087 208 148
0016 096 076 159 142 156 080 211 145
0017 100 069 157 137 157 073 209 138
0018 165 059 211 128 096 065 157 131
0019 163 056 214 131 097 064 155 130
0020 097 043 153 118 162 043 216 118
0021 094 038 151 115 166 030 218 113 163 205 220 239
0022 089 031 151 107 166 027 223 102
0023 084 026 147 106 171 018 225 095
0024 171 012 231 091 084 020 142 099
0025 082 018 146 097 177 010 231 088
0026 081 020 145 097 180 014 238 089
0027 079 019 144 095 180 015 234 087
0028 080 020 142 097 181 010 236 085
0029 181 008 237 086 077 020 141 095
0030 182 010 238 085 077 017 140 095 080 199 133 236
0031 182 011 237 086 077 020 140 096 076 199 131 236
0032 077 020 140 095 180 014 240 093 077 205 128 239
0033 182 013 236 087 078 020 138 094 076 200 131 236
0034 178 015 237 092 080 022 137 096
0035 081 021 143 100 179 020 237 092 080 200 132 237
0036 087 050 145 120 179 041 238 105
0037 181 085 243 129 092 102 146 147
0038 189 132 240 170 086 145 135 178
0039 201 165 264 207 092 170 132 215
0040 080 200 124 239 214 197 262 239
0041 079 195 131 239 211 201 250 239
