0000 046 221 078 239
0001 040 219 087 239 151 207 196 239
0002 043 203 095 239 161 177 208 215
0003 153 123 206 181 042 157 094 207
0004 138 068 187 137 055 091 108 145
0005 142 053 187 117 054 075 111 128
0006 142 028 194 103 067 039 113 086
0007 152 008 219 083 071 009 131 096 077 006 110 049
0008 156 005 229 078 071 034 141 078
0009 151 008 223 078
0010 155 012 212 092 078 008 115 044 071 047 139 096
0011 136 046 180 116 071 058 137 110
0012 126 077 180 136 045 087 116 148
0013 050 129 101 180 129 117 176 177
0014 128 163 184 232 038 181 095 235
0015 131 193 192 239 039 205 095 239
0016 132 208 177 239 039 212 090 239
0017 137 211 177 239 039 214 091 239
0018 136 215 179 239 045 211 090 239
