0009 130 218 164 239
0010 118 218 161 239
0011 099 218 154 239
0012 088 208 149 239
0013 073 201 139 239
0014 076 192 137 234
0015 070 184 126 227
0016 060 181 131 224
0017 070 168 129 212
0018 061 159 121 200
0019 066 151 127 197
0020 065 146 130 190
0021 063 146 129 187
0022 066 144 125 186
0023 066 143 129 189
0024 064 144 124 186
0025 065 142 130 186
0026 063 146 124 189
0027 072 144 132 193
0028 073 143 137 194
0029 071 144 132 190
0030 074 143 136 193
0031 072 140 140 194
0032 069 142 134 190
0033 070 143 133 191
0034 071 143 132 191
0035 071 143 132 191
0036 070 143 135 194
0037 071 143 135 194
0038 069 143 131 191
0039 071 147 133 193
0040 065 145 127 194
0041 070 143 129 193
0042 075 150 136 199
0043 082 172 141 215
0044 095 203 143 237
0045 109 215 154 239
