0000 183 171 228 212
0001 182 170 224 208
0002 184 168 227 207
0003 188 171 226 213
0004 190 172 225 210
0005 189 170 225 211
0006 182 168 224 210
0007 189 169 232 210
0008 183 168 229 207
0009 188 171 231 209
0010 184 169 226 206
0011 183 170 227 210
0012 189 172 223 207
0013 183 171 225 210
0014 189 172 224 212
0015 191 168 229 209
0016 185 168 226 206
0017 189 171 228 207
0018 188 173 227 208
0019 191 169 230 211 113 219 158 239
0020 188 172 230 213 114 191 185 239
0021 192 171 228 214 121 141 180 189
0022 189 169 230 209 123 110 188 157
0023 122 085 185 130 191 171 228 212
0024 116 077 188 127 191 172 228 211
0025 115 076 187 123 191 171 227 213
0026 118 082 185 127 194 170 232 210
0027 116 082 186 128 188 170 228 208
0028 118 080 187 124 191 170 228 212
0029 119 079 188 123 191 169 228 210
0030 119 076 184 122 189 169 228 209
0031 190 170 231 213 116 075 185 124
0032 116 077 185 123 191 172 227 213
0033 116 108 182 154 195 170 233 208
0034 127 155 186 215 190 170 228 210
0035 127 198 177 239 190 167 231 205
0036 187 171 230 210 106 209 160 239
0037 184 167 228 207 109 215 155 239
0038 189 167 227 208
0039 189 169 231 208
