0003 063 206 116 239 122 206 162 239
0004 073 189 129 233 126 192 165 239
0005 082 159 136 200 125 162 171 207
0006 092 143 168 183
0007 100 129 179 173 027 207 051 239
0008 104 129 180 173
0009 107 123 188 169 027 204 057 238
0010 135 126 188 173 110 123 154 167
0011 109 126 189 174
0012 110 127 188 173
0013 112 126 185 174
0014 111 127 189 173
0015 112 127 165 179 146 134 180 179
0016 111 131 170 182
0017 111 133 180 187
0018 111 134 181 188
0019 115 134 183 190
0020 119 133 183 188
0021 117 127 182 184 055 129 127 173
0022 117 131 181 181 051 131 124 175
0023 108 131 179 181
0024 104 124 185 171
0025 106 120 189 167
0026 107 113 154 160 145 126 193 170 018 204 047 239
0027 105 111 156 158 146 125 195 169
0028 102 110 158 155 145 127 189 171
0029 101 109 158 154 144 126 189 172
0030 100 110 152 154 143 120 191 170
0031 100 111 151 155 138 122 188 171
0032 140 124 187 170 102 111 154 158
0033 130 122 191 167 099 117 153 165
0034 101 123 181 171 019 197 049 239
0035 107 122 185 168
0036 116 121 165 176
0037 121 122 172 176 056 125 133 174
0038 117 127 187 172
0039 118 129 188 176
0040 117 131 189 176
0041 117 125 185 174 036 205 065 239
0042 119 126 184 180
0043 105 128 185 173
0044 107 124 189 169
0045 108 125 188 168
0046 107 121 183 169
0047 106 116 158 164 146 128 191 170
0048 106 116 153 163 142 129 189 173
0049 141 129 190 175 103 115 154 163
0050 101 114 152 162 143 129 189 173
0051 102 114 156 160 141 129 188 173
0052 102 116 148 159 139 131 187 172
0053 099 116 147 158 141 130 185 171
0054 091 115 141 158 136 126 183 172
0055 076 125 126 166 132 135 173 176
0056 055 146 107 188 126 143 166 193
0057 039 172 098 216 119 164 163 209
0058 112 199 155 239 035 206 078 239
0059 114 209 153 239 025 217 071 239
0060 117 218 165 239
