0000 152 210 206 239 060 224 098 239
0001 140 190 194 236
0002 140 170 197 221 065 219 106 239
0003 147 150 201 199 066 211 108 239
0004 074 208 112 239 146 126 207 177
0005 080 202 118 239 146 119 204 167
0006 079 203 119 239 141 110 204 159
0007 079 201 119 239 136 098 202 148
0008 080 203 119 239 131 094 197 144
0009 126 103 204 150 081 204 119 239
0010 079 202 123 239 121 097 190 149
0011 078 204 119 239 134 094 203 148
0012 141 096 215 147 077 204 118 239
0013 078 204 121 239 147 087 226 130
0014 078 203 120 239 159 072 239 111
0015 077 204 118 239 179 044 235 088
0016 077 202 118 239 179 015 239 065
0017 182 008 255 047 080 202 124 239
0018 075 200 118 239 187 006 252 035
0019 079 203 118 239
0020 075 200 121 239
0021 078 200 118 239
0022 078 200 118 239
0023 075 201 121 239
0024 081 199 120 239
0025 080 202 118 239
0026 076 200 122 239 185 004 256 038
0027 079 202 119 239 185 005 253 037
0028 078 200 119 239 187 005 244 038
0029 182 008 240 047 079 203 119 239
0030 079 203 119 239 177 020 236 068
0031 079 202 120 239 171 064 229 103
0032 079 202 118 239 162 092 225 136
0033 079 202 118 239 164 115 214 153
0034 079 199 120 239 154 142 207 190
