0000 034 219 088 239 102 209 159 239
0001 123 182 174 234 039 214 089 239
0002 126 154 179 206 040 216 086 239
0003 136 113 183 163
0004 178 046 223 128 037 215 090 239
0005 192 020 243 109 039 214 085 239
0006 188 017 246 106 047 216 082 239
0007 187 015 256 099 038 211 091 239
0008 191 014 251 114 037 215 086 239
0009 184 011 247 104 039 214 085 239
0010 174 020 241 115 039 215 087 239
0011 162 062 216 132 037 215 089 239
0012 151 129 189 186 044 215 094 239
0013 132 184 180 237 044 216 090 239
0014 043 216 089 239
0015 042 216 089 239
0016 039 215 090 239
0017 042 220 095 239
0018 040 216 083 239
0019 039 214 089 239
0020 039 214 090 239
