0000 062 219 112 239
0001 061 214 116 239
0002 054 212 104 239
0003 055 213 102 239
0004 053 213 106 239
0005 053 213 106 239
0006 057 211 106 239
0007 055 213 107 239
0008 055 213 103 239
0009 055 214 107 239 148 220 194 239
0010 055 215 104 239 144 213 202 239
0011 151 208 209 239 055 216 106 239
0012 156 181 214 234 055 213 103 239
0013 159 147 206 220 056 213 102 239
0014 155 127 201 198 055 214 106 239
0015 149 113 206 179 062 219 113 239
0016 148 083 211 165 061 212 110 239
0017 148 075 211 155 051 213 102 239
0018 148 069 205 147 056 215 103 239
0019 146 063 206 142 052 216 103 239
0020 151 063 205 139 062 214 111 239
0021 146 054 207 140 057 215 112 239
0022 147 043 201 133 055 214 106 239
0023 140 039 202 125 056 214 106 239
0024 145 031 200 124 055 214 111 239
0025 144 029 198 121 061 219 108 239
0026 146 026 197 116 061 219 106 239
0027 140 024 195 110 062 219 107 239
0028 148 027 197 115 056 214 109 239
0029 145 028 193 111 057 213 110 239
0030 145 027 198 116 057 218 110 239
0031 145 034 198 119 056 213 106 239
0032 145 030 198 116 055 212 107 239
0033 148 037 198 119 056 218 109 239
0034 149 033 199 118 056 214 107 239
0035 145 033 195 120 056 213 109 239
0036 145 028 197 121 055 212 104 239
0037 140 028 202 124 056 213 104 239
0038 140 029 196 123 055 213 109 239
0039 143 031 201 121 058 217 101 239
0040 143 036 194 118 052 214 105 239
0041 138 035 199 121 051 212 097 239
0042 060 220 110 239 139 035 198 117
0043 058 219 111 239 139 038 193 125
0044 056 214 109 239 153 044 195 124
0045 054 213 103 239 155 044 197 124
0046 056 213 109 239
0047 054 213 108 239 141 043 194 107
0048 147 042 191 114 055 212 106 239
0049 145 037 192 120 055 213 107 239
0050 053 213 105 239 137 039 188 106
0051 054 214 105 239 141 038 190 114
0052 141 034 189 115 061 218 103 239
0053 142 039 189 120 059 219 109 239
0054 142 041 195 120 060 220 111 239
0055 139 042 195 119 064 221 108 239
0056 140 041 195 120 057 218 113 239
0057 055 216 107 239 143 043 191 119
0058 139 047 191 116 054 215 106 239
0059 055 215 110 239 139 047 190 118
0060 144 047 193 119 057 214 105 239
0061 143 049 194 123 061 219 112 239
0062 144 045 190 121 055 212 104 239
0063 142 046 194 120 063 217 107 239
0064 142 048 194 121 057 213 104 239
0065 142 047 194 120 059 214 104 239
0066 144 045 191 124 060 214 115 239
0067 143 047 195 123 057 213 103 239
0068 141 050 198 122 057 213 102 239
0069 141 055 192 124 052 212 104 239 135 041 176 083
0070 142 050 192 130 059 214 103 239
0071 143 081 186 157 059 215 112 239
0072 139 120 186 178 059 217 109 239
0073 057 213 101 239 128 173 180 224
0074 061 217 102 239 143 221 187 239
0075 057 212 103 239 141 219 185 239
0076 056 215 102 239
