0000 173 220 216 239
0001 168 221 208 239
0002 171 221 213 239
0003 174 223 211 239
0004 166 221 207 239
0005 170 224 207 239
0006 169 220 210 239
0007 184 184 221 237
0008 181 143 224 201
0009 187 097 229 158
0010 184 070 232 127
0011 184 053 226 114
0012 182 047 224 107
0013 174 042 225 098
0014 179 039 225 101
0015 174 041 224 100
0016 181 041 228 100
0017 174 046 224 098
0018 175 046 224 104
0019 173 045 223 100
0020 178 044 225 103
0021 171 048 224 098
0022 172 045 224 103
0023 173 045 224 102
0024 183 041 228 102
0025 175 043 223 102
0026 172 044 225 100
0027 175 046 222 105
0028 172 052 222 109
0029 179 068 219 124
0030 172 131 212 181
0031 164 180 211 227
0032 168 209 210 239
0033 165 211 209 239
