0007 143 215 189 239
0008 141 204 198 239
0009 144 185 197 233
0010 151 150 200 205
0011 146 125 195 179
0012 157 113 204 176
0013 155 096 209 160 167 091 196 121
0014 157 080 213 140
0015 152 066 222 140
0016 160 054 231 137
0017 164 060 235 128
0018 160 056 233 124
0019 166 053 233 124
0020 170 043 237 124
0021 164 050 237 116
0022 163 048 235 115
0023 166 043 233 124
0024 161 054 232 119
0025 174 074 235 141
0026 183 090 235 186 096 080 131 135
0027 165 171 211 225
0028 172 217 223 239
0033 066 212 113 239
0039 113 104 152 147
