0002 174 201 213 236
0003 197 187 249 239
0004 213 160 261 234
0005 222 134 270 212
0006 232 111 280 188
0007 232 094 286 177
0008 238 088 294 171
0009 239 094 296 167
0010 240 088 297 174
0011 247 097 297 177
0012 237 097 297 184
0013 240 098 297 184
0014 245 105 290 181
0015 238 103 294 188
0016 235 101 288 187
0017 238 102 295 189
0018 235 102 289 190
0019 242 101 288 189
0020 241 102 293 187
0021 235 105 292 192
0022 234 106 294 189
0023 235 105 293 189
0024 235 105 293 192
0025 234 107 293 189
0026 243 111 290 187
0027 245 109 291 195
0028 227 133 275 203
0029 202 177 256 226
0030 190 205 233 239
