0000 030 202 057 239
0001 030 203 057 239
0002 030 204 057 239
0003 031 204 057 239
0004 030 204 057 239
0005 031 205 057 239
0006 031 206 058 239
0009 198 214 231 239 030 201 058 235
0010 230 142 273 187 194 145 234 203
0011 239 085 287 136
0012 249 048 290 101
0013 256 029 291 081
0014 258 019 296 075
0015 263 015 296 065
0016 261 012 294 060
0017 261 009 294 056
0018 261 010 294 052
0019 261 010 295 052
0020 259 010 294 055
0021 260 010 294 057
0022 256 008 299 062
0023 259 007 294 055
0024 257 010 296 060
0025 261 031 295 087
0026 254 132 291 181 219 131 252 178
0027 216 205 241 235
0031 029 210 054 236
