0000 090 197 114 229
0001 090 197 113 228
0002 092 196 114 225
0003 088 194 112 227
0004 085 195 107 224
0005 079 194 106 231 188 197 207 225
0006 077 196 104 230
0007 168 132 203 168 071 195 103 232
0008 155 108 197 145 071 197 105 234
0009 081 197 108 234 141 109 179 131
0010 079 201 111 231 139 110 176 134
0011 087 195 112 231 132 110 172 137
0012 088 192 114 233 134 112 172 136
0013 087 190 114 231 133 112 177 138
0014 088 192 114 229 134 112 170 139
0015 088 191 114 230 133 114 179 141
0016 087 191 113 229 130 111 171 137
0017 088 190 115 230 128 108 172 138
0018 089 191 115 231 134 112 182 141
0019 089 190 114 228 137 110 169 133
0020 090 190 114 228 129 111 171 136
0021 089 190 115 229 132 112 180 137
0022 088 190 114 229 152 111 199 142
0023 086 190 114 230 183 131 210 159
0024 080 195 105 229
0025 072 198 094 228 222 192 242 221
0026 069 201 094 232
0027 077 197 103 230
0028 088 190 110 226
0029 091 194 118 227
0030 089 193 113 227
0031 093 194 117 228
0032 087 191 113 229
0033 088 185 115 225
0034 090 177 114 212
