0000 143 163 190 211 065 147 116 194
0001 143 161 189 209 062 144 110 189
0002 151 146 197 191 054 145 103 187
0003 058 145 113 187 172 134 215 175
0004 190 107 232 156 050 144 108 188
0005 196 083 242 136 064 145 115 192
0006 205 078 241 130 065 145 115 192
0007 201 071 244 124 065 145 117 195
0008 202 066 243 117 055 143 110 190
0009 207 062 248 117 066 142 114 194
0010 206 066 249 117 066 145 114 189
0011 209 071 251 123 052 144 103 187
0012 208 072 252 123 065 141 111 197
0013 206 070 252 125 053 143 100 187
0014 205 074 252 123 069 148 119 197
0015 209 077 252 124 066 147 116 190
0016 207 069 255 124 061 149 112 191
0017 211 068 253 128 057 144 106 187
0018 207 070 253 125 061 149 112 189
0019 207 069 254 124 060 144 111 187
0020 211 065 249 124 054 145 109 186
0021 211 069 256 123 052 145 106 186
0022 211 069 254 127 051 145 108 185
0023 209 067 254 122 064 150 115 195
0024 208 071 252 127 063 149 114 192
0025 204 070 254 125 065 148 117 191
0026 204 071 253 124 069 147 116 192
0027 204 076 251 127 069 146 117 192
0028 206 071 250 117 064 149 114 193
0029 203 071 251 125 064 150 114 195
0030 205 072 250 123 067 148 119 192
0031 204 075 250 123 069 142 119 200
0032 203 071 250 127 061 149 117 189
0033 204 073 248 126 068 143 120 191
0034 206 069 252 129 068 150 118 199
0035 207 070 251 124 069 145 120 192
0036 205 069 252 125 070 146 122 194
0037 202 072 247 126 066 149 120 192
0038 202 069 249 124 068 145 118 191
0039 208 071 252 129 069 148 119 202
0040 201 074 248 123 068 149 121 193
0041 205 071 252 126 057 146 115 190
0042 205 073 252 125 066 147 117 190
0043 200 075 248 123 068 146 121 195
0044 202 074 251 127 059 143 110 188
0045 203 070 248 121 069 147 118 195
0046 204 073 249 121 069 149 119 197
0047 205 073 251 126 068 149 121 199
0048 202 073 246 123 059 150 107 190
0049 204 070 253 126 066 148 116 192
0050 208 069 251 122 059 144 110 189
0051 205 076 250 127 068 145 118 191
0052 205 072 251 125 064 146 116 192
0053 195 081 238 135 051 143 103 185
0054 067 146 117 196 176 120 215 164
0055 069 147 119 194 144 154 187 198
0056 144 164 192 213 064 148 121 194
0057 149 174 194 217 063 145 112 192
0058 146 171 189 213 054 147 109 190
0059 151 166 198 215 066 149 118 191
0060 148 160 192 218 069 147 122 198
0061 147 164 194 213 070 148 122 196
0062 145 167 195 213 045 142 100 187
