0000 089 205 124 237 162 210 190 239
0001 161 210 189 239 094 208 121 239
0002 091 208 123 238 161 211 189 236
0003 165 207 191 239 090 205 124 237
0004 089 205 125 237 174 183 202 229
0005 180 136 212 189 090 205 124 237
0006 184 110 220 152 094 209 126 237
0007 190 056 223 095 094 209 121 239
0008 090 208 124 236 189 028 226 066
0009 089 205 124 237 192 021 230 052 183 046 218 113
0010 094 209 120 239 196 021 225 055
0011 089 205 124 237 195 017 224 054
0012 089 205 124 237 197 020 223 055
0013 091 204 121 237 193 023 223 064 182 051 219 117
0014 191 040 225 084 089 208 120 239 180 058 216 123
0015 186 093 225 137 091 208 121 239
0016 090 204 123 237 186 096 216 140
0017 092 208 121 239 185 094 216 135
0018 185 091 222 131 094 208 120 239
0019 088 204 127 237 183 090 219 132
0020 183 089 222 134 094 208 120 239
0021 093 209 121 239 183 091 221 132
0022 093 209 121 239 181 091 221 133
0023 183 095 220 138 088 206 126 237
0024 180 109 219 156 090 206 126 237
0025 175 132 214 195 089 207 125 237
0026 171 172 208 233 090 209 116 239
0027 167 201 198 239 086 205 122 239
0028 163 209 191 239 089 209 118 239
0029 161 213 187 239 086 209 121 238
0030 160 212 186 239 090 208 123 238
