0000 186 206 215 236 127 165 154 192
0001 186 208 212 237 133 165 157 191
0002 193 205 220 236 131 166 156 194
0003 204 184 232 233 129 165 153 191
0004 206 137 238 177 133 165 155 190
0005 208 089 240 127 129 167 156 194
0006 195 064 231 097 129 168 156 194
0007 186 049 220 086 129 167 156 194
0008 186 052 215 089 128 162 155 192
0009 181 057 219 098 133 166 157 193
0010 182 061 210 102 130 165 156 192
0011 174 068 209 106 128 161 155 191
0012 177 066 210 104 127 161 154 191
0013 128 161 154 191 180 065 210 101
0014 131 165 155 192
0015 178 076 214 115 128 162 154 191
0016 169 106 210 150 131 164 156 195
0017 131 168 157 195 179 150 210 205
0018 181 185 212 233 131 167 155 194
0019 193 209 219 239 133 166 156 193
0020 201 220 224 239 133 166 155 192
0021 128 164 153 192 206 213 234 237
0022 208 216 234 239 126 164 154 196
0023 207 218 230 239 128 164 153 195
0024 203 217 224 237 129 164 154 196
0025 196 216 222 239 128 165 156 194
0026 198 215 222 239 130 165 157 197
0027 131 168 158 192 198 216 224 239
0028 202 217 223 239 130 166 159 196
0029 131 168 157 195 201 216 226 239
0030 129 164 158 196 202 216 227 239
0031 202 216 227 239 131 166 159 195
0032 202 216 226 239 132 167 156 192
0033 201 217 226 239 133 167 156 192
0034 202 216 226 239 132 166 156 192
0035 202 216 226 239 136 168 162 195
0036 202 216 227 239 135 168 161 196
0037 202 216 227 239 136 168 160 196
0038 202 216 227 239 132 168 157 196
0039 202 216 227 239 132 168 156 195
0040 202 216 227 239 132 168 156 194
0041 202 215 226 239 132 168 156 196
0042 202 216 226 239 132 168 156 196
0043 202 216 226 239 132 168 156 196
0044 203 215 227 239 134 167 158 195
0045 203 215 227 239 133 166 158 194
0046 203 215 227 239 133 168 159 191
0047 203 215 227 239 135 169 160 196
