0000 092 208 120 239 172 217 195 239
0001 172 217 196 239 092 209 120 239
0002 171 217 196 239 092 208 116 235
0003 172 218 197 239 092 207 120 239
0004 092 208 120 239 168 213 195 235
0005 164 200 190 237 092 207 115 239
0006 165 171 193 220 093 207 119 235
0007 169 118 200 165 089 205 124 238
0008 175 087 205 130 089 205 122 238
0009 181 060 211 103 093 208 120 239
0010 186 050 214 083 092 209 116 236
0011 092 208 115 236 188 039 215 074
0012 183 036 221 072 092 209 115 236
0013 092 209 115 236 192 038 219 069
0014 186 038 221 075 092 209 116 236
0015 189 039 224 079 092 211 116 237
0016 191 061 221 101 094 209 121 239
0017 169 098 216 143 089 205 122 238
0018 093 207 119 239 169 103 217 146
0019 089 205 116 239 182 101 221 145
0020 089 205 116 239 173 099 220 141
0021 089 207 116 239 174 099 219 145
0022 183 099 221 138 090 208 115 239
0023 090 208 115 239 185 101 217 141
0024 090 208 115 239 174 101 219 141
0025 170 104 223 146 090 207 115 239
0026 090 207 116 239 172 111 222 157
0027 177 133 220 203 090 209 115 239
0028 179 180 213 239 089 209 114 239
0029 179 207 207 239 090 208 114 239
0030 090 211 114 239 172 211 200 239
0031 092 209 119 239 174 213 193 237
