0000 128 174 152 206 193 217 218 239
0001 127 173 152 205 193 217 218 239
0002 127 174 152 206 193 217 218 239
0003 193 216 218 239 127 173 151 206
0004 193 216 218 239 127 174 152 206
0005 193 217 218 239 127 174 151 206
0006 193 217 218 239 127 173 151 205
0007 193 213 218 239 126 172 151 205
0008 193 216 218 239 127 172 151 205
0009 193 216 218 239 127 172 151 205
0010 191 215 219 238 127 173 151 205
0011 200 212 223 239 127 173 152 205
0012 213 197 242 233 127 172 151 207
0013 215 156 243 194 128 173 151 207
0014 208 112 237 151 128 173 153 206
0015 198 083 231 120 130 172 155 204
0016 185 068 221 111 130 173 155 206
0017 127 172 154 206 179 062 205 089
0018 128 175 153 206 170 064 199 089
0019 126 170 150 202 175 062 202 093
0020 126 174 151 204 174 064 201 096
0021 126 174 153 206 175 060 203 094
0022 126 174 153 206 176 060 203 094
0023 126 173 152 204 170 063 200 087
0024 176 061 203 093 126 173 152 207
0025 161 083 205 118 126 173 152 207
0026 174 125 205 164 126 175 152 204
0027 183 178 210 227 123 173 150 205
0028 194 203 220 239 125 174 150 204
0029 195 212 220 238 125 175 150 206
0030 189 207 216 239 125 175 151 208
