0000 185 211 211 237 127 173 152 208
0001 185 211 211 238 127 173 152 207
0002 183 209 214 239 127 174 152 207
0003 188 187 215 233 130 176 152 205
0004 185 139 222 174 127 173 152 207
0005 127 173 152 208 184 102 218 135
0006 174 078 212 110 126 171 152 207
0007 176 066 204 101 126 176 150 204
0008 127 176 152 208 172 061 202 092
0009 175 058 203 092 126 173 149 204
0010 173 057 202 090 125 171 152 205
0011 167 060 202 095 125 172 151 206
0012 174 058 201 092 124 172 150 206
0013 171 061 199 095 125 174 150 205
0014 166 075 202 113 124 174 149 206
0015 168 118 203 164 123 177 149 205
0016 174 175 202 224 121 174 149 206
0017 182 199 209 239 127 174 150 204
0018 125 177 149 208 194 212 216 239
0019 197 215 220 239 124 175 150 207
