0000 116 193 139 230 184 187 207 225
0001 116 195 137 226 185 186 208 226
0002 113 194 135 228 188 190 211 228
0003 104 185 123 223 198 184 220 226
0004 081 164 112 199 216 150 250 194
0005 221 119 260 147 065 123 104 152
0006 082 051 104 089 216 043 247 086
0007 098 034 124 070 188 026 217 058
0008 110 033 148 063
0009 183 040 235 076
0011 084 047 141 087 183 041 231 079
0012 084 048 142 086 183 041 230 077
0013 092 052 141 088 184 041 232 071
0016 105 046 130 077 182 041 220 079
0017 194 043 227 085 094 049 116 087
0018 217 087 252 128 075 072 110 112
0019 210 155 238 184 074 125 111 151
0020 086 158 121 195 197 183 217 219
0021 098 180 122 217 189 189 210 223
