0000 013 217 046 239
0003 098 213 154 239
0004 101 196 144 229
0005 085 161 141 204 016 212 048 239 003 163 031 218
0006 078 125 130 185 011 145 061 200
0007 043 108 093 173 073 101 121 154
0008 055 089 110 161
0009 069 071 119 133
0010 073 062 135 121
0011 075 053 136 115
0012 079 045 136 107
0013 076 041 145 103
0014 084 037 143 104 117 070 145 113
0015 085 040 144 102
0016 081 041 153 105
0017 086 039 152 106
0018 087 044 143 109
0019 090 040 150 107
0020 086 040 156 105
0021 090 044 161 108
0022 088 043 161 110
0023 088 044 160 110
0024 091 044 161 108
0025 091 044 161 108
0026 089 052 141 118 118 046 158 102
0027 087 049 141 117
0028 087 057 149 122
0029 065 084 128 162
0030 083 105 137 155 032 127 106 190
0031 088 134 145 175 008 159 069 223
0032 006 184 054 239 079 153 140 191
0033 094 180 145 222
0034 098 197 146 239 014 218 055 239
0035 109 208 152 239
0036 112 216 153 239 008 214 048 239
0037 110 221 160 239 009 218 052 239
0039 015 212 055 239
