0002 031 208 081 239
0003 038 188 095 239 112 201 150 239
0004 120 121 156 205 055 131 125 209 040 164 077 223
0005 104 088 167 176 083 102 126 178 024 210 049 239
0006 102 078 176 161
0007 105 056 178 146
0008 110 057 186 128
0009 111 058 184 125 093 208 119 239
0010 114 040 182 123
0011 108 043 183 126
0012 112 041 186 123 081 208 106 239
0013 110 047 188 130
0014 106 049 180 128
0015 111 047 177 130
0016 106 049 178 128
0017 110 047 179 127
0018 105 049 183 127
0019 107 050 182 126
0020 104 063 168 133
0021 081 085 132 160 124 091 160 151
0022 110 115 155 168 060 136 105 194
0023 104 150 147 199 038 190 084 239
0024 097 191 140 237
0025 092 220 130 239
