0003 111 201 154 236
0004 105 177 145 217 004 165 036 218
0005 088 143 144 197 024 149 080 205
0006 063 111 132 173
0007 082 091 146 157
0008 085 073 153 141
0009 090 062 157 133
0010 088 053 157 123
0011 092 056 159 118
0012 096 053 167 119
0013 098 052 165 125
0014 099 057 161 125
0015 095 061 165 130
0016 088 067 165 131
0017 094 068 165 134
0018 093 063 177 139
0019 098 063 178 139
0020 096 071 171 134
0021 090 075 164 135
0022 098 072 167 141
0023 097 071 165 144
0024 100 072 174 140
0025 101 071 174 140
0026 101 072 173 140
0027 094 079 172 136
0028 094 077 174 137
0029 099 076 177 138
0030 098 071 169 144
0031 101 072 172 144
0032 095 079 163 146
0033 092 087 149 155
0034 043 121 126 174 113 115 149 168
0035 017 145 071 199 112 143 151 179
0036 108 176 157 225 004 173 038 221
0037 104 197 158 239
