0000 076 205 105 231 119 213 156 239
0001 077 207 104 234 120 213 157 239
0002 077 207 103 235 120 212 157 239
0003 077 208 103 238 118 211 156 236
0004 123 208 160 237 077 208 104 238
0005 129 202 159 234 078 204 105 233
0006 077 208 104 235 137 176 164 211
0007 078 204 105 232 090 183 164 221
0008 074 206 102 234 156 100 182 143
0009 078 204 106 232 169 076 192 120
0010 077 204 105 232 173 064 196 105
0011 076 207 102 235 174 060 201 103
0012 179 053 205 092 077 206 102 234
0013 178 049 205 092 079 207 105 237
0014 181 053 206 092 079 207 105 237
0015 182 053 207 094 077 206 102 234
0016 074 203 102 230 184 053 208 092
0017 182 048 208 092 078 206 102 235
0018 181 050 206 091 078 206 103 235
0019 076 207 102 236 183 052 207 093
0020 075 205 102 233 184 050 208 089
0021 076 205 101 236 183 050 209 093
0022 076 206 101 235 179 055 204 088
0023 076 205 104 235 184 050 209 089
0024 074 204 101 235 184 053 208 090
0025 184 050 208 088 075 204 110 234
0026 182 051 209 095 074 204 108 235
0027 077 207 104 235 183 052 209 100
0028 075 206 106 234 182 062 208 108
0029 076 206 107 234 181 065 208 116
0030 075 206 106 234 178 086 201 127
0031 076 207 102 236 169 107 194 154
0032 076 208 101 238
0033 077 208 105 235 135 179 174 219
0034 134 202 166 234 072 205 106 234
0035 126 211 165 237 076 206 109 234
0036 126 210 164 234 077 207 109 234
0037 131 210 171 237 073 208 109 235
0038 134 210 165 239 076 207 109 234
0039 077 207 109 234 133 210 165 239
0040 077 207 109 234 134 211 165 239
0041 074 208 110 235 134 211 165 239
0042 077 208 109 235 134 210 165 239
0043 077 208 108 234 134 210 165 239
0044 077 207 109 234 134 210 166 239
0045 134 210 166 239 076 212 103 239
0046 133 210 166 239 076 212 103 239
0047 076 207 109 235 130 210 170 239
0048 076 208 109 235 130 210 170 239
0049 076 208 108 235 133 207 165 239
0050 133 207 165 239 076 208 108 234
0051 133 210 165 239 076 207 108 234
0052 133 210 165 239 076 207 108 234
