0000 060 217 095 238
0001 061 220 099 239
0002 061 217 095 239
0003 061 217 095 239
0004 061 217 095 239
0005 061 217 095 239
0006 059 221 098 239
0007 061 217 095 239
0008 061 217 095 239
0009 061 217 095 239
0010 061 217 094 239
0011 062 218 093 239
0012 102 211 142 237 062 217 091 238
0013 101 202 144 239 062 217 092 238
0014 102 180 139 221 061 217 093 239
0015 102 159 138 208 060 217 093 239
0016 100 145 141 194 061 217 093 238
0017 099 130 142 177 060 217 093 239
0018 095 104 139 159 060 217 093 238
0019 094 102 137 155 061 217 093 238
0020 095 092 134 142 061 216 093 238
0021 094 096 137 144 061 216 093 238
0022 096 094 138 139 060 216 093 238
0023 095 083 136 135 060 217 093 238
0024 093 082 136 139 060 216 093 238
0025 091 074 135 135 060 217 093 238
0026 093 089 138 138 061 217 094 239
0027 094 074 131 137 062 219 097 239
0028 094 073 132 138 062 220 098 239
0029 091 084 137 137 062 219 098 239
0030 095 076 131 137 062 219 097 239
0031 096 088 137 137 062 219 097 239
0032 094 075 132 137 062 219 097 239
0033 092 077 134 133 062 219 097 239
0034 093 072 136 133 066 224 096 239
0035 093 071 135 133 062 220 097 239
0036 092 074 136 133 062 220 097 239
0037 092 073 135 133 062 220 097 239
0038 091 075 133 133 110 102 149 140 061 218 094 239
0039 091 066 132 130 110 103 150 140 061 218 094 239
0040 091 078 133 133 110 103 150 140 061 218 094 239
0041 092 068 130 130 108 098 144 142 062 216 098 239
0042 092 070 130 129 116 105 145 144 061 218 093 239
0043 093 061 127 130 114 105 143 149 062 216 098 239
0044 092 065 133 128 110 100 146 143 062 216 098 239
0045 093 071 134 131 061 218 093 239
0046 093 071 134 132 063 220 097 239
0047 092 068 132 128 061 218 093 239
0048 090 076 137 132 061 217 093 239
0049 094 081 136 141 061 217 094 239
0050 098 092 137 158 059 216 093 239
0051 093 170 140 211 151 152 192 196 060 217 093 239
0052 101 199 138 235 060 217 092 239
0053 109 215 152 239 062 221 093 239
0054 061 217 093 239
0055 061 217 094 239
0056 061 217 095 239
0057 061 217 094 239
0058 061 217 094 239
0062 060 217 094 238
0063 060 217 094 238
