0000 073 200 101 238 131 210 170 238
0001 133 210 166 239 074 200 102 238
0002 134 210 166 239 074 200 102 238
0003 133 210 167 239 074 200 102 238
0004 073 202 101 238 132 210 170 237
0005 073 202 100 238 133 211 170 237
0006 073 202 101 238 135 210 166 239
0007 129 204 163 238 073 202 101 238
0008 073 202 101 238 139 194 166 233
0009 073 202 102 238 140 176 174 212
0010 073 201 101 238
0011 073 202 101 238 160 128 187 169
0012 070 201 097 237 164 102 187 142
0013 074 203 101 238 170 090 194 123
0014 070 200 096 237 176 074 198 108
0015 074 203 100 238 177 065 202 106
0016 073 201 100 238 180 058 203 098
0017 073 201 100 238 174 052 202 092
0018 177 049 202 090 073 201 100 238
0019 178 046 206 082 073 201 100 238
0020 180 041 206 082 073 201 100 238
0021 180 041 205 082 073 202 100 238
0022 180 042 205 083 073 202 100 238
0023 073 202 100 238 183 043 207 084
0024 181 044 204 086 073 201 099 237
0025 181 043 204 085 073 201 099 237
0026 182 043 204 085 073 201 099 237
0027 181 043 203 083 073 201 099 237
0028 185 048 207 082 074 202 098 237
0029 183 043 208 088 074 201 098 236
0030 074 201 099 236 189 058 209 095 131 128 170 158
0031 074 201 099 236 188 067 207 104
0032 074 201 099 236 174 087 202 132
0033 074 201 099 237
0034 074 201 099 236 160 130 185 170
0035 074 201 099 237 151 146 185 195
0036 073 201 099 237 155 163 180 204
0037 073 201 099 237 139 185 174 215
0038 074 201 099 237 132 208 170 234
0039 074 201 099 237 129 213 169 237
0040 074 202 099 234 129 214 171 239
0041 074 202 099 235 130 211 172 239
0042 074 201 099 235 129 211 172 234
0043 074 202 099 235 129 212 173 235
0044 074 202 099 235 130 211 169 235
0045 074 202 099 236 130 211 169 235
0046 074 202 099 236 128 212 172 235
0047 074 202 099 236 127 208 171 238
0048 074 202 099 236 127 208 172 238
0049 074 202 099 236 127 209 171 238
0050 073 202 099 236 127 208 171 238
