0000 144 217 175 239
0001 139 215 179 237
0002 132 195 175 239
0003 129 180 175 234
0004 125 157 167 222
0005 120 141 158 205
0006 117 129 163 194
0007 118 123 157 183
0008 114 112 158 170
0009 112 109 155 167
0010 116 102 158 159
0011 118 103 149 158 132 115 172 161
0012 117 105 158 161 118 102 153 123
0013 115 104 155 158
0014 117 103 149 158
0015 114 105 154 158
0016 116 105 157 161
0017 111 098 148 133 114 107 163 167
0018 116 106 162 160 119 100 144 127 099 125 137 164
0019 115 103 160 159 100 125 138 164
0020 104 107 166 167 112 098 148 134
0021 120 109 160 166
0022 117 129 169 182
0023 126 155 177 218
0024 144 214 184 237
0025 142 221 173 239
0026 140 220 174 236
0028 140 214 179 235
0029 137 215 178 235
0031 143 221 173 239
0032 142 221 174 239
0033 142 221 173 239
0034 142 221 173 239
0035 143 216 179 236
0036 142 216 180 236
