0000 194 202 229 237
0004 189 202 226 238
0005 191 201 230 239
0006 196 187 239 233
0007 199 181 244 229
0008 203 176 250 213
0009 202 171 251 209
0010 202 161 255 198
0011 204 151 257 185
0012 202 145 253 187
0013 207 152 259 190
0014 205 165 261 198
0015 208 169 258 208
0016 210 171 258 209
0017 208 168 257 207
0018 214 165 257 202
0019 205 162 256 195
0020 203 158 255 193
0021 206 161 253 196
0022 204 166 254 206
0023 201 170 256 217
0024 206 174 257 224
0025 206 172 258 222
0026 208 168 258 213
0027 207 169 256 207
0028 203 167 254 210
0029 203 173 251 226
0030 207 177 256 231
0031 208 182 258 229
0032 205 180 257 230
0033 206 178 259 224
0034 204 175 258 222
0035 204 180 257 230
0036 209 182 257 230
0037 207 179 258 227
0038 205 176 258 221
0039 205 178 258 226
0040 205 182 253 233
0041 201 193 246 238
0042 193 202 234 237
0044 191 194 226 233
