0009 132 197 186 239
0010 176 147 222 200 152 145 184 200
0011 196 087 245 149
0012 207 053 254 104
0013 209 044 259 098
0014 208 047 264 104 169 142 196 179
0015 220 060 284 112 166 143 197 185 140 208 166 236
0016 233 075 291 122 168 151 195 180 140 204 168 238
0017 224 107 297 146
0018 222 136 295 170
0019 222 166 289 204 141 201 165 236
0020 223 188 264 235 039 216 076 237 141 175 167 230
0021 221 205 272 238 039 216 076 237 145 173 168 235
0022 224 212 263 239 041 219 079 239
0023 223 198 270 239 041 219 079 239
0024 038 220 077 236 225 177 265 214
0025 041 218 079 239
0026 216 106 275 148 038 220 077 237
0027 206 079 270 127 038 220 077 237 139 202 166 238
0028 200 064 263 112 138 202 163 234 038 220 077 237 168 155 193 183
0029 199 054 256 104 041 218 079 239 140 201 166 239
0030 198 046 255 099 166 152 196 183
0031 200 049 257 100 140 202 166 238 165 153 196 182
0032 200 058 259 103 043 215 078 236
0033 200 071 276 120 164 156 195 183 141 204 165 233 039 219 077 236
0034 219 093 283 133 143 202 169 237 039 219 077 236
0035 141 207 164 239 039 215 076 237 216 121 295 160
0036 228 146 297 184 140 201 166 238 039 219 077 236
0037 233 170 283 207 041 218 080 239
0038 235 195 287 232 143 200 166 238 041 218 079 239
0039 143 197 167 237 229 212 271 239 042 217 078 237
0040 143 184 171 235 042 217 077 237
0041 143 184 171 235 231 222 269 239 042 217 077 237
0042 231 202 281 239 143 199 167 237 042 217 077 237
0043 141 204 164 239 042 217 078 237
0044 041 215 079 237 227 137 304 172
0045 224 098 286 141 041 215 078 237
0046 205 070 270 125 041 220 076 236
0047 193 050 245 108 043 217 081 237
0048 187 044 234 102 043 216 081 236
0049 186 043 234 105 043 216 081 236
0050 194 056 248 116 157 157 192 194 043 216 081 236
0051 206 080 266 131 157 166 182 196 040 216 078 236
0052 219 110 285 151 040 216 078 236 153 169 185 195 142 200 165 235
0053 040 216 078 236
0054 227 174 282 220 038 217 079 237
0055 226 209 273 238 040 216 077 236
0056 039 216 077 237 143 181 171 233 223 219 258 239
0057 142 180 167 235 040 221 079 237
0058 042 218 078 237 143 180 168 234
0059 034 203 077 237 144 184 171 233
0060 041 220 075 237 143 182 167 233
0061 039 217 078 237
0062 039 216 077 238
0063 171 204 216 237 043 219 081 237
0064 002 222 046 239
0065 007 208 051 235 041 174 075 231
0066 018 202 068 239
0067 020 206 074 239
0068 018 204 074 238
0069 023 203 073 239
0070 021 208 073 238
0071 023 207 074 237
0072 022 205 074 238
0073 020 205 071 238
0074 018 206 069 238
0075 019 207 071 238
0076 019 208 070 238
