0008 184 191 226 239
0009 193 133 236 197
0010 200 099 248 170
0011 208 080 251 156
0012 213 068 261 144
0013 220 068 265 138
0014 214 095 263 143
0015 213 116 256 159
0016 207 121 254 172
0017 200 129 249 183
0018 198 127 249 180
0019 203 120 250 160
0020 211 106 260 145
0021 219 090 272 138
0022 223 071 278 130
0023 230 066 286 131
0024 230 094 284 141
0025 228 106 281 152
0026 221 119 267 159
0027 220 126 256 184
0028 211 132 254 195
0029 214 131 258 193
0030 219 121 261 167
0031 220 118 262 154
0032 226 104 275 154
0033 230 083 282 144
0034 225 087 278 145
0035 223 099 274 153
0036 205 131 257 176
0037 190 166 242 220
0038 182 198 226 239
