0000 020 207 067 237
0001 020 207 067 237
0002 021 208 070 239
0003 020 207 071 238
0004 022 208 068 239
0005 015 205 062 239
0006 009 209 044 238 041 180 076 237
0007 000 215 041 239 132 215 185 238
0008 178 181 233 227 041 174 076 238
0009 186 147 246 192 152 150 187 197 001 187 035 236 040 174 074 237
0010 203 085 262 133 039 167 073 236
0011 006 191 043 236 212 056 273 100 171 143 202 171 039 168 075 236
0012 216 036 269 085 006 196 044 239 040 167 076 235 167 130 198 165
0013 214 040 271 083 005 194 045 238 171 127 199 166
0014 213 051 277 092 167 136 193 169
0015 216 063 286 098 164 143 192 174
0016 217 080 287 116 161 152 193 178
0017 218 093 293 129 042 168 076 236
0018 220 119 290 159 040 166 077 236 138 202 165 236
0019 220 139 289 182 040 168 076 236 141 202 165 236
0020 221 157 281 201 040 169 075 236
0021 221 177 276 226
0022 217 194 273 235 143 175 169 226
0023 213 198 266 238
0024 212 203 266 239
0025 211 201 263 238 043 178 078 232
0026 216 197 269 239
0027 217 188 273 232
0028 219 172 275 215
0029 219 154 274 195 042 169 077 235
0030 209 132 281 170 042 172 076 235
0031 204 109 281 144 042 170 076 235
0032 201 091 272 130 041 170 077 236
0033 198 079 268 119 042 171 077 235
0034 195 062 259 106
0035 198 056 257 094 165 143 198 170
0036 198 052 259 092
0037 197 055 262 097 165 144 197 170
0038 202 067 271 106
0039 209 090 283 126
0040 216 115 291 147
0041 223 126 282 165
0042 230 159 288 201
0043 226 178 283 225 042 176 079 230
0044 225 194 279 237
0045 227 203 274 237
0046 224 204 275 239 040 168 077 236
0047 224 203 277 239
0048 232 199 280 237
0049 230 195 282 236 042 179 080 229
0050 224 187 284 232 073 036 127 091 042 179 080 230
0051 222 182 276 239 001 191 038 239 074 036 135 084
0052 211 185 258 238 005 194 040 239 041 167 076 236
0053 199 189 241 238 006 191 040 239 040 170 077 236
0054 177 200 222 239 040 169 075 234
0055 158 215 191 239
0056 006 188 040 238 134 216 170 239
0058 005 183 045 234
