0000 054 189 099 239
0001 054 189 099 239
0002 056 187 097 239
0003 049 193 091 239
0004 052 191 093 238
0005 048 192 092 239
0006 051 191 093 238
0007 056 188 098 235
0008 047 195 090 239
0009 050 190 093 238
0010 054 188 100 239
0011 055 186 100 237
0012 042 187 096 239
0013 048 193 091 238
0014 053 189 099 239
0015 053 188 099 239
0016 063 190 099 239 114 207 167 239
0017 050 185 098 239 118 168 163 228
0018 054 186 094 239 129 107 171 181
0019 133 081 181 164 058 186 097 239
0020 139 063 187 151 057 186 104 239
0021 146 048 186 136 048 196 091 238
0022 150 039 194 127 057 190 101 239
0023 154 035 198 127 055 194 097 237
0024 155 033 199 126 056 193 097 237
0025 156 031 199 125 056 194 100 235
0026 157 032 200 124 052 189 096 237
0027 158 034 200 126 059 190 099 234
0028 151 035 200 117 058 191 098 235
0029 158 034 199 130 059 190 098 234
0030 156 034 198 130 058 190 098 235
0031 154 040 199 129 058 190 098 235
0032 151 049 196 140 058 185 101 238
0033 145 066 186 156 055 191 102 239
0034 142 078 187 163 054 190 099 239
0035 130 120 183 200 056 191 099 239
0036 057 186 104 239 126 174 176 234
0037 058 188 102 239 114 209 173 239
0038 056 187 101 234
0039 056 190 100 239
0040 056 185 103 237
0041 056 185 104 237
