0002 131 213 177 239
0003 116 189 166 233 102 222 135 239
0004 101 163 154 203 090 203 135 239
0005 076 190 114 237 095 151 155 185
0006 051 172 106 226 091 135 148 166
0007 049 155 102 206 099 132 162 161
0008 054 132 110 186 111 123 177 153
0009 063 108 121 155 139 101 194 141
0010 075 094 133 148 151 094 199 151
0011 091 097 146 150 150 128 211 163
0012 167 129 226 161 106 105 152 153
0013 179 104 236 147 115 107 163 155
0014 197 088 257 142 126 107 177 146
0015 210 093 268 154 137 107 188 149
0016 210 115 269 171 143 115 197 154
0017 208 123 263 171 138 123 193 159
0018 207 125 260 175 139 131 198 163
0019 127 153 188 192 196 146 249 189
0020 121 184 165 239 182 178 233 227
0021 174 203 223 239 105 203 142 239
0022 178 224 209 239
