0005 115 216 175 239
0006 106 186 174 224
0007 104 147 177 188
0008 103 116 159 159
0009 094 092 144 133
0010 095 081 135 117 103 086 166 143
0011 106 080 168 135 093 073 139 108
0012 105 076 161 131
0013 106 072 158 129 094 069 135 105
0014 102 066 158 128 099 069 132 100
0015 098 063 156 134 099 067 133 101
0016 094 061 141 107 109 071 163 131
0017 105 067 158 127 099 067 132 096
0018 097 063 153 122
0019 101 070 160 125
0020 098 072 160 124 087 067 136 099
0021 098 074 165 127
0022 090 072 159 123
0023 090 074 155 121
0024 091 073 153 119
0025 087 078 157 120
0026 079 083 166 121
0027 075 083 157 119
0028 077 084 158 119
0029 068 087 167 123
0030 079 086 167 122
0031 075 085 167 125
0032 076 084 169 125
0033 076 084 172 123
0034 077 086 167 121
0035 077 084 167 122
0036 081 086 169 120
0037 077 086 173 121
0038 075 086 166 119
0039 076 087 167 121
0040 080 082 160 116
0041 084 096 162 128
0042 099 131 169 163
0043 103 180 171 224
0044 115 210 175 239
