0000 087 193 150 231
0001 082 190 152 231
0002 084 194 142 231
0003 084 188 133 237
0004 077 164 131 207 024 220 076 239
0005 087 120 135 155
0006 083 080 126 119
0007 086 052 126 097
0008 084 051 126 096 025 216 085 239
0009 082 048 127 093
0010 084 052 126 097
0011 085 059 128 102 026 215 079 239
0012 081 052 128 101
0013 082 058 125 102 026 216 085 239
0014 079 087 120 118
0015 085 158 129 197
0016 087 195 126 238
0017 086 194 130 239
0018 081 202 132 237 026 220 081 239
0019 086 207 125 239
0020 027 220 081 239
0021 030 217 084 239
