0000 110 215 134 239
0001 114 216 134 239
0002 113 219 135 239
0003 114 219 135 239
0004 113 215 134 239
0005 088 207 117 238 232 218 261 239
0006 249 195 281 232 067 181 101 226
0007 236 167 277 207 069 172 102 205
0008 183 157 232 186 091 154 133 197
0009 168 156 206 182 106 147 144 195
0010 160 159 196 185 117 149 143 194
0011 151 165 194 187 125 166 151 205
0012 158 165 191 188 126 165 150 204
0013 157 164 191 188
0014 151 164 192 187 127 168 149 202
0015 156 164 189 190 125 169 147 200
0016 152 163 191 188 125 168 147 200
0017 157 163 188 189 124 160 148 200
0018 155 161 190 184 118 145 143 193
0019 156 163 201 189 117 160 144 200
0020 180 182 218 215 106 180 132 219
0021 200 211 231 239 099 198 131 239
0022 108 215 133 234 208 220 229 239
0023 117 216 139 236
0024 119 220 142 239
0025 119 220 143 239
0026 119 221 143 239
0027 119 221 143 239
0028 121 219 145 237
0029 119 221 143 239
0030 119 220 141 239
