0004 211 210 240 239
0005 217 206 253 239
0006 225 199 257 239 049 208 085 238
0007 218 190 254 238 056 207 092 238
0008 211 192 246 237 067 203 106 237
0009 091 195 126 239 192 189 229 235
0010 108 182 151 233 171 190 215 234 174 136 201 180
0011 114 181 159 227 166 186 202 228 171 126 195 182
0012 117 182 160 228 164 183 199 230
0013 114 181 159 228 166 184 202 232
0014 106 187 152 237 174 181 214 232 167 127 202 179
0015 097 191 139 238 190 185 226 227 170 129 208 184
0016 084 189 124 237 201 181 240 226 171 128 208 171
0017 212 178 248 223 074 184 110 237 173 125 209 169
0018 218 174 258 220 068 187 104 234 173 124 214 174
0019 078 191 115 238 207 175 246 220 172 123 210 170
0020 097 190 133 239 190 176 226 222 172 125 198 169
0021 108 186 151 233 177 174 218 227 171 128 197 172
0022 121 184 164 235 172 178 207 227
0023 123 182 164 233 171 177 206 229
0024 123 185 165 232 170 180 208 229
0025 121 184 164 232 171 180 208 228
0026 119 182 161 233 173 181 209 228
0027 112 183 156 234 177 178 214 226
0028 099 190 141 236 195 179 230 226 175 130 201 170
0029 209 178 244 226 082 192 122 238 172 128 209 171
0030 217 180 249 223 077 189 115 237 172 129 210 169
0031 210 179 245 225 076 189 112 238 171 128 209 171
0032 086 191 123 238 191 177 231 225
0033 096 192 132 238 178 180 219 229
0034 109 190 147 235 165 183 203 234
0035 113 190 147 235 156 187 195 237
0036 113 185 150 234 154 186 194 238
0037 110 187 152 236 155 186 194 238
0038 106 189 151 235 154 187 195 238
0039 108 191 148 233 155 185 193 235
0040 107 194 145 235 157 190 192 239
0041 159 204 196 239 107 207 143 236
0042 167 215 192 238
