0012 250 208 280 239
0013 252 207 291 239
0014 257 199 288 239 032 216 064 239
0015 256 188 289 237
0016 258 185 290 231
0017 029 209 064 236 262 186 291 233
0018 028 203 068 238 263 180 295 226
0019 026 203 067 238 262 173 305 220
0020 041 202 076 235 254 174 297 221
0021 056 207 095 237 242 186 281 230
0022 208 196 249 237 091 208 130 236
0023 179 204 222 238 118 200 153 239
0024 174 200 202 238 127 200 158 239
0025 128 199 158 234 165 202 201 237
0026 166 197 201 239 123 203 154 239
0027 166 195 200 239 124 202 157 236
0028 163 192 200 239 122 201 154 239
0029 165 194 207 237 115 198 149 239
0030 107 202 142 239 168 195 209 239
0031 194 191 239 236 079 199 120 238
0032 055 197 096 237 226 186 260 236 178 129 215 175
0033 036 195 080 238 241 179 285 221 181 128 223 171
0034 029 195 072 238 255 166 289 212
0035 028 188 074 238 258 163 302 206
0036 028 192 070 238 261 163 303 201
0037 027 192 071 239 263 157 304 203
0038 260 155 305 204 034 185 075 237 215 134 265 172
0039 253 156 289 206 045 180 093 231 190 126 258 171
0040 242 158 282 210 062 185 108 233 186 125 247 173
0041 219 164 256 217 092 189 127 236 181 126 225 176
0042 192 170 239 221 111 189 151 235 179 125 211 180
0043 119 186 154 236 183 171 223 224 176 123 203 173
0044 117 183 158 232 175 172 219 225 106 133 134 175
0045 115 184 155 238 171 177 216 223
0046 171 178 211 229 115 186 155 238
0047 115 188 154 239 167 179 205 231
0048 114 188 152 237 167 183 204 231
0049 114 186 152 234 166 184 205 233
0050 166 184 205 234 112 190 148 239
0051 106 199 143 238 169 191 212 238
0052 095 203 132 238 184 193 217 238
0053 077 205 114 237 197 194 246 239
0054 225 205 260 239 058 210 094 238
0055 238 214 275 239
