0004 127 215 193 239
0005 139 185 196 224
0006 153 119 207 185
0007 155 087 212 165
0008 159 058 209 143
0009 157 049 208 132
0010 155 046 210 125
0011 156 034 203 121
0012 154 034 201 117
0013 153 035 200 118
0014 154 036 201 119
0015 155 033 203 120
0016 152 037 203 121
0017 149 037 202 111
0018 149 037 202 111
0019 148 041 202 115
0020 148 041 201 115
0021 149 041 201 115
0022 152 041 196 120
0023 150 050 198 133
0024 148 088 193 161
0025 135 151 190 193
0026 129 177 185 230
0027 120 210 176 238
