0000 060 223 106 239
0003 059 223 107 239
0005 058 223 107 239
0006 131 211 175 239 057 222 107 239
0007 139 189 185 235 057 223 107 239
0008 144 135 184 184 060 222 107 239
0009 145 083 189 140
0010 148 056 192 118
0011 147 038 191 098 060 221 108 239
0012 147 033 192 099
0013 142 029 184 077 063 221 107 239
0014 145 028 186 081
0015 146 025 185 079
0016 144 028 183 084
0017 146 025 184 079
0018 146 031 186 086
0019 144 035 182 088
0020 139 044 175 093
0021 137 056 175 112 058 223 106 239
0022 137 058 177 114
0023 136 053 174 111
0024 137 048 179 108 058 223 106 239
0025 138 054 175 111
0026 139 053 172 103
0027 140 049 172 106
0028 142 048 170 098
0029 144 054 184 120 058 223 107 239
0030 136 113 183 164
0031 132 156 188 201 056 224 105 239
0032 143 205 188 239
0033 059 222 105 239
0034 057 224 105 239
0035 059 223 106 239
