0000 106 201 160 238
0001 118 172 171 225
0002 129 124 177 180
0003 127 065 152 095 140 081 184 141
0004 144 055 183 128
0005 139 046 177 110
0006 133 040 173 105
0007 129 037 168 111
0008 128 042 167 105
0009 128 040 162 106
0010 125 044 159 118
0011 117 063 158 127
0012 118 078 153 135
0013 117 081 160 135
0014 113 067 152 133
0015 108 101 151 153
0016 109 129 157 177
0017 106 154 159 207
0018 110 200 162 239
0019 116 212 159 239
0020 113 211 159 239
0021 113 213 160 239 161 209 206 239
0022 112 212 160 239 150 209 199 239
0023 111 215 154 239 135 219 199 239
0024 114 212 159 239 156 211 200 239
0025 113 216 162 239
0026 113 211 161 239
