0000 141 213 174 239
0001 136 222 177 239
0002 141 213 179 239
0003 142 212 181 239
0004 143 209 179 239
0005 138 218 178 239
0006 146 219 179 239
0007 148 207 182 239
0008 088 130 120 169 142 206 184 239
0009 148 208 184 239
0010 149 208 184 239
0011 149 212 187 239
0012 156 208 195 239
0013 165 197 208 239
0014 172 175 216 225
0015 182 156 237 204
0016 183 122 241 188
0017 183 109 241 182
0018 181 100 241 168
0019 184 082 234 163
0020 184 097 233 153
0021 182 098 243 153
0022 175 088 241 156
0023 180 091 240 154
0024 182 093 237 155
0025 181 103 243 159
0026 183 112 240 162
0027 181 105 244 161
0028 179 102 249 161
0029 181 115 243 160
0030 183 113 242 160
0031 179 117 243 165
0032 180 121 249 165
0033 181 127 239 170 085 130 123 166
0034 181 134 238 181 089 133 119 168
0035 171 152 229 198
0036 168 176 219 224
0037 154 208 187 239
0038 143 209 180 239
0039 144 213 181 239
0040 149 211 182 239
0041 144 212 180 239
0042 149 212 182 239
