0000 053 204 101 239 129 196 166 239
0001 128 197 165 239 053 206 103 239
0002 053 203 102 239 128 196 165 239
0003 053 203 100 239 128 195 164 239
0004 052 203 100 239 128 195 164 239
0005 127 197 166 239 049 204 101 239
0006 127 197 166 239 047 204 102 239
0007 132 189 170 239 051 206 102 239
0008 051 205 099 239 152 168 193 212
0009 051 203 102 239 167 115 215 182
0010 169 092 218 164 050 206 100 239
0011 178 064 223 144 052 206 102 239
0012 176 056 229 142 052 206 101 239
0013 179 055 234 134 055 206 099 239
0014 056 207 105 239 180 057 237 131
0015 055 203 098 238 181 055 238 128
0016 054 203 098 238 185 054 236 130
0017 184 056 231 133 054 204 098 239
0018 056 204 101 239 182 059 242 125
0019 056 203 100 239 184 054 232 129
0020 183 058 234 132 054 204 103 239
0021 183 060 246 135 054 203 103 239
0022 055 204 100 238 186 059 238 136
0023 052 201 105 239 184 058 235 131
0024 055 209 102 239 181 063 243 134
0025 183 064 246 128 054 204 104 239
0026 184 060 238 132 055 207 104 239
0027 187 062 241 130 057 210 102 239
0028 186 062 242 131 059 206 109 239
0029 054 206 104 239 189 059 243 129
0030 183 071 233 139 056 208 103 239
0031 054 203 103 239 166 116 207 170
0032 056 205 104 239 143 165 192 210
0033 053 203 105 239 132 190 173 229
0034 056 209 101 239 125 210 167 239
0035 053 204 105 239 126 204 169 239
0036 055 208 099 239 130 204 169 239
