0014 028 210 057 239
0018 146 214 186 239
0019 157 192 200 239
0020 161 172 212 217
0021 167 151 224 202
0022 173 131 235 189
0023 177 122 241 176
0024 181 119 247 176
0025 180 115 247 166
0026 183 110 253 166
0027 184 108 254 164
0028 184 102 253 155
0029 184 095 255 155
0030 184 094 261 149
0031 187 094 259 147
0032 189 094 261 149
0033 192 090 264 146
0034 190 095 264 146
0035 190 089 261 145
0036 189 086 261 147
0037 187 089 259 143
0038 189 089 257 145
0039 185 088 252 146
0040 183 088 253 145
0041 183 088 251 143
0042 180 090 253 145
0043 182 089 249 142
0044 184 090 248 144
0045 180 095 243 150
0046 174 110 214 159
0047 150 144 188 190
0048 127 186 163 231
0049 111 209 152 239
