0006 166 120 211 159
0007 206 189 281 239
0008 192 137 277 222
0009 180 081 224 132
0010 174 082 227 119
0011 206 070 305 149 187 062 238 108
0012 212 077 302 152 186 070 230 107
0013 210 076 305 154 172 069 231 119
0014 206 075 304 157 166 089 221 126
0015 205 079 303 161 165 089 225 127 189 053 228 094
0016 217 089 309 156 164 075 231 120
0017 184 082 296 154 163 077 228 127
0018 163 086 227 126 204 070 298 156
0019 207 066 305 162 166 089 231 126
0020 211 084 306 162 163 076 225 120
0021 162 079 214 128 205 093 300 170
0022 192 122 287 190
0023 205 154 262 203
0024 165 209 227 239
0030 148 132 187 167
