0003 102 222 139 238
0004 101 219 143 239 189 217 238 239
0005 105 214 147 239 181 212 234 239
0006 176 200 232 238 105 208 152 239
0007 170 194 229 236 109 199 160 239
0008 114 187 161 228 170 184 222 227
0009 169 185 222 226 106 183 168 217
0010 165 183 230 223 107 179 172 215
0011 164 176 220 219 117 172 167 210
0012 166 174 216 217 125 170 166 210
0013 168 170 213 210 123 169 165 206
0014 117 164 169 204 161 163 216 206
0015 165 156 219 194 117 159 168 198 088 164 136 215
0016 170 151 220 187 117 153 170 188
0017 177 145 222 178 112 145 166 182 097 151 141 211
0018 114 144 165 176 182 144 232 172 092 148 134 211
0019 110 137 158 172 191 134 239 168 091 146 134 210
0020 104 134 162 168 192 135 240 165 091 143 141 196
0021 103 134 163 170 194 130 241 162
0022 194 131 244 164 105 137 167 170 091 146 145 201
0023 192 134 240 169 122 142 163 174 092 146 139 208
0024 117 149 170 183 190 141 247 179
0025 116 151 174 190 196 150 251 200
0026 191 163 244 213 123 159 172 202
0027 123 165 175 214 192 174 241 225
0028 125 168 178 220 187 180 238 226
0029 120 170 174 222 184 182 239 233
0030 121 171 178 224 182 184 234 236
0031 181 185 228 233 127 172 176 226
0032 125 168 181 224 183 180 226 228
0033 133 162 177 223 188 176 230 223
0034 125 157 181 210 191 165 243 207
0035 128 151 183 189 193 152 247 189
0036 206 140 263 187 131 147 191 179
0037 210 131 266 175 142 131 194 167
0038 214 120 277 177 140 120 188 161
0039 221 116 283 172 136 113 185 158 102 140 145 200
0040 221 118 285 170 132 115 184 156
0041 225 124 289 176 132 121 186 162
0042 136 123 186 165 223 135 289 181
0043 135 132 191 168 222 142 287 189 101 142 148 206
0044 217 151 279 194 144 140 198 174
0045 213 156 274 197 137 150 194 181
0046 209 154 264 200 140 153 194 186
0047 207 158 260 205 139 154 195 194
0048 210 161 257 218 150 160 192 211
0049 148 163 196 218 206 169 253 223
0050 197 169 241 222 152 164 195 222
0051 148 159 194 212 194 166 240 219
0052 195 161 242 218 146 157 193 202
0053 144 152 196 192 193 157 241 208 220 151 267 217
0054 149 145 203 181 197 152 246 191 220 152 267 218
0055 147 136 199 168 197 146 251 178 216 148 266 207
0056 203 142 250 177 147 132 202 163 222 148 267 217
0057 142 125 193 155 210 128 255 181
0058 217 124 265 175 146 121 193 150
0059 221 116 275 169 144 117 196 151
0060 223 111 282 166 135 116 191 147
0061 225 111 285 165 138 118 195 155
0062 224 115 285 171 142 124 191 156
0063 223 122 282 172 146 127 197 156
0064 223 132 276 172 145 128 200 161
0065 142 136 202 167 217 146 271 189
0066 216 145 268 186 143 140 202 175
0067 212 150 258 201 147 143 200 186
0068 208 152 258 202 151 144 200 192
0069 210 154 255 208 157 147 204 198
0070 203 154 254 211 158 147 205 200
0071 203 156 250 211 152 146 198 193
0072 198 155 251 210 157 145 197 187
0073 200 154 246 199 155 146 205 190
0074 198 152 248 193 154 143 206 182
0075 202 149 255 184 156 140 207 178
0076 153 140 208 173 202 145 253 180
0077 204 145 258 187 149 140 209 171
0078 209 145 261 188 151 136 208 167
0079 213 142 270 186 144 133 199 166
0080 210 145 269 185 146 137 201 171
0081 213 146 274 193 148 141 201 169
0082 218 149 273 188 150 140 202 173
0083 214 152 271 201 147 141 200 176
0084 146 147 202 184 214 158 269 207
0085 138 157 201 197 210 156 261 202
0086 138 162 193 209 209 157 260 209
0087 133 173 194 221 204 162 252 213
0088 134 186 188 237 200 179 243 217
0089 139 197 186 239 192 191 240 233 107 187 152 227
0090 186 201 233 234 122 200 175 238
0091 182 208 233 238 123 210 174 239
0092 121 209 172 239 176 213 236 238
0093 127 210 164 239 184 215 236 239
0094 118 206 162 237
0095 118 204 161 237
0097 178 215 228 239 128 207 168 239
0098 125 203 166 239 177 210 228 239
0099 175 208 224 236 122 204 170 239
0100 174 207 225 239 124 202 169 239
0101 176 208 230 237
0102 175 209 228 237 126 209 163 239
0103 174 208 228 239
0104 170 210 225 239 126 208 164 239
0105 173 204 221 239 132 206 169 239
0106 175 197 227 239 129 202 171 239
0107 171 195 223 238 130 194 170 235
0108 173 191 220 237 129 186 167 235
0109 172 185 221 237 130 185 178 238
0110 125 179 173 232 172 182 222 235
0111 132 173 178 231 169 178 221 230
0112 171 169 224 221 130 172 179 222
0113 175 167 228 213 129 166 178 216
0114 174 155 224 201 129 160 176 206
0115 176 146 227 190 130 153 178 200
0116 178 136 227 178 127 145 173 192
0117 127 135 179 180 178 131 225 170
0118 132 129 171 167 179 125 225 163
0119 180 119 230 155 131 123 173 162 083 146 133 199
0120 131 121 174 157 180 115 227 145
0121 130 113 174 151 179 114 231 148 091 132 136 196
0122 128 112 176 150 178 108 228 139 089 134 136 196
0123 185 104 225 139 134 113 175 148
0124 182 102 230 136 126 110 181 143
0125 182 106 232 140 124 108 179 146 088 134 134 198
0126 127 103 175 140 178 101 228 141
0127 125 101 171 141 181 099 229 142 085 131 132 193
0128 125 103 168 137 179 098 232 141 084 131 131 192
0129 123 102 172 138 185 095 236 138 085 130 130 195
0130 183 092 235 138 122 096 173 137
0131 121 092 172 138 182 090 230 138
0132 122 087 164 143 183 093 235 144
0133 184 089 236 147 125 091 166 140
0134 181 085 237 148 123 084 167 145
0135 181 084 237 152 118 083 168 153
0136 188 090 236 160 118 091 164 160
0137 186 102 233 172 117 105 168 167
0138 119 119 169 175 186 101 235 176
0139 121 125 162 190 189 128 248 187
0140 120 141 163 196 191 140 250 194
0141 191 140 230 195 122 154 163 204
0142 122 164 162 213 191 145 227 203
0143 187 157 226 209 117 170 165 220
0144 187 163 223 211 121 175 162 223
0145 186 172 222 220 120 178 163 228
0146 185 181 220 227 124 186 161 231
0147 123 191 167 230 184 182 221 230
0148 124 193 169 235 181 185 224 230
0149 126 195 170 231 179 186 222 231
0150 127 195 170 233 178 186 222 231
0151 127 198 169 237 179 185 221 230
0152 126 198 170 237 182 187 222 233
0153 126 198 171 237 182 188 222 235
0154 124 198 170 238 180 185 222 233
0155 124 199 169 238 179 192 219 231
0156 122 197 166 237 182 189 223 233
0157 122 197 166 237 181 186 219 230
0158 182 186 223 234 128 196 170 233
0159 124 197 168 238 182 186 222 233
