0000 198 209 234 234 091 221 130 239
0001 209 206 258 239 090 222 135 239
0002 225 190 280 227 090 221 134 239
0003 248 157 294 198 088 217 135 239
0004 259 121 299 169 090 222 134 239
0005 255 083 293 137 091 222 134 239
0006 236 055 275 106 086 221 129 239
0007 210 044 248 091 091 222 133 239
0008 206 044 238 085 091 222 133 239
0009 198 044 235 082 090 222 133 239
0010 197 043 230 089 090 222 133 239
0011 197 043 233 080 090 223 133 239
0012 200 043 232 085 090 223 134 239
0013 197 044 232 079 090 222 134 239
0014 196 043 234 079 090 222 134 239
0015 197 042 233 077 090 222 134 239
0016 198 044 233 080 090 222 134 239
0017 197 042 234 079 090 222 134 239
0018 200 042 238 082 090 222 134 239
0019 209 047 241 086 090 222 134 239
0020 220 048 251 094 090 222 134 239
0021 227 060 260 105 090 222 134 239
0022 234 073 273 127 090 222 134 239
0023 242 103 280 155 090 222 134 239
0024 238 118 276 169 091 223 134 239
0025 091 223 134 239 235 144 277 187
0026 221 165 270 203 091 222 134 239
0027 207 184 255 223 091 223 133 239
0028 206 196 239 234 091 223 134 239
0029 190 206 230 239 086 222 129 239
0030 188 209 226 238 091 223 134 239
0031 186 211 226 238 090 223 133 239
0032 186 211 227 238 090 223 133 239
0033 187 209 227 238 091 223 133 239
