0014 241 211 279 239
0015 238 136 297 197
0016 232 088 284 154
0017 226 059 269 127
0018 212 036 255 092
0019 211 027 255 078
0020 211 018 253 068
0021 209 012 252 063
0022 209 010 249 060
0023 203 011 245 061
0024 200 011 242 058
0025 199 010 239 057
0026 199 012 241 059
0027 200 011 243 059
0028 205 012 241 061
0029 206 014 242 062
0030 204 015 244 062
0031 207 014 244 061
0032 205 016 245 061
0033 208 014 244 061
0034 205 016 245 062
0035 205 016 245 062
0036 208 014 242 062
0037 208 014 242 061
0038 208 013 242 061
0039 209 015 243 061
0040 209 015 243 060
0041 209 014 244 062
0042 210 015 244 062
0043 211 013 245 061
0044 212 012 247 063
0045 213 015 248 063
0046 210 015 251 063
0047 219 012 251 063
0048 218 013 258 061
0049 224 011 257 062
0050 221 014 261 057
0051 231 011 263 058
0052 229 012 270 057
0053 228 013 270 058
0054 232 012 273 055
0055 233 016 265 059
0056 229 016 268 059
0057 228 017 267 060
0058 232 021 265 071
0059 230 026 273 072
0060 237 042 272 085
0061 245 078 286 139
0062 253 134 299 199
0063 239 206 298 239
0064 188 174 216 211
