0005 173 213 207 239
0006 178 180 215 233
0007 189 154 226 208
0008 195 116 235 165
0009 199 087 240 138
0010 198 066 237 114 172 125 207 172
0011 194 057 227 106 171 125 215 172
0012 193 052 225 099 176 126 211 167
0013 192 050 225 099 173 122 214 168
0014 192 050 226 101 173 119 218 166
0015 192 050 225 100 174 119 213 171
0016 192 052 224 101 178 123 213 169
0017 192 051 224 100
0018 193 053 225 101 178 122 215 170
0019 189 053 227 100
0020 192 051 226 103 179 124 212 166
0021 193 054 225 102 178 120 215 166
0022 192 055 225 103
0023 191 055 226 103
0024 190 060 223 106 175 126 216 176
0025 183 064 225 110
0026 182 082 220 133
0027 168 123 213 180
0028 163 176 201 219
0029 154 210 185 239
0030 149 221 185 239
0031 151 218 185 239
