0000 143 177 164 212 078 174 096 205
0001 078 174 096 203 144 177 165 216 212 158 242 182
0002 077 176 095 205 153 173 172 210
0003 076 174 094 206 157 145 179 190
0004 167 123 190 150 074 174 093 205
0005 169 091 199 129 073 174 093 205
0006 170 062 195 099 073 173 092 204
0007 164 041 191 080 074 175 094 206
0008 163 037 188 074 075 175 094 205
0009 155 030 182 062 075 175 094 205
0010 156 030 181 059 074 174 093 204
0011 152 031 177 062 078 175 096 207
0012 154 035 178 065 074 175 093 204
0013 151 033 178 063 074 175 093 204
0014 152 035 178 063 074 174 094 204
0015 153 035 177 062 074 174 093 203
0016 152 035 177 062 074 174 093 204
0017 151 035 176 062 073 174 093 203
0018 155 040 179 065 074 174 094 207
0019 154 034 178 063 073 174 094 207
0020 153 034 177 062 073 174 094 206
0021 154 034 178 064 074 174 094 207
0022 156 039 179 067 073 175 092 203
0023 156 050 181 085 071 174 089 205
0024 157 069 180 106 067 173 087 205
0025 151 118 180 150 065 172 084 207
0026 064 175 082 210 150 170 171 207
0027 069 176 086 211 143 176 168 213 212 157 243 183
0028 139 174 164 213 079 176 097 205
0029 081 174 097 205 140 177 164 215
0030 080 175 098 208 140 172 164 214
