0002 169 203 203 239
0003 188 153 230 201
0004 205 107 237 154
0005 200 076 235 118
0006 197 057 229 096
0007 194 049 224 086
0008 194 048 224 087
0009 194 049 225 087
0010 192 047 228 084
0011 194 047 230 086
0012 194 050 227 088
0013 195 048 226 086
0014 195 049 230 089
0015 192 048 228 088
0016 192 048 230 085
0017 195 048 227 086
0018 194 045 231 087
0019 194 046 227 085
0020 192 044 230 085
0021 196 054 229 096
0022 192 081 229 121
0023 192 126 226 177
0024 177 174 216 229
0025 166 212 200 235
