0000 112 189 132 224 195 190 213 225
0001 195 193 215 229 111 188 132 222
0002 196 193 215 228 112 189 129 223
0003 195 192 216 228 113 188 131 223
0004 197 191 217 228 113 189 132 222
0005 203 189 223 225 114 191 132 222
0006 111 189 133 221 217 167 259 202
0007 111 192 132 224 232 141 278 174
0008 110 190 131 224 249 106 288 138
0009 253 075 278 106 108 188 128 223
0010 240 052 265 089 110 190 131 223
0011 230 041 253 077 111 189 132 224
0012 228 041 251 070 112 189 132 225
0013 222 036 245 068 112 190 131 226
0014 222 036 244 070 112 190 130 226
0015 224 036 247 068 112 192 132 224
0016 224 034 244 067 112 191 132 224
0017 223 033 245 068 110 188 131 225
0018 223 033 246 067 112 191 132 223
0019 223 033 246 068 111 189 131 223
0020 223 033 246 068 111 189 131 223
0021 224 033 246 067 112 189 131 223
0022 226 034 250 066 112 190 131 222
0023 227 035 254 073 112 190 132 223
0024 232 047 262 086 111 189 132 223
0025 112 190 132 224 227 077 260 109
0026 222 113 268 146 112 190 132 224
0027 113 190 130 221 231 151 259 188
0028 113 188 131 224 217 174 240 217
0029 207 182 229 224 111 188 131 223
0030 111 187 132 222 200 196 219 228
0031 110 186 132 222 197 195 215 229
0032 111 189 132 223 196 194 214 229
0033 110 187 132 222 198 195 214 230
0034 111 188 133 222 197 193 215 228
