0000 051 155 101 200 170 166 210 209
0001 048 155 098 200 170 166 209 207
0002 050 155 095 199 168 172 211 210
0003 049 156 097 200 171 167 211 207
0004 046 154 094 200 170 169 216 212
0005 048 152 099 199 167 167 217 210
0006 049 155 094 201 168 149 216 195
0007 049 153 099 200 169 121 225 167
0008 046 156 098 203 172 092 224 152
0009 171 057 240 139 052 155 099 198
0010 168 039 240 130 050 157 098 203
0011 049 157 099 202 171 030 243 119
0012 168 025 245 107 048 157 098 200
0013 172 022 247 107 049 158 100 203
0014 170 019 244 105 049 158 100 204
0015 171 021 248 111 047 158 099 202
0016 173 020 247 106 050 154 098 201
0017 051 157 100 204 170 033 248 115
0018 044 152 097 201 183 065 230 125
0019 049 154 099 200 178 094 222 148
0020 049 155 099 206 173 127 213 168
0021 048 156 098 201 169 148 210 189
0022 048 155 098 201 169 160 221 206
0023 045 151 094 203 165 164 218 207
0024 051 156 099 202 168 168 214 212
0025 045 157 097 201 163 166 213 207
0026 047 151 092 202 167 169 214 213
0027 048 156 096 204
0028 046 153 096 200 166 168 212 213
0029 053 155 098 201 172 170 216 211
