0012 191 194 265 239
0013 182 166 265 239
0014 171 123 254 206
0015 167 105 245 187
0016 163 088 253 170
0017 147 075 252 164
0018 141 068 240 158
0019 134 056 231 150
0020 129 057 230 148
0021 132 054 228 148
0022 133 053 227 148
0023 136 053 229 149
0024 131 053 225 147
0025 131 051 226 144
0026 134 051 222 145
0027 134 051 224 142
0028 135 047 224 143
0029 139 046 228 146
0030 142 060 230 154
0031 156 076 235 173
0032 167 110 245 193
0033 172 144 249 212
0034 175 170 260 236
0035 178 200 227 239
