0000 124 220 166 239
0001 128 179 175 221
0002 116 117 178 174
0003 113 074 186 152
0004 106 051 190 141
0005 105 043 185 134
0006 104 033 184 125
0007 108 029 182 123
0008 106 029 182 121
0009 107 031 183 122
0010 112 028 180 125
0011 107 032 180 120
0012 109 028 183 118
0013 110 021 185 114
0014 108 021 185 121
0015 106 025 184 123
0016 109 025 184 136
0017 113 033 188 135
0018 111 034 184 136
0019 112 035 185 141
0020 114 037 186 135
0021 115 034 185 138
0022 117 035 185 139
0023 116 039 189 137
0024 114 032 193 139
0025 109 030 196 131
0026 113 018 195 125
0027 117 013 193 127
0028 115 014 192 128
0029 112 016 190 131
0030 113 021 192 127
0031 113 028 190 130
0032 118 029 189 128
0033 118 030 188 125
0034 114 024 192 127
0035 113 020 188 132
0036 113 021 188 133
0037 111 023 186 135
0038 113 020 188 132
0039 115 024 191 132
0040 113 025 188 133
0041 123 035 186 131
0042 122 067 181 128
0043 125 094 175 151
0044 125 121 174 173
0045 128 163 168 204
0046 124 213 172 239
