0008 123 194 179 239
0009 121 173 178 234
0010 122 129 181 211
0011 122 107 181 202
0012 122 096 182 195
0013 124 087 188 184
0014 120 087 190 179
0015 126 079 189 171
0016 124 073 185 169
0017 119 067 183 167
0018 125 063 180 162
0019 111 063 187 161
0020 114 061 185 161
0021 117 067 186 160
0022 115 064 185 161
0023 114 067 185 163
0024 115 065 185 161
0025 115 067 184 162
0026 121 064 183 157
0027 114 060 187 159
0028 120 064 180 156
0029 118 071 183 159
0030 120 137 180 200
0031 141 202 182 239
