0000 046 158 106 202
0001 052 154 101 204
0002 048 151 100 205
0003 049 153 099 206
0004 052 156 105 206
0005 050 151 100 206
0006 048 158 100 204
0007 049 151 100 206
0008 048 153 102 201 174 154 221 192
0009 053 155 106 205 168 125 229 170
0010 052 156 100 204 179 086 230 147
0011 053 154 105 205 177 057 225 140
0012 052 155 106 203 163 033 228 120
0013 167 022 232 100 048 154 102 204
0014 168 011 229 090 049 160 102 205
0015 159 006 229 094 048 156 101 205
0016 164 013 223 093 049 153 100 206
0017 163 009 224 092 048 152 099 204
0018 165 007 221 089 050 157 101 204
0019 158 010 228 091 050 153 101 203
0020 161 010 228 088 047 159 105 205
0021 049 155 106 205 164 014 224 094
0022 162 010 227 088 048 151 105 205
0023 157 011 229 081 045 154 101 200
0024 048 154 107 203 160 010 228 090
0025 049 155 107 203 161 011 228 094
0026 159 010 228 094 044 158 105 206
0027 161 010 230 090 047 151 106 202
0028 049 157 100 202 162 022 226 102
0029 046 153 105 203 166 047 223 114
0030 050 152 101 202 174 093 224 145
0031 051 154 101 204 174 123 216 168
0032 047 159 102 204 167 147 207 202
0033 050 156 100 203 161 158 210 209
0034 050 155 108 207 165 164 206 212
0035 051 156 106 205 161 170 206 217
0036 054 155 108 200
0037 051 154 103 205 155 170 207 213
0038 048 157 107 205 160 168 209 213
