0000 110 202 151 239 074 158 108 186
0001 113 210 150 239
0002 113 210 150 239 079 155 117 190
0003 103 204 148 239 071 155 108 185
0004 122 181 158 205 078 156 115 188
0005 123 159 155 185 077 155 115 191
0006 125 082 161 144 076 157 115 189
0007 119 060 159 127
0008 119 051 163 121
0009 116 055 154 118 078 157 118 190
0010 114 054 151 116 079 155 117 189
0011 114 054 152 118 077 156 118 190
0012 112 054 155 118 071 152 107 185
0013 112 055 155 117 071 154 109 186
0014 112 053 156 116
0015 111 052 152 119
0016 109 055 151 122
0017 112 054 155 118
0018 113 055 158 122
0019 113 054 154 119
0020 109 056 147 124
0021 109 056 145 126
0022 105 054 147 117
0023 102 052 144 121 079 156 116 190
0024 105 056 145 122
0025 106 056 146 123 075 156 111 188
0026 105 072 152 131
0027 111 121 150 151
0028 109 169 146 202
0029 110 185 148 230
0030 110 202 156 239
0031 110 196 161 235 079 156 117 191
0032 110 197 155 239
0033 110 197 155 239 073 158 112 189
0034 115 199 162 239 079 158 117 192
0035 110 198 154 239
0036 111 202 151 239
