0005 114 219 151 239
0006 112 195 158 239
0007 111 174 159 237
0008 116 148 162 228
0009 117 108 172 205
0010 118 094 172 188
0011 114 072 175 171
0012 112 069 180 163
0013 107 066 187 164
0014 106 063 180 164
0015 116 058 179 160
0016 108 057 187 162
0017 108 060 183 164
0018 117 059 184 156
0019 118 055 180 167
0020 118 059 185 157
0021 116 059 189 159
0022 114 053 186 162
0023 115 061 183 158
0024 117 060 183 158
0025 115 062 184 158
0026 112 060 181 162
0027 104 063 184 163
0028 113 056 180 161
0029 114 051 182 163
0030 115 064 184 159
0031 117 061 183 156
0032 117 101 177 176
0033 131 163 176 218
