0000 013 204 052 239
0001 009 206 049 239
0002 004 199 050 239 134 200 180 238
0003 005 194 029 233
0004 004 183 035 231
0007 009 200 038 235
0008 009 199 040 235
0009 007 201 045 238
0010 009 206 054 237
0011 010 206 054 239
0012 013 209 056 239
0014 112 208 155 239 008 205 051 239
0015 112 138 154 201 008 206 054 239
0016 110 071 158 158 007 208 054 239
0017 108 069 155 138 013 209 057 239
0018 104 070 152 139 023 212 060 239
0019 099 074 146 132 011 205 054 239
0020 098 074 146 137 014 212 055 239
0021 096 078 144 138 016 212 053 239
0022 101 073 145 137
0023 101 073 139 142 015 213 054 238
0024 099 073 146 142 018 212 062 239
0025 101 067 145 141
0026 098 075 146 137 021 211 059 239
0027 103 073 142 140 021 211 059 239
0028 101 072 146 140 019 213 062 239
0029 101 072 146 139
0030 098 075 146 135 016 209 057 238
0031 105 074 143 144 013 208 053 238
0032 098 099 143 177 019 215 059 238
0033 093 157 145 207 009 204 051 239
0034 092 199 157 239 009 210 050 239
0035 009 209 050 239 109 216 159 239
0036 018 213 059 239 124 218 163 239
0037 009 209 051 239 132 224 169 239
0038 010 208 052 239
