0013 226 186 273 239
0014 212 142 259 204
0015 196 086 238 162
0016 176 058 220 138
0017 165 055 205 138
0018 158 052 200 139
0019 146 051 193 136
0020 138 061 183 139
0021 136 066 181 134
0022 137 062 179 144
0023 136 063 176 144
0024 133 066 172 146
0025 131 062 178 140
0026 129 068 176 138
0027 133 065 171 148
0028 135 069 177 145
0029 132 065 172 144
0030 133 059 174 139
0031 139 061 176 144
0032 145 059 188 133
0033 165 060 206 139
0034 186 088 225 165
0035 202 118 240 190
0036 221 200 262 239
