0001 109 214 153 239
0003 109 212 149 239
0004 097 219 148 239
0005 094 211 134 239
0006 092 161 129 204
0007 094 073 130 139
0008 097 067 131 126
0009 094 066 132 127
0010 092 065 131 126
0011 090 067 130 121
0012 092 072 127 122
0013 083 077 121 126
0015 091 072 132 133
0016 092 074 132 135
0017 088 080 134 136
0018 089 074 133 136
0019 089 071 127 128
0020 091 071 124 125
0021 091 076 132 137 038 219 078 239
0022 085 101 128 157
0023 084 161 119 207
0024 082 207 136 239
0025 100 212 151 239
0027 035 222 074 239
