0000 083 201 105 236
0001 086 210 106 239
0002 083 201 105 237
0003 086 206 108 236
0004 081 201 104 237
0005 080 203 103 238
0006 085 207 106 235
0007 083 211 105 239
0008 082 217 103 239
0009 081 213 104 239
0010 200 216 230 239
0011 175 202 217 239 077 211 097 238
0012 153 160 212 191 076 216 100 239
0013 139 138 204 163
0014 125 123 195 152 081 214 105 239
0015 123 122 196 152
0016 122 123 196 152 080 214 103 239
0017 125 127 194 155 075 214 101 239
0018 128 130 196 157 079 215 103 239
0019 123 131 199 160
0020 128 131 196 158
0021 129 131 199 159 075 213 101 239
0022 130 131 198 159
0023 131 131 197 159
0024 131 132 195 159
0025 128 132 196 159 078 215 102 239
0026 127 131 198 160 077 217 104 239
0027 128 131 197 160
0028 128 131 197 160 081 218 105 239
0029 129 133 195 160 080 212 103 239
0030 132 136 193 166 071 214 104 239
0031 142 145 202 173
0032 154 180 213 218
0033 182 203 221 239
0037 080 214 100 239
0038 084 210 105 239
0039 085 208 106 239
0040 081 203 104 236
0041 084 207 106 239
0042 082 204 106 238
0043 081 215 103 239
0044 078 210 105 239 192 214 214 239
0045 079 210 099 237
0046 073 215 098 239
