0000 159 200 197 239 091 209 134 239
0001 159 202 197 239 091 209 134 239
0002 160 198 197 239 091 209 134 239
0003 160 197 197 239 091 209 134 239
0004 162 188 197 239 091 209 133 239
0005 091 209 133 239 166 175 198 219
0006 091 209 133 239 170 162 202 204
0007 169 143 202 188 091 218 133 239
0008 171 099 205 164 091 218 133 239
0009 167 071 205 147 091 218 133 239
0010 169 055 205 129 091 218 133 239
0011 168 045 203 119 091 210 134 239
0012 170 038 202 112 089 210 129 238
0013 168 037 204 108 089 210 129 238
0014 171 030 206 102 089 210 128 238
0015 174 036 208 108 089 210 129 238
0016 172 032 208 108 089 210 129 238
0017 175 042 210 113 090 210 129 238
0018 173 043 209 113 089 210 129 238
0019 173 043 208 116 091 209 132 239
0020 174 043 208 115 090 210 129 238
0021 174 044 208 116 091 209 132 239
0022 172 039 209 116 090 210 129 238
0023 171 039 208 114 090 210 129 238
0024 170 044 207 118 089 208 129 238
0025 169 059 203 138 092 211 131 239
0026 164 120 210 169 092 211 132 239
0027 151 173 188 226 090 210 128 238
0028 149 203 187 236 090 210 132 238
0029 152 202 192 239 092 212 132 239
0030 152 203 192 238 091 211 135 239
0031 154 203 191 237 092 211 135 237
0032 155 205 191 238 091 212 134 239
