0002 139 221 178 237
0012 160 150 201 225
0013 155 108 200 190
0014 158 078 197 165
0015 154 070 194 146
0016 153 065 197 135
0017 151 062 192 140
0018 150 057 192 135
0019 151 057 192 138
0020 153 060 193 142
0021 155 063 196 138
0022 154 065 199 136
0023 150 061 191 138
0024 156 063 194 137
0025 151 060 191 137
0026 155 064 195 138
0027 153 066 196 137
0028 152 065 194 139
0029 149 072 193 144
0030 151 096 191 180
0031 156 154 197 225
0033 142 219 181 238
0036 140 220 179 236
0037 139 220 178 236
0044 012 208 043 234
0045 015 204 049 235
0046 019 198 052 232
