0004 125 221 166 239
0005 137 189 185 235 097 043 144 088
0006 165 133 210 182 098 043 142 089
0007 190 075 223 126
0008 195 038 230 095
0009 189 008 226 076 099 046 134 096
0010 168 004 205 066 099 044 139 101
0011 131 017 187 063
0012 117 042 169 081 165 059 194 098 173 110 218 159 091 047 140 099
0013 095 050 164 087
0014 111 046 174 082
0015 139 022 184 071
0016 185 015 218 077
0017 203 018 229 085
0018 203 016 239 084
0019 188 004 223 069
0020 154 003 206 064 091 036 138 086
0021 123 031 185 072 090 038 140 091
0022 105 057 174 089 090 033 141 085
0023 108 067 176 100
0024 117 061 180 092
0025 120 053 187 092
0026 123 052 193 091
0027 141 056 201 100
0028 158 076 207 117
0029 158 107 210 156
0030 150 150 203 202
0031 144 174 199 228
0032 127 211 182 239
