0000 004 196 035 239
0001 008 203 035 239 177 218 209 239 047 210 081 239
0002 003 197 037 239 178 218 210 239 052 208 081 239
0003 004 198 041 239 178 218 210 239
0004 004 201 040 239 051 208 081 239
0005 004 201 040 239 051 208 081 239
0006 004 198 035 239 051 208 081 239
0007 004 198 035 239
0008 004 198 035 239
0009 173 210 210 239 003 199 039 239
0010 181 191 223 239 003 199 039 239
0011 188 150 228 191 003 202 039 239
0012 189 113 229 152 003 200 039 239 048 209 083 239
0013 190 086 230 126
0014 188 062 232 106 003 196 036 239
0015 189 051 237 100 003 197 036 239
0016 189 045 235 089 004 198 040 239
0017 188 033 235 091 003 196 035 239
0018 189 035 239 090 004 196 035 239
0019 186 042 234 087 003 196 035 239
0020 189 042 232 086 004 196 035 239
0021 188 033 234 085 003 197 035 239
0022 192 047 236 087 003 197 035 239
0023 192 031 236 086 004 197 035 239
0024 194 032 237 087 004 198 040 239
0025 194 046 237 087
0026 194 045 237 087 003 196 036 239
0027 192 033 238 085
0028 194 043 239 089
0029 195 045 239 087 003 196 040 239
0030 194 032 239 086 004 197 036 239
0031 195 047 238 087
0032 193 044 237 088 008 203 035 239
0033 191 031 238 088 004 197 035 239
0034 195 047 237 087 004 197 035 239
0035 194 044 238 090 004 202 039 239
0036 193 036 240 089 005 198 035 239
0037 196 047 238 085 004 195 036 239
0038 193 042 240 091 004 197 036 239
0039 192 040 240 091 004 197 036 239
0040 194 047 238 092
0041 194 049 239 092 004 197 036 239
0042 194 052 237 092 004 200 040 239
0043 193 058 236 098 003 198 036 239
0044 193 074 234 111
0045 187 099 231 138
0046 180 140 226 188 004 199 040 239
0047 169 177 221 229 004 200 035 239
0048 168 203 209 239 004 200 035 239
