0000 035 222 072 239
0001 036 223 072 239
0002 035 224 073 239
0003 124 170 154 202 034 223 073 239
0004 131 107 167 166 035 224 073 239
0005 135 060 175 132 035 223 072 239
0006 137 042 181 116 035 223 073 239
0007 140 029 180 105 033 221 066 239
0008 140 018 188 097
0009 144 020 190 099 037 222 069 239
0010 142 014 189 092
0011 145 018 194 097 040 221 068 239
0012 143 015 190 091 033 223 066 239
0013 146 022 193 098 034 224 066 239
0014 146 020 191 099 039 221 069 239
0015 144 016 191 095 036 221 069 239
0016 145 021 190 096 035 223 065 239
0017 143 026 188 101 032 222 069 239
0018 141 080 178 130 035 221 069 239
0019 131 147 171 180 032 222 068 239
0020 121 195 164 239
0021 124 215 159 239
0022 040 222 068 239
0023 032 221 068 239
0024 035 223 074 239
