0000 157 196 199 234 078 208 121 238
0001 156 197 199 234 076 210 118 239
0002 155 196 199 234 082 206 122 238
0003 093 199 146 239 162 186 201 228
0004 174 170 212 218 114 190 176 233
0005 167 155 224 211
0006 168 142 242 188 202 120 238 164
0007 194 139 268 174 219 101 257 141
0008 224 086 266 129 208 135 274 162
0009 231 082 265 127 216 132 268 158
0010 227 081 266 129 216 128 285 162
0011 226 085 259 136 215 131 283 161
0012 225 086 256 136 219 130 286 159
0013 222 083 258 128 218 138 288 167
0014 224 082 256 127 217 138 283 166
0015 232 082 265 131 214 139 284 173
0016 237 086 268 130 215 142 281 166
0017 230 084 267 130 219 139 288 174
0018 229 085 266 133 219 142 290 170
0019 227 084 260 133 214 142 285 173
0020 226 081 258 128 215 145 283 170
0021 230 082 261 126 216 145 284 171
0022 231 082 273 129 213 144 279 171
0023 232 085 273 130 215 144 284 170
0024 231 085 263 134 213 144 283 175
0025 230 087 260 132 212 144 285 175
0026 226 085 259 132 213 143 287 175
0027 229 086 267 131 216 144 283 172
0028 231 090 264 135 215 145 280 171
0029 230 091 267 137 213 148 281 176
0030 226 099 264 147 207 151 277 176
0031 178 155 254 195 216 116 253 169
0032 153 167 218 208 201 132 238 194
0033 183 162 223 213 130 189 187 230
0034 165 184 203 232 096 192 142 236
0035 151 195 193 235 086 199 128 239
0036 081 197 128 237 146 198 187 237
0037 086 199 128 239 148 202 190 238
0038 150 202 196 239 091 202 133 238
0039 101 204 141 237 149 203 190 238
0040 152 202 193 239 102 206 141 238
0041 101 206 143 239 152 202 195 238
0042 101 204 139 237 147 202 198 236
