0000 064 212 112 238
0001 059 209 114 239 025 207 064 239
0002 028 200 064 239 063 207 116 239
0003 066 202 115 238 031 185 063 234
0004 072 188 114 237 031 174 062 225
0005 070 154 124 201 025 171 064 223
0006 024 170 066 219 067 133 120 175
0007 061 118 114 158 024 168 070 212
0008 052 106 107 155 018 160 077 201
0009 052 104 105 151 022 160 075 198
0010 070 101 117 161 028 157 080 196
0011 072 091 116 161 029 151 083 196
0012 059 086 110 150 031 148 085 191
0013 051 090 100 150 025 149 087 189
0014 058 087 109 148 030 139 093 180
0015 076 084 118 144 033 138 098 179
0016 070 080 115 142 040 137 097 175
0017 062 076 109 140 045 137 102 176
0018 071 077 112 134 038 136 098 173
0019 070 075 109 131 046 138 101 175
0020 056 075 106 130 044 140 102 175
0021 067 073 110 126 043 138 101 177
0022 071 070 117 133 044 142 097 180
0023 059 076 114 125 038 144 101 180
0024 067 080 116 136 049 143 099 182
0025 062 075 126 125 048 143 099 182
0026 069 075 126 125 048 146 095 182
0027 082 084 135 130 045 139 075 186
0028 099 113 138 159 038 141 067 198
0029 101 154 140 198 024 170 067 223
0030 021 199 057 239 089 200 121 239
0031 087 209 122 236 021 217 060 237
0032 086 218 118 239 024 220 062 239
0033 086 220 119 239
0034 086 220 119 239
0035 086 220 119 239
0036 085 221 116 239
