0007 152 203 186 239
0008 070 183 120 233 123 159 177 207
0009 077 146 141 181 115 122 175 156
0010 086 110 161 156
0011 086 099 168 144
0012 096 102 176 145
0013 098 098 162 145
0014 105 098 177 138
0015 102 098 158 149 059 110 099 160
0016 092 098 168 143
0017 092 095 140 144 109 090 178 126
0018 096 097 168 138
0019 099 095 162 142
0020 104 087 168 131 059 109 098 146
0021 099 087 162 130 059 107 102 146
0022 099 087 162 132
0023 101 099 154 146 108 084 168 123
0024 097 081 168 117 099 101 153 146
0025 095 083 170 120 099 101 156 146
0026 096 084 171 121 100 101 157 146
0027 094 098 164 141 057 104 098 142
0028 090 099 165 141 114 087 172 122
0029 093 093 167 136
0030 090 100 165 141 106 083 174 121
0031 090 097 163 139
0032 094 100 164 141
0033 109 088 166 122 096 104 166 145
0034 097 104 164 145
0035 089 134 153 168 115 107 186 142
0036 131 137 192 177 077 155 124 202
0037 153 192 199 237 059 214 105 236
