0000 127 186 150 218 208 190 229 217
0001 129 185 152 217 206 188 228 224
0002 129 184 152 216 205 188 228 224
0003 128 185 151 217 205 190 225 223
0004 127 183 150 216 204 188 227 223
0005 127 185 150 218 205 194 228 228
0006 127 185 150 218 206 188 229 223
0007 128 185 152 217 205 189 225 220
0008 131 179 150 213 206 186 227 219
0009 134 174 155 206 200 183 221 215
0010 141 162 164 194 189 166 213 201
0011 173 153 207 186 142 145 177 173
0012 152 120 187 153
0013 157 103 195 143
0014 160 082 203 133
0015 157 078 194 126
0016 148 074 185 109
0017 144 070 184 104 173 065 210 098
0018 142 072 179 103 178 062 217 096
0019 141 072 180 100 179 061 215 095
0020 182 063 216 101 143 068 185 103
0021 181 061 214 097 147 068 180 101
0022 177 062 217 099 140 064 180 099
0023 184 062 219 097 141 063 179 097
0024 176 059 218 099 146 068 184 100
0025 175 059 218 102 141 067 179 096
0026 182 062 215 105 141 067 179 096
0027 182 061 216 105 144 067 184 100
0028 179 059 219 098 144 068 182 101
0029 180 065 217 105 146 067 180 102
0030 140 069 180 098 177 061 220 099
0031 177 063 217 110 141 066 180 100
0032 180 064 215 102 141 069 180 101
0033 146 069 183 103 183 066 212 099
0034 144 078 187 120 172 075 222 131 177 072 206 101
0035 148 089 206 134
0036 161 102 193 126 167 129 210 157
0037 147 125 191 152 170 147 212 177
0038 138 144 177 175 187 169 215 195
0039 144 159 171 191 191 179 217 208
0040 197 182 221 211 135 171 159 208
0041 133 176 158 212 199 181 221 210
0042 131 182 155 217 202 185 225 220
0043 127 181 150 217 207 185 228 218
0044 126 183 149 217 206 185 229 218
0045 125 184 145 218 211 189 231 217
0046 125 188 144 220 210 188 229 219
0047 125 184 147 217 211 188 231 220
0048 126 183 147 216 211 187 232 217
0049 126 185 147 219 212 188 232 218
0050 127 183 148 217 211 188 230 218
0051 127 185 148 218 207 188 229 220
0052 126 185 148 217 208 188 229 221
0053 126 185 149 220 212 189 231 221
0054 124 182 147 218 212 188 232 215
0055 126 186 148 220 212 189 233 216
