0002 179 223 198 239
0003 179 221 200 239
0004 186 216 208 239 081 214 113 239
0005 229 156 265 188
0006 081 067 121 118 222 061 244 095
0007 104 030 137 074 156 013 195 044
0008 120 018 170 065 108 033 133 063
0009 103 028 141 062
0010 101 022 142 064 118 028 180 072
0014 101 024 131 064
0015 107 027 133 061
0016 103 027 127 062
0017 104 027 127 062
0018 104 027 126 063
0019 104 025 128 062 123 026 172 073
0020 104 026 128 062 123 025 175 074
0021 102 029 130 060 125 024 173 075
0022 105 027 132 062 123 022 171 076
0023 097 029 125 069 125 022 184 065
0024 064 064 098 110 198 035 229 073
0025 057 169 093 200 238 145 276 172
0026 202 220 227 239 076 214 102 239
