0000 092 222 118 239 188 219 205 239
0001 185 215 203 239 102 216 120 239
0002 184 214 207 239 103 220 123 239
0003 184 214 208 239 097 222 121 239
0004 184 214 205 238 096 219 119 239
0005 093 199 114 231 212 195 234 230
0006 084 117 117 155
0007 092 066 121 102 220 041 244 075
0008 100 037 137 073 156 020 193 046
0009 125 024 168 050
0010 115 037 148 069
0011 112 037 144 074
0014 117 033 148 072
0015 117 031 147 070
0016 116 034 147 073
0021 118 026 160 054
0022 115 027 156 056
0024 122 029 153 065
0026 106 041 139 078 142 025 185 051
0027 084 071 111 106 209 043 233 075
0028 080 191 103 228 211 152 250 182
0029 096 220 116 239 199 213 218 239
0030 094 214 115 239
0031 080 209 104 239
0032 079 212 107 239 209 211 232 239
