0000 121 190 180 239 101 190 128 235
0001 140 170 185 200 119 196 178 239 080 181 117 221
0002 130 157 185 184 124 203 184 239 071 168 101 199
0003 049 156 089 188 114 144 180 172 123 201 183 239
0004 107 142 172 171 127 194 185 239 040 155 076 191
0005 034 159 077 201 100 139 158 173 125 200 184 239
0006 027 167 081 214 100 142 157 177 125 200 184 239
0007 017 175 059 216 092 142 151 179 124 201 183 239
0008 027 155 059 200 128 199 183 239 095 135 157 168
0009 030 140 077 176 104 128 161 151 127 196 183 239
0010 034 133 079 167 127 195 185 239 109 125 175 156
0011 040 125 085 157 117 118 181 146 121 197 179 239
0012 045 119 099 163 121 117 187 150 127 195 185 239
0013 126 117 189 147 053 119 099 167 122 194 179 239
0014 136 119 185 154 064 124 096 172 127 196 184 239
0015 139 123 188 164 065 137 105 184 129 195 183 239
0016 142 137 194 170 069 142 104 184 122 199 177 239
0017 075 143 116 181 150 133 206 173 122 196 177 239
0018 154 133 209 169 073 136 128 172 126 198 180 239
0019 082 128 139 160 158 127 209 156 125 203 184 239
0020 159 124 221 161 090 118 146 151 124 199 180 239
0021 173 121 225 161 098 115 154 147 126 198 182 239
0022 182 123 229 172 102 122 161 151 124 196 179 239
0023 186 133 233 170 111 130 164 170 124 196 179 239
0024 118 131 167 182 189 129 242 169 120 196 179 239
0025 119 134 172 180 191 127 244 176 124 201 182 239
0026 204 124 255 162 118 127 186 159 120 196 180 239
0027 210 125 262 159 129 120 193 150 124 202 186 239
0028 216 122 265 158 149 115 201 144 126 201 186 239
0029 220 119 267 164 149 115 214 143 125 201 182 239
0030 227 116 268 168 120 196 179 239 136 123 216 152
0031 231 122 269 175 125 200 182 239
0032 232 128 273 183 148 127 224 160 125 201 183 239
0033 234 137 278 187 154 132 233 165 126 202 182 239
0034 232 145 284 185 150 131 225 165 120 197 179 239
0035 234 143 284 184 157 136 227 168 124 202 181 239
0036 228 143 276 182 161 134 221 170 124 201 181 239
0037 222 143 264 183 148 134 218 167 124 201 181 239
0038 208 145 248 180 142 140 204 174 124 201 182 239
0039 192 151 232 184 126 197 185 239 119 147 191 181
0040 179 155 224 188 109 154 177 186 120 196 179 239
0041 164 160 218 192 127 194 185 239 107 158 171 186
0042 156 160 217 191 097 159 157 188 122 196 179 239
0043 152 159 211 188 099 160 155 188 126 194 185 239
0044 151 160 208 190 097 162 155 189
0045 154 162 204 190 098 162 152 189 126 195 187 239
0046 152 161 212 192 092 163 147 191 121 197 178 239
0047 154 163 206 192 095 164 151 191 122 198 178 239
0048 150 161 213 192 094 163 147 189
0049 153 161 204 190 121 201 178 239 086 160 147 189
0050 155 158 213 188 125 202 180 239 101 163 148 186
0051 153 155 202 182 127 199 182 239 090 153 154 181
0052 152 149 210 177 121 197 181 239
0053 150 136 207 167 125 202 182 239 087 145 149 172
0054 156 137 201 160 124 189 184 238 098 142 145 165
0055 152 122 208 151 126 190 183 237 089 135 149 161
0056 150 120 212 146 082 124 145 153 126 189 183 237
0057 151 118 210 141 126 198 181 239 083 118 145 147
0058 145 111 213 141 070 114 139 145 123 197 182 239
0059 151 107 213 133 068 112 140 143
0060 148 111 207 137 075 116 142 148 127 199 183 239
0061 148 118 211 142 128 199 184 239 086 122 140 146
0062 147 122 202 148 083 128 142 154 126 201 182 239
0063 152 125 204 154 094 136 144 160
0064 147 136 206 163 097 140 144 168 127 199 182 239
0065 147 142 210 171 087 146 147 174 128 195 185 239
0066 152 147 205 178 089 155 146 181 126 195 184 239
0067 150 156 200 186 090 159 147 187 121 196 180 239
0068 150 162 205 193 093 160 149 190 124 201 185 239
0069 090 168 146 197 154 161 206 201 124 203 185 239
0070 152 165 205 204 094 170 144 200 125 203 184 239
0071 091 168 144 198 151 167 208 203 125 203 186 239
0072 151 160 207 199 091 165 145 194 128 196 185 239
0073 148 157 205 186 093 157 143 188 126 202 184 239
0074 092 149 144 178 147 147 206 176 128 197 183 239
0075 148 141 206 169 089 142 147 170 127 198 182 239
0076 143 132 206 162 126 193 181 239 096 138 144 162
0077 147 125 208 155 126 197 183 239 086 125 146 154
0078 147 118 207 143 127 195 184 239 084 118 149 148
0079 152 113 211 139 126 197 182 239 078 118 141 146
0080 148 112 208 138 126 192 179 239 069 115 142 145
0081 150 114 206 139 126 197 181 239 075 118 143 147
0082 152 119 200 143 120 197 179 239 084 124 145 152
0083 085 130 145 156 151 127 201 149 120 197 179 239
0084 146 132 205 158 089 133 149 158 119 196 178 239
0085 142 142 204 169 090 139 149 165 123 195 182 239
0086 142 147 203 177 091 144 148 173 126 198 182 239
0087 146 157 197 185 091 148 142 178 125 202 182 239
0088 146 159 200 188 089 155 150 184 120 196 180 239
0089 148 165 198 191 095 160 147 191 124 202 182 239
0090 147 164 201 196 093 161 148 193 124 203 183 239
0091 147 166 199 196 095 162 147 194 126 198 184 239
0092 146 169 197 201 090 167 148 196 124 203 183 239
0093 091 172 146 203 145 170 197 204 127 197 184 239
0094 105 177 144 212 144 173 193 206 122 200 175 239
0095 109 181 140 220 143 176 189 207 121 196 178 239
0096 128 193 186 239 104 179 140 221 143 174 188 212
0097 106 179 143 215 125 189 181 237
0098 104 179 144 217 123 194 180 239
0099 108 181 144 220 122 197 180 239
0100 124 196 184 239 106 177 145 219
0101 106 183 142 219 124 193 187 237 141 177 192 210
0102 124 189 184 236 108 182 142 221
