0000 045 213 087 239
0001 043 209 087 239
0002 043 210 084 239
0003 047 207 087 239
0004 047 206 086 239
0005 044 209 084 239
0006 044 207 084 239
0007 043 208 088 239
0008 042 203 087 239
0009 039 204 080 239
0010 041 199 082 239
0011 037 199 084 239
0012 033 186 087 236 153 217 201 239
0013 137 199 191 239 013 173 073 223
0014 132 169 185 208 011 159 067 201
0015 115 144 180 178 008 139 067 182
0016 104 112 173 144 006 105 059 144
0017 010 091 060 132 103 098 169 136
0018 011 071 066 112 118 081 174 134
0019 126 075 180 133 012 062 072 100
0020 013 069 083 110 142 087 191 138
0021 014 088 091 129 145 098 200 141
0022 023 097 099 144 142 107 210 146
0023 040 105 112 152 159 107 224 141
0024 049 099 125 146 180 098 245 136
0025 055 093 136 136 188 090 249 137
0026 076 085 157 126 199 079 256 136
0027 209 082 269 138 091 083 164 123
0028 212 079 270 139 105 089 179 128
0029 118 100 182 144 216 099 279 154
0030 122 106 188 146 221 108 286 153
0031 128 113 190 151 231 119 285 163
0032 224 123 291 162 120 113 191 150
0033 119 115 191 151 222 123 289 163
0034 114 111 184 149 234 118 286 159
0035 108 106 174 143 211 112 281 151
0036 204 100 268 138 097 090 164 128
0037 085 070 149 106 189 075 249 114
0038 175 056 243 094 074 047 140 087
0039 169 040 235 078 069 024 136 071
0040 165 027 229 071 060 017 128 061
0041 161 022 228 066 055 016 129 064
0042 156 034 226 078 055 033 126 079
0043 156 052 224 091 048 051 123 091
0044 159 073 220 107 045 083 119 121
0045 046 109 119 155 164 102 230 133
0046 052 132 119 187 154 125 221 165
0047 143 155 214 201 056 151 113 214
0048 145 177 207 232 056 185 119 236
0049 063 179 122 237 143 184 201 235
0050 137 194 196 237 060 184 118 233
0051 141 186 197 239 052 185 116 239
0052 139 173 198 236 063 154 112 232
0053 054 141 121 206 141 158 199 203
0054 053 124 119 175 142 129 202 170
0055 048 100 122 137 139 110 204 140
0056 136 085 198 119 049 080 119 113
0057 138 068 201 107 052 061 127 099
0058 137 056 205 101 056 054 129 094
0059 141 054 207 096 056 057 133 097
0060 142 057 208 098 045 060 124 098
0061 143 057 209 099 054 060 128 097
0062 142 063 207 105 051 060 128 097
0063 143 061 209 101 051 064 127 104
0064 145 069 206 111 064 062 120 104
0065 059 077 117 121 145 081 200 122
0066 045 112 100 163 157 108 197 145
0067 028 159 068 210 156 154 202 198
0068 156 194 208 239 018 190 058 238
0069 160 211 210 239 017 209 050 239
0072 175 222 206 239
