0001 136 214 170 239
0002 039 215 080 239 115 206 159 239
0003 089 173 144 226 016 190 067 227 127 170 176 232
0004 009 176 049 213 073 165 127 211
0005 049 143 112 179
0006 039 135 104 169 090 139 144 211
0007 036 134 091 170 090 133 139 208
0008 029 141 093 177 083 135 139 215
0009 084 140 135 214 030 145 094 179
0010 088 142 136 210 029 147 091 178
0011 031 137 093 171 086 136 137 208
0012 034 130 097 163 091 129 140 202
0013 048 118 101 149 094 123 142 202 007 119 033 158
0014 053 111 105 143 009 104 038 148
0015 007 095 051 140 061 108 111 140
0016 011 092 062 139 072 109 124 150
0017 022 099 078 145 072 114 124 152
0018 026 112 082 153 078 125 127 163
0019 025 122 082 156 086 139 130 178
0020 028 131 084 165 089 141 131 180
0021 038 145 095 178 098 151 146 191
0022 051 151 099 180 109 155 155 196
0023 117 146 167 186 052 149 110 180
0024 125 139 170 172 066 140 114 173
0025 071 131 129 164 133 131 178 162
0026 078 120 134 152 135 121 188 150
0027 089 112 140 145 139 113 189 144
0028 091 099 146 137 144 101 195 138
0029 099 094 150 132 155 094 206 132
0030 101 090 161 130 158 094 208 132
0031 113 098 166 135 162 094 213 137
0032 168 102 220 143 114 105 170 136
0033 166 110 220 147 122 114 178 145
0034 171 117 223 156 127 124 180 154
0035 172 122 225 161 126 131 178 163
0036 128 135 183 169 175 134 232 169
0037 132 147 190 178 184 142 240 181
0038 140 149 199 185 192 148 243 188
0039 196 146 247 186 134 156 211 190
0040 194 143 257 174 139 151 216 186
0041 201 130 262 161
0042 199 112 255 152
0043 202 104 263 142
0044 202 096 267 131
0045 204 085 277 123
0046 213 078 273 115
0047 206 072 279 112
0048 209 073 281 112 172 075 236 114
0049 220 082 277 118
0050 195 094 268 131 158 097 226 134
0051 208 100 261 139 155 100 225 136
0052 195 118 245 154 149 109 211 141
0053 175 143 216 178 128 136 187 165
0054 158 164 197 201 098 162 167 200
0055 140 179 184 227 083 184 137 229
0056 126 186 175 232 067 196 122 238
0057 115 188 166 227 051 193 113 234
0058 054 187 105 230 114 179 164 223
0059 050 183 105 224 112 173 164 215
0060 052 177 105 220 118 170 172 212
0061 048 163 103 203 122 157 178 196
0062 047 153 107 193 124 144 183 183
0063 052 140 110 178 121 132 183 167
0064 123 122 183 153 053 131 113 166
0065 125 112 188 146 055 122 112 157
0066 127 108 183 140 055 116 113 151
0067 128 099 186 135 050 108 115 147
0068 129 089 184 126 054 097 117 133
0069 130 080 183 118 043 088 111 129
0070 050 075 110 116 128 074 182 110
0071 128 069 184 104 053 068 111 105
0072 053 059 116 098 118 059 182 098
0073 123 051 182 091 050 047 118 091
0074 122 043 180 088 054 044 124 090
0075 129 039 185 077 059 036 119 075
0076 126 032 184 075 053 034 122 076 084 032 128 055
0077 127 023 184 067 057 023 107 065
0078 129 018 185 064 066 012 122 058
0079 132 016 186 060 063 011 118 055
0080 131 016 188 060 066 012 121 052
0081 132 016 188 066 066 017 127 058
0082 135 023 188 068 086 025 126 047
0083 129 030 190 079 067 031 132 063
0084 133 041 189 085 074 042 129 069
0085 133 054 187 094 068 054 125 086
0086 126 065 188 106 058 061 124 104
0087 130 073 188 112 069 072 129 102
0088 134 083 188 120 070 076 130 108
0089 055 092 118 130 137 087 193 124
0090 138 095 193 134 069 097 124 127
0091 137 106 194 143 064 111 125 145
0092 069 119 126 152 143 114 195 150
0093 144 133 188 168 066 128 126 166
0094 135 139 193 178 070 133 123 173
0095 139 145 189 183 067 143 122 184
0096 056 155 115 194 134 149 184 193
0097 050 157 113 203 133 161 181 204
0098 056 166 112 209 127 169 179 212
0099 128 182 179 225 053 177 104 222
0100 050 199 102 239 132 201 175 239
0101 044 216 092 239
0102 147 206 190 239
0103 146 204 189 239
0104 147 209 193 239
0105 147 209 193 239
0106 145 207 188 239
