0000 164 202 211 239 090 220 123 239
0001 162 204 211 239 087 221 126 239
0002 162 203 211 239 090 215 125 239
0003 161 203 210 239 088 209 137 239
0004 096 209 134 239 160 203 206 239
0005 159 191 212 239 097 204 143 239
0006 103 198 153 239 164 193 212 239
0007 163 185 205 239 111 195 157 239
0008 118 186 165 239 162 187 204 239
0009 119 189 167 239 157 182 199 238
0010 117 182 164 234 161 182 201 237
0011 119 174 165 236 159 178 201 237
0012 129 175 172 236 155 176 203 236
0013 126 166 166 232 158 170 203 232
0014 129 161 174 219 159 161 210 220
0015 143 152 206 208 122 152 171 200
0016 154 145 208 195 121 148 181 193
0017 156 137 209 186 123 137 172 183
0018 119 136 193 177
0019 136 129 216 172
0020 132 125 214 167
0021 131 120 210 162
0022 163 115 212 154 122 116 171 151
0023 175 111 219 151 117 110 164 146
0024 180 109 225 145
0025 186 107 228 142 103 108 163 146
0026 189 106 237 145 100 106 154 143
0027 099 110 154 148 190 112 239 147
0028 104 113 159 151 189 115 236 153
0029 189 115 237 155 105 119 155 154
0030 188 125 231 164 105 127 156 163
0031 112 135 160 179 181 134 229 175
0032 114 138 164 189 182 140 225 186
0033 118 146 162 204 176 148 219 200
0034 121 153 169 210 171 158 212 209
0035 123 159 171 220 162 164 209 221
0036 161 166 203 231 125 164 167 228
0037 127 166 168 226 163 167 202 233
0038 126 162 167 230 160 167 209 237
0039 125 163 172 236 163 169 201 233
0040 127 163 164 233 162 170 208 239
0041 155 165 203 232 129 163 169 227
0042 157 157 203 216 129 152 171 218
0043 155 141 209 193 131 140 176 194
0044 138 132 210 175
0045 157 120 216 160
0046 134 109 215 150
0047 141 102 225 141
0048 146 097 226 136
0049 180 092 234 126 145 090 201 128
0050 153 087 243 128
0051 149 090 226 132
0052 157 091 248 133
0053 153 098 213 140
0054 156 115 243 155
0055 148 121 244 162
0056 175 131 236 170
0057 172 140 229 185 144 133 188 178
0058 162 151 220 199 131 141 181 194
0059 167 162 211 223 133 155 175 215
0060 125 167 166 234 160 175 206 234
0061 119 172 166 235 158 177 201 239
0062 112 175 161 233 153 187 194 239
0063 114 173 159 234 153 183 196 236
0064 109 171 158 229 154 181 196 239
0065 113 169 161 234 154 174 196 239
0066 116 160 162 234 144 169 198 226
0067 129 148 201 205
0068 124 140 203 188
0069 145 128 222 170
0070 146 115 228 156
0071 157 106 240 143
0072 180 092 254 134 154 094 208 131
0073 168 087 259 127
0074 177 085 269 128
0075 197 083 279 133
0076 182 093 279 141
0077 171 101 229 143 197 102 276 144
0078 176 116 271 156
0079 167 122 266 162
0080 156 131 239 171
0081 178 144 236 182
0082 169 153 220 192 133 147 188 192
0083 166 163 213 207 120 159 173 203
0084 117 160 162 218 155 170 202 218
0085 117 163 156 222 152 170 202 222
0086 115 165 155 227 148 174 194 230
0087 112 168 155 230 148 174 194 232
0088 113 166 157 233 152 176 197 232
0089 116 169 160 230 154 171 197 232
0090 116 166 192 233
0091 121 160 172 213 151 164 202 217
0092 125 151 202 202
0093 138 148 217 191
0094 168 137 226 180 134 129 186 169
0095 181 126 239 166 143 121 206 161
0096 189 114 244 156 146 108 199 149
0097 192 103 261 148 151 098 204 138
0098 209 094 268 143 147 101 216 141
0099 213 094 272 144 150 099 205 138
0100 209 100 272 145 146 106 210 146
0101 207 110 267 155 146 112 207 149
0102 201 118 260 159 151 111 201 148
0103 146 122 198 162 202 128 258 167
0104 190 135 246 174 147 130 197 177
0105 144 139 192 186 188 144 242 188
0106 186 151 233 199 142 147 189 201
0107 135 160 201 216 177 160 224 220
0108 169 170 220 226 140 168 189 228
0109 135 170 177 232 172 171 216 235
0110 124 172 171 238 163 179 211 235
0111 122 176 169 239 160 184 203 239
0112 127 181 171 239 160 187 200 239
0113 118 181 168 235 158 186 199 239
0114 121 181 169 237 154 182 199 238
0115 116 181 169 236 159 184 201 239
0116 121 182 167 239 158 185 202 239
0117 121 185 159 239 154 190 203 239
0118 117 191 158 239 154 190 200 239
0119 118 200 157 239 155 195 197 239
0120 156 199 204 239 119 202 161 239
0121 117 205 164 239 161 207 204 239
0122 118 206 162 239 163 209 205 239
0123 116 210 160 239 169 208 213 239
0124 116 212 161 239 169 208 210 239
0125 116 212 160 239 167 206 209 239
0126 116 206 161 239 160 205 207 239
0127 159 200 203 239 119 205 160 239
0128 162 196 207 239 118 203 162 239
0129 118 195 162 239 160 190 207 239
0130 115 193 163 239 155 192 202 239
0131 115 190 161 239 157 190 205 239
0132 116 191 166 239 159 184 200 236
0133 116 192 168 239 159 185 203 239
0134 109 188 159 239 162 188 213 239
0135 160 184 208 239 107 184 162 239
0136 163 181 209 239 108 183 161 237
0137 163 180 216 236 107 184 158 239
0138 111 175 161 239 166 174 218 233
0139 169 168 220 220 102 169 155 225
0140 104 161 159 220 179 159 233 209
0141 103 159 155 211 179 154 227 205
0142 104 158 159 208 179 148 230 196
0143 099 151 154 200 180 143 230 188
0144 099 143 153 188 179 140 232 181
0145 181 133 232 169 099 138 153 177
0146 184 128 238 166 099 127 153 165
0147 187 120 237 158 101 121 152 160
0148 097 121 157 156 185 112 241 150
0149 099 115 159 153 180 106 236 145
0150 097 114 156 152 187 108 241 145
0151 189 105 241 145 099 106 151 145
0152 188 102 245 143 096 103 153 143
0153 186 100 238 142 098 101 152 139
0154 191 096 246 139 095 100 152 142
0155 092 098 146 136 197 093 243 136
0156 195 091 242 137 092 089 146 134
0157 096 092 149 135 188 092 240 134
0158 092 087 149 131 195 084 239 135
0159 091 085 149 129 191 083 247 127
0160 092 083 148 128 192 082 247 131
0161 191 079 246 130 092 087 148 128
0162 092 085 149 130 192 083 245 130
0163 191 086 246 137 092 093 148 136
0164 187 096 241 138 089 103 148 146
0165 187 105 239 146 090 109 147 150
0166 189 113 245 151 090 120 151 155
0167 183 123 242 159 088 130 150 166
0168 187 129 241 168 089 136 147 175
0169 092 143 147 187 184 138 237 172
0170 092 153 151 200 188 143 239 182
0171 094 159 149 212 188 158 237 198
0172 089 169 149 223 182 162 233 208
0173 097 175 147 231 182 169 231 220
0174 096 177 151 237 179 171 230 229
0175 183 173 234 224 100 180 155 236
0176 103 180 153 237 182 173 234 225
0177 099 182 155 239 182 174 232 229
0178 097 180 151 237 179 178 231 232
0179 103 181 153 238 181 178 232 233
0180 182 177 233 231 097 180 152 237
0181 181 176 235 229 098 177 150 235
0182 180 170 229 226 100 171 151 231
0183 100 167 154 224 183 163 234 217
0184 096 160 151 219 183 163 234 214
0185 090 155 149 211 184 156 241 206
0186 090 150 144 199 184 146 239 195
0187 093 133 146 184 184 137 237 179
0188 092 126 148 175 184 132 239 170
0189 092 119 144 162 185 126 243 161
0190 186 115 245 151 088 113 146 155
0191 187 112 245 152 094 107 148 145
0192 095 099 145 137 192 109 248 147
0193 096 089 145 132 194 104 248 144
0194 096 081 146 127 193 100 251 143
0195 093 077 146 119 188 094 245 133
0196 100 074 147 119 190 092 245 134
0197 094 075 147 119 195 088 248 133
0198 094 073 148 121 193 086 250 129
0199 092 072 146 122 192 084 248 128
0200 195 077 251 126 093 074 144 122
0201 093 072 144 123 194 079 253 131
0202 090 079 144 127 190 083 248 133
0203 192 091 248 135 092 090 144 133
0204 189 103 250 145 092 099 149 140
0205 186 110 244 147 090 108 146 147
0206 188 115 246 153 090 118 149 154
0207 186 118 243 154 085 127 142 164
0208 186 125 244 162 083 137 141 173
0209 091 140 144 181 187 134 243 173
0210 092 144 145 192 189 139 240 177
0211 094 153 146 201 186 146 243 188
0212 095 160 148 210 180 152 239 190
0213 096 166 149 222 180 157 233 200
0214 092 168 151 224 178 164 231 212
0215 101 175 151 230 176 170 226 221
0216 099 179 152 236 178 176 230 229
0217 179 183 236 238 101 182 153 237
0218 180 185 226 239 097 191 149 239
0219 169 197 221 239 097 198 145 239
0220 174 201 224 239 098 206 142 239
0221 092 208 136 239 173 213 220 239
0222 088 210 129 239 177 211 227 239
0223 087 213 126 239 181 213 222 239
0224 091 220 123 239 187 216 228 239
0225 084 217 122 239
0226 086 219 118 239
0227 085 223 124 239
