0012 011 216 054 239 126 211 170 239
0013 007 201 059 239 095 220 158 239
0014 094 200 152 239 012 193 055 239
0015 089 180 156 221 007 181 048 239
0016 008 175 046 230 093 177 153 217
0017 084 167 154 207 010 162 050 219
0018 008 156 056 208 083 153 153 192
0019 078 143 144 182 007 135 051 194
0020 080 126 139 166 009 126 051 179
0021 010 117 055 174 091 116 144 159
0022 006 108 053 167 088 110 141 155
0023 012 108 055 160 089 106 143 152
0024 009 107 060 160 098 104 150 149
0025 010 107 060 160 090 101 139 147
0026 010 108 060 162 092 101 145 149
0027 092 104 145 149 008 106 059 165
0028 089 106 141 152 007 105 055 164
0029 082 110 148 154 007 107 047 160
0030 084 111 148 154 008 104 053 163
0031 088 109 142 152 007 107 047 162
0032 088 106 145 154 008 107 048 165
0033 095 109 149 155 009 114 042 167
0034 087 112 160 156 011 111 050 169
0035 089 110 159 156 012 111 048 166
0036 094 112 157 153 009 112 041 163
0037 090 112 161 155 009 111 040 165
0038 089 112 157 154 010 115 041 167
0039 088 112 158 154 010 112 041 164
0040 088 113 156 153 010 113 041 164
0041 084 112 156 156 014 108 047 163
0042 083 110 157 157 011 113 046 165
0043 098 109 153 155 009 111 041 165
0044 081 113 146 155 012 116 049 170
0045 010 138 056 192 079 135 143 177
0046 016 173 072 219 086 166 135 203
0047 028 209 075 239 087 210 137 239
0048 122 217 171 239
