0000 213 188 234 226 124 187 146 216
0001 215 189 235 222 127 184 147 214
0002 212 188 235 228 123 183 145 213
0003 212 183 234 224 125 183 145 216
0004 208 181 234 227 123 183 141 214
0005 199 179 229 222 125 182 142 214
0006 180 160 215 204 126 183 145 217
0007 157 136 204 171 126 182 145 216
0008 174 111 228 145 138 112 197 140 122 181 144 213
0009 133 093 183 122 124 180 144 216 170 098 222 133
0010 129 090 171 108 151 092 221 131 123 181 143 213
0011 128 084 174 107 123 181 143 212 145 087 220 125
0012 122 182 140 211 133 081 176 101 157 088 222 126
0013 124 182 142 215 144 079 185 101
0014 124 184 141 215 156 079 200 101 185 082 238 132
0015 125 183 142 214 168 080 215 102
0016 218 080 258 133 188 076 227 104 122 183 141 216
0017 220 079 257 132 188 076 231 099 122 183 141 217
0018 216 077 255 131 189 075 235 097 123 181 141 214
0019 216 076 254 132 189 076 234 100 123 182 141 214
0020 179 076 223 100 124 183 142 216 208 078 251 126
0021 122 181 142 212 164 073 218 102
0022 124 182 142 215 172 075 231 117
0023 149 079 218 109 124 183 142 216 122 079 166 107
0024 130 077 196 111 111 085 154 112 124 182 142 217
0025 130 077 197 109 125 185 142 216 113 085 155 107
0026 125 188 144 216 121 075 199 106
0027 141 077 215 108 125 188 144 216 126 083 158 105
0028 121 181 141 212 137 078 177 101 158 075 218 114
0029 122 184 140 212 165 074 237 119
0030 123 183 142 217 161 071 225 099
0031 215 075 259 128 123 183 142 216 183 074 225 094
0032 215 077 261 135 124 182 144 217 195 076 242 097
0033 218 081 257 138 123 182 144 216 198 078 243 096
0034 219 079 256 139 124 182 144 217 199 079 243 097
0035 125 183 147 218 198 080 243 097 216 079 255 136
0036 126 183 146 217 192 078 248 102 216 082 253 142
0037 201 090 250 143 126 183 147 216
0038 126 183 146 217 204 116 248 163
0039 210 160 241 211 126 183 145 217
0040 215 183 241 230 123 183 140 211
0041 214 186 239 230 124 183 143 216
0042 214 188 235 226 124 182 143 215
0043 123 183 143 215 214 184 234 222
