0007 153 202 206 239
0008 125 158 195 196
0009 122 126 174 158
0010 129 108 179 135
0011 140 097 185 125
0012 148 092 187 118
0013 148 091 193 123
0014 155 088 209 115
0015 181 082 247 120
0016 208 087 266 134
0017 252 093 280 151
0018 280 106 314 139
0019 280 117 317 145
0020 279 121 319 151
0021 280 124 317 153
0023 277 126 317 157
0025 278 134 316 165
0028 095 210 127 239
0029 093 217 119 236
0030 088 214 114 239
0031 074 220 101 239 139 071 182 112
0032 067 218 096 237 134 070 171 112
0033 064 217 098 239
0034 072 222 095 239
