0000 123 179 142 216 191 176 213 216
0001 123 179 142 216 194 174 216 212
0002 123 179 142 216 194 174 216 212
0003 123 179 142 216 194 174 216 212
0004 123 179 142 216 194 174 216 212
0005 123 179 141 216 194 175 214 211
0006 124 178 142 217 195 171 215 210
0007 124 178 142 217 191 170 214 210
0008 123 178 142 218 176 154 219 193
0009 124 177 143 216 152 129 197 161
0010 124 176 143 216 136 099 191 131
0011 124 176 143 216 142 091 183 118
0012 123 176 143 217
0013 122 177 142 217 145 088 196 124 140 078 177 105
0014 122 177 141 216 145 088 194 122 139 076 179 105
0015 122 178 140 217 146 088 195 125 139 079 177 104
0016 122 177 141 216 150 075 177 107 168 092 203 131
0017 122 177 141 216 189 099 216 136 172 086 205 120
0018 121 177 139 217 188 077 227 109
0019 198 079 229 109 119 177 139 216
0020 191 080 231 113 119 179 136 212
0021 191 082 230 110 118 179 136 212
0022 190 080 232 117 119 178 139 216
0023 190 080 232 116 120 176 141 215
0024 124 178 141 212 195 080 232 110
0025 123 177 143 215 191 080 229 113
0026 185 081 228 112 121 175 140 216
0027 181 083 220 116 119 177 138 217
0028 169 087 208 118 118 182 137 213
0029 147 088 188 119 119 177 139 216 186 098 211 134
0030 121 177 141 217 133 093 176 119 176 097 215 129
0031 121 180 141 216 128 093 162 114 169 095 205 127
0032 124 178 144 216 129 093 160 113
0033 123 177 144 215 127 091 160 114
0034 121 178 141 216 129 093 159 114 169 099 197 129
0035 123 181 140 214 129 093 159 114 161 096 199 128
0036 126 092 162 115 119 178 138 216
0037 120 176 140 215 129 092 171 115 169 095 204 129
0038 122 176 141 216 146 079 189 115 179 095 213 131
0039 120 176 141 216 188 076 223 106
0040 119 175 139 215 194 079 231 114
0041 118 178 138 213 198 082 229 114
0042 192 081 231 116 118 177 139 216
0043 196 080 234 114 118 176 139 217
0044 191 081 231 116 120 176 141 216
0045 122 175 142 215 198 082 229 115
0046 123 175 142 215 199 081 229 115
0047 121 176 142 216 200 087 227 117
0048 120 175 140 215 201 093 230 128
0049 123 177 143 214
0050 121 175 142 215 209 152 236 195
0051 120 177 141 212 204 157 230 198
0052 123 175 143 216 198 172 218 214
0053 123 176 143 216 192 174 214 212
0054 123 176 143 216 190 174 212 213
0055 122 177 143 217 194 172 215 211
0056 122 177 143 218 192 175 212 214
0057 121 176 143 217 193 176 214 214
0058 121 177 142 217 193 173 214 212
0059 193 172 215 214 120 182 140 213
0060 124 178 143 216 189 173 209 213
