0000 129 206 185 239
0001 131 189 185 239
0002 116 125 169 172
0003 107 078 162 132
0004 106 060 153 110
0005 096 068 142 107 105 076 169 133
0006 105 051 159 134 092 066 139 096
0007 089 061 148 100 119 075 172 134
0008 099 065 158 121
0009 098 079 162 144
0010 093 116 165 174
0011 090 151 161 202
0012 117 173 168 229 079 183 124 221
0013 112 190 167 239 076 204 120 235
0014 107 192 161 239 073 206 116 237
0015 116 186 157 238 074 201 125 235
0016 093 189 173 239
0017 111 182 174 239 030 219 073 239
0018 130 204 185 239
0019 126 212 179 239
0020 123 218 177 239 035 215 068 239
0021 129 219 178 239
