0000 124 111 191 183 078 173 156 227
0001 108 078 163 130 095 138 175 190 235 200 299 238
0002 092 067 139 117 119 106 198 160
0003 132 088 217 137 079 057 125 107
0004 079 061 128 104 133 088 218 135
0005 084 060 121 105 122 088 215 138 177 097 217 130
0006 134 086 215 137 087 052 135 097 067 075 136 174
0007 106 044 161 099 118 079 206 141 175 090 210 136
0008 103 089 193 138 047 166 089 200
0009 190 051 231 127 113 084 200 136
0010 207 050 246 122 114 085 198 131 046 166 088 201
0011 204 043 242 122 107 085 202 137
0012 186 053 234 127 116 091 197 142
0013 117 095 178 159 182 087 228 145
0014 172 100 225 179 088 123 167 188
0015 071 147 148 228 169 148 219 207
0016 158 195 209 239 076 194 134 238
0017 152 208 203 239 072 205 127 239
0018 151 204 201 239 083 202 128 233
0019 153 208 197 239 099 212 140 239 067 207 117 239
0020 153 211 200 239 093 207 132 236 069 211 115 239
0021 149 208 197 239 071 210 121 239 033 176 084 229
0022 152 209 194 239 091 207 131 235
0023 151 210 194 239
0024 087 210 130 236 148 205 192 239
0025 151 209 195 239 080 210 123 237
0026 151 209 198 239 083 211 137 239
0027 154 212 196 238 092 208 134 236
0028 151 209 197 239 094 210 131 237
0029 148 207 197 239 087 208 131 236
0030 150 209 195 239 098 211 135 238
0031 086 207 134 237 154 208 195 239
0032 081 209 131 237 155 209 201 239
0033 152 207 209 239 083 207 135 239
0034 083 208 132 238 151 209 197 239
0035 095 211 135 239 156 209 196 239
0036 096 206 138 237 152 209 205 239
0037 098 208 136 237 158 208 201 239
0038 081 210 136 239 148 210 204 239
0039 100 208 139 239 150 216 198 239
0040 149 212 191 239 082 208 133 237
0041 081 209 134 239 149 208 204 239
0042 153 207 198 239 077 210 131 238
0043 082 214 128 239 153 209 198 239
0044 152 208 199 239 095 212 136 239
0045 153 213 195 239 093 209 136 236
0046 083 208 136 239 153 208 198 239
0047 154 212 194 239 095 209 136 237
0048 148 208 197 239 085 209 129 238
