0003 116 207 172 239
0004 096 165 153 221
0005 094 154 148 215 073 150 112 187
0006 075 149 139 208 144 190 230 239 049 200 083 239
0007 169 170 244 224 088 150 133 205 056 190 096 239
0008 174 163 248 220 081 153 135 204
0009 182 161 253 209
0010 178 156 244 211
0011 166 156 239 207 091 155 151 203
0012 154 159 231 212 094 153 153 200 047 182 090 235
0013 158 156 229 208 109 152 160 197
0014 150 152 225 208 121 155 165 225
0015 125 153 205 206
0016 124 150 202 206 029 180 082 233
0017 125 153 200 208 024 181 081 239
0018 124 154 198 215 032 190 086 239
0019 128 159 193 229
0020 113 190 181 239
0021 123 210 188 239
