0000 159 193 201 231 098 209 152 239
0001 161 195 201 232 097 209 153 239
0002 097 200 152 238 162 196 202 233
0003 162 195 202 235 098 206 153 239
0004 164 195 203 234 098 209 156 239
0005 098 201 149 239 157 196 205 234
0006 105 194 151 239 167 181 203 221
0007 102 180 150 223 163 166 199 207
0008 156 122 197 173 116 161 183 206
0009 137 151 207 197 155 106 196 155 108 155 155 195
0010 156 099 199 157 140 158 216 197
0011 140 098 197 142 139 166 216 204
0012 124 106 187 133 146 168 213 210
0013 138 167 203 199 111 110 188 141
0014 100 119 181 151 136 152 185 185
0015 097 120 186 156
0016 144 079 194 129 072 121 159 153
0017 155 065 199 128 067 121 160 151
0018 156 067 202 140 077 118 167 150
0019 157 068 204 129
0020 154 057 202 121 061 121 147 151
0021 154 055 201 120 064 120 152 148
0022 153 061 204 119 079 116 165 150
0023 158 058 204 117 078 116 164 150
0024 157 057 205 119 076 116 165 150
0025 151 060 204 123 072 118 154 149
0026 149 065 205 127 067 120 150 149
0027 152 061 204 127 073 117 165 151
0028 146 062 201 125 074 117 166 151
0029 142 064 195 121
0030 129 062 170 133 076 112 165 148
0031 114 063 155 137 079 114 161 145
0032 082 067 128 140 081 115 153 149
0033 065 076 108 143
0034 058 077 104 147
0035 059 079 105 148
0036 051 081 110 146
0037 056 083 110 143
0038 055 082 108 143
0039 053 081 110 145
0040 057 081 111 143
0041 055 081 109 144
0042 061 084 108 143
0043 076 092 118 155
0044 086 129 128 183
0045 111 161 171 211
0046 120 174 171 222 094 179 127 213
0047 133 185 184 229 097 190 135 239
0048 148 190 195 236 102 203 144 239
0049 154 192 199 235 100 200 152 239
0050 153 194 198 238 104 206 146 239
0051 154 199 198 239 096 201 146 239
0052 155 201 198 238 101 200 150 239
0053 155 202 198 239 099 202 151 239
0054 156 201 197 239 101 207 154 239
0055 157 202 197 239 101 207 154 239
