0000 137 213 188 239 077 210 121 239
0001 135 210 184 239 066 206 109 236
0002 068 206 108 239 137 215 188 239
0003 067 196 127 239 142 215 183 239
0004 084 139 164 214 100 137 147 176 136 217 186 239
0005 111 117 185 176 138 212 187 239
0006 137 095 218 163 138 215 185 239
0007 126 097 222 152 132 205 187 239
0008 129 094 216 154 126 177 174 217
0009 128 098 220 150
0010 144 095 225 148 121 210 152 239
0011 126 097 222 149
0012 119 097 214 149
0013 138 095 220 147 079 084 108 118
0014 124 094 214 148 104 066 152 108
0015 116 098 204 150 128 053 172 106 176 096 216 140
0016 111 206 153 235 157 050 199 109
0017 189 050 232 111
0018 191 043 243 122 120 094 202 151
0019 188 044 237 124 117 099 201 151
0020 185 045 233 119
0021 113 096 200 168 162 073 211 119 240 204 294 238
0022 116 108 196 183 240 205 289 238
0023 088 134 170 212 182 159 248 221
0024 084 166 169 232 168 187 221 234
0025 072 194 157 239
0026 086 196 129 234 186 178 219 206 153 213 215 239
0027 080 202 122 233 146 214 196 239
