0012 071 164 136 214 020 161 088 212
0013 064 143 144 186 069 190 109 239
0014 086 109 156 153
0015 094 099 164 145 049 110 111 161
0016 095 102 176 145 041 100 121 166
0017 028 081 073 131 065 108 124 160 099 106 176 149
0018 024 072 068 134 099 108 179 150
0019 022 073 075 132 099 108 176 151
0020 107 108 170 155 024 074 069 141
0021 024 069 070 147 109 107 167 155
0022 024 072 067 142 106 107 168 155 072 100 105 125 061 113 121 163
0023 024 072 070 140 105 107 169 155
0024 030 068 072 150 070 097 104 127 105 108 167 156 064 110 124 160
0025 035 077 084 139 097 112 174 156 060 112 125 165
0026 048 076 096 133 093 109 173 154 053 106 122 161
0027 060 073 105 133 084 113 173 154 066 104 111 164
0028 080 073 116 160
0029 089 082 130 159
0030 108 077 141 124 091 102 170 158
0031 100 084 150 162
0032 089 112 169 157 106 082 151 131
0033 087 111 170 158 110 080 143 125
0034 101 085 156 161
0035 103 089 149 158
0036 104 082 146 133 097 104 168 163
0037 092 118 165 178
0038 086 145 162 205
0039 094 189 143 239
0040 091 209 146 239
0041 104 221 137 239
