0010 061 217 095 239
0011 060 217 095 238
0012 058 215 096 238
0013 061 215 098 237
0014 064 217 100 239
0015 066 215 100 238 097 223 134 239
0016 075 215 104 239
0017 078 213 118 236
0018 078 206 112 236
0019 075 190 103 235
0020 076 176 107 227
0021 075 158 117 210
0022 078 133 117 198
0023 082 105 113 171
0024 082 090 109 162
0025 083 082 111 149
0026 082 075 111 142
0027 083 069 114 136
0028 080 065 122 134
0029 080 066 124 136
0030 080 064 124 136
0031 083 063 127 136
0032 080 062 125 135
0033 083 062 129 137
0034 079 065 123 135
0035 079 067 122 138
0036 079 061 122 135
0037 079 062 123 134
0038 079 061 123 134
0039 079 061 123 135
0040 079 060 123 135
0041 078 058 123 136
0042 079 058 124 137
0043 085 062 117 139
0044 082 093 112 163
0045 079 133 119 200
0046 082 183 128 235 062 192 093 232 151 159 196 208
0047 053 210 092 239
0048 052 215 087 237
0049 053 217 082 239
0050 054 220 088 239
0051 053 220 088 239
0052 053 220 088 239
0053 052 218 083 239
