0008 040 211 074 239 112 218 165 239
0009 098 151 144 223 050 152 083 231
0010 094 132 129 215 066 133 113 202 120 203 173 237
0011 079 121 126 204 115 201 170 237
0012 040 202 075 237 115 196 162 238 065 119 113 197
0013 073 111 118 204 040 201 075 237 116 197 167 237
0014 084 112 119 204 039 202 074 237 119 200 165 239
0015 117 201 165 237 085 116 119 206
0016 075 119 113 207 110 201 164 239
0017 073 121 113 204 114 197 164 237 039 206 070 238
0018 114 198 164 237 083 120 119 207
0019 083 120 118 206 115 196 169 237
0020 074 118 114 209 113 202 165 238
0021 115 201 165 237 083 120 118 208
0022 116 202 166 238 083 117 118 208
0023 075 119 112 208 116 202 165 238
0024 079 116 117 204 114 200 165 238
0025 083 117 119 207 117 197 167 236
0026 084 118 118 206 119 202 164 238
0027 083 119 118 205 115 198 168 236
0028 075 119 112 207 114 198 168 236
0029 076 119 112 208 115 200 165 238
0030 075 118 113 209 113 200 162 239
0031 075 118 112 210 118 202 163 239
0032 075 116 112 211 114 202 162 239
0033 076 117 112 207 117 199 161 239
0034 084 116 119 205 114 200 161 238
0035 080 116 116 203 117 198 161 239
0036 077 117 113 210 114 202 164 238 038 202 067 234
0037 084 115 118 207 116 197 165 237
0038 074 115 113 210 114 199 164 237
0039 067 140 099 221 084 138 129 222
0040 108 205 151 237 038 209 096 238
