0008 127 202 172 239
0009 144 142 184 185
0010 141 104 196 157
0011 135 090 198 134
0012 141 085 198 131
0013 146 082 201 141
0014 138 076 190 135
0015 135 069 188 131
0016 133 052 187 110
0017 136 032 177 102
0018 136 024 193 084
0019 135 020 175 076 155 019 200 094
0020 131 012 182 056
0021 132 011 178 062
0022 135 006 183 054
0023 138 005 176 053
0024 135 007 179 056 107 196 149 239
0025 135 007 180 053
0026 136 008 180 053
0027 137 006 184 062
0028 141 009 188 059
0029 135 021 188 073
0030 139 047 195 099
0031 031 165 109 215 131 074 183 118
0032 041 146 095 193 123 082 180 122
0033 037 122 105 177 112 096 179 144
0036 041 123 115 163 131 113 175 157
0037 037 126 096 168 139 119 191 162
0038 027 128 088 168 150 115 200 157
0039 159 119 210 162 017 127 078 168
0040 163 120 215 160 016 128 065 168
0041 162 117 220 155 012 133 065 175
0042 166 118 224 160 016 130 068 172
0043 166 115 225 157 021 132 068 173
0044 161 115 221 157 022 132 070 171
0045 023 140 075 175 160 118 211 169
0046 026 144 084 180 160 122 204 170
0047 139 166 189 223 042 196 096 238
0048 129 188 178 239
0050 127 211 151 239
0051 130 214 153 239
