0007 119 199 176 239
0008 127 145 189 208
0009 146 101 202 154
0010 150 069 211 126
0011 148 051 213 109
0012 150 042 206 102
0013 155 040 208 107
0014 152 040 214 106
0015 151 044 212 104
0016 148 047 211 105
0017 155 037 214 112
0018 155 045 214 105
0019 151 045 212 105
0020 153 043 214 108
0021 153 043 215 109
0022 153 043 214 108
0023 156 041 203 112
0024 157 042 203 112
0025 155 043 214 106
0026 151 054 203 105
0027 142 057 197 110
0028 135 088 179 148
0029 124 115 177 169
0030 113 162 159 221
