0002 011 219 049 239
0003 127 213 161 239
0004 097 211 153 239
0005 102 187 152 239 010 220 046 239
0006 108 155 162 209 012 221 045 239
0007 116 125 167 179 008 222 046 239
0008 118 099 168 156 009 220 042 239
0009 120 087 169 140 008 221 044 239
0010 117 087 168 141
0011 116 096 164 152
0012 119 105 164 164
0013 120 113 167 176 011 222 042 239
0014 116 116 166 182 010 221 044 239
0015 121 123 168 184 009 221 042 239
0016 118 123 165 184
0017 119 124 161 196
0018 115 128 164 192 013 221 047 239
0019 116 126 165 190 012 221 046 239
0020 115 123 162 187 008 217 047 239
0021 114 125 162 185 009 221 042 239
0022 113 131 165 193 007 221 045 239
0023 113 125 161 188 012 221 044 238
0024 113 129 163 195
0025 113 130 163 195
0026 114 133 162 194 011 221 045 239
0027 105 145 157 204
0028 103 169 151 235
0029 107 202 152 239
0030 125 213 160 239
