0000 118 208 154 239 053 206 088 238
0001 118 208 154 239 055 207 087 236
0002 117 209 155 239 056 207 086 236
0003 118 209 154 239 055 207 088 238
0004 117 209 154 239 057 206 088 239
0005 112 206 151 238 057 205 087 239
0006 115 201 151 237 055 206 088 238
0007 054 208 088 239 117 182 150 213
0008 118 143 160 199 055 206 084 238
0009 057 206 092 238 129 121 173 173
0010 134 109 183 164 057 205 088 237
0011 142 103 194 160 057 206 091 238
0012 143 105 196 159 053 204 086 235
0013 144 107 200 159 054 206 087 239
0014 140 103 197 154 054 209 087 237
0015 136 101 201 155 055 209 087 238
0016 137 105 199 159 054 208 086 239
0017 136 104 203 156 054 206 087 238
0018 137 105 204 155 058 209 091 238
0019 140 106 202 158 057 209 086 239
0020 143 097 198 153 059 205 084 235
0021 144 088 194 147 055 207 086 239
0022 143 096 184 147 055 210 088 238
0023 058 208 085 238 127 121 163 168
0024 055 208 085 239 120 145 157 184
0025 055 208 085 238 119 170 156 207
0026 056 209 086 239 109 188 150 223
0027 115 198 152 232 056 206 082 236
0028 116 211 149 237 056 202 082 233
0029 111 206 151 239 053 207 086 238
0030 115 210 148 237 055 207 088 238
0031 114 210 149 239 055 206 084 238
0032 116 209 149 237 056 204 090 238
0033 117 209 149 237 058 209 089 236
0034 115 210 150 239 053 205 088 238
0035 117 209 151 237 057 205 088 239
0036 116 210 149 237 050 204 090 239
0037 112 206 153 239 052 205 088 238
0038 112 207 151 239 055 203 083 235
0039 115 209 149 238 051 205 087 239
0040 056 208 086 239 115 209 156 239
