0000 046 158 106 205 165 170 222 211
0001 042 161 106 203 168 168 222 208 020 148 074 209
0002 044 160 102 204 163 171 220 210
0003 046 161 107 202 162 171 217 210
0004 046 161 101 202 166 163 216 204
0005 041 159 102 202 163 170 218 206
0006 043 159 101 202 162 161 222 201
0007 169 143 231 187 047 157 100 204
0008 045 162 100 204 172 128 236 177
0009 045 157 101 202 180 118 248 165
0010 045 158 102 204 180 105 246 159
0011 183 089 246 153 045 160 107 201
0012 184 076 242 146 047 162 105 205
0013 044 159 101 205 185 069 242 136
0014 041 158 101 204 185 064 242 129
0015 188 063 246 132 045 160 103 204
0016 044 157 102 202 190 070 261 124
0017 044 160 101 202 189 063 265 119
0018 047 159 105 203 194 062 265 118
0019 039 160 100 201 191 058 271 126
0020 044 160 101 203 194 056 251 122
0021 195 064 264 123 047 164 102 204
0022 043 157 103 202 191 056 250 125
0023 042 160 102 203 191 066 264 122
0024 045 160 101 203 184 057 269 128
0025 046 159 102 203 191 064 267 120
0026 044 159 101 204 194 070 269 118
0027 187 069 263 125 043 161 100 204
0028 188 059 246 135 043 161 100 205
0029 187 082 234 144 042 161 100 204
0030 044 157 101 204 181 116 231 158
0031 167 138 213 179 047 157 100 203
0032 173 159 216 207 044 160 100 204
0033 046 161 107 205 163 159 216 206
0034 040 157 104 203
0035 043 159 107 202 170 166 214 210
0036 044 158 102 203
0037 042 159 103 205
0038 046 160 099 202
0039 046 163 104 205
0040 043 160 100 202
0041 038 159 103 201
0042 041 159 100 203
