0014 116 208 157 238
0015 115 186 161 232
0016 113 149 161 203
0017 112 121 160 177
0018 107 108 155 164
0019 096 106 147 165
0020 099 101 154 164
0021 101 096 156 160
0022 102 103 157 155
0023 103 106 155 158
0024 103 106 153 161
0025 105 107 161 160
0026 101 107 157 163
0027 105 106 158 163
0028 102 109 163 159
0029 105 109 161 162
0030 106 107 162 162
0031 107 108 159 160
0032 105 108 159 161
0033 106 108 159 161
0034 105 107 159 161
0035 103 107 162 164
0036 103 105 156 159
0037 105 106 157 160
0038 110 111 160 166
0039 109 124 159 178
0040 122 196 166 235
0041 133 219 188 239
