0012 114 194 157 237
0013 110 152 158 214
0014 108 122 153 192
0015 103 118 148 179
0016 103 108 148 173
0017 105 095 146 174
0018 106 101 153 165
0019 099 085 146 160
0020 097 092 150 157
0021 099 090 142 161
0022 096 090 143 161
0023 097 090 143 161
0024 097 097 151 156
0025 099 095 144 160
0026 098 085 148 159
0027 101 094 151 153
0028 098 090 148 160
0029 102 090 150 152
0030 100 089 145 154
0031 103 092 152 157
0032 103 092 151 153
0033 097 092 149 154
0034 098 090 149 157
0035 103 093 152 157
0036 097 093 150 158
0037 098 096 149 158
0038 100 094 148 157
0039 107 102 151 166
0040 122 142 164 202
0041 140 222 187 239
