0000 205 196 244 237 031 197 064 237
0001 033 197 065 234 208 194 239 239
0002 205 197 244 237 042 188 075 228
0003 203 197 243 237 047 184 092 224
0004 204 197 243 238 065 183 112 229
0005 202 196 246 239 080 193 129 237
0006 205 198 247 239 087 195 139 235
0007 087 194 133 239 206 198 249 239
0008 204 202 250 239 089 198 137 239
0009 204 200 252 239 088 200 138 239
0010 088 203 140 239 205 198 253 239
0011 088 202 140 239 205 199 253 239
0012 205 197 250 239 088 195 139 239
0013 204 196 251 239 088 198 139 239
0014 203 196 250 239 087 197 137 239
0015 091 192 139 237 201 193 246 234
0016 090 182 147 224 202 161 239 221
0017 204 147 241 210 095 172 147 210
0018 102 145 149 185 190 149 241 190
0019 103 119 154 171 193 125 242 171
0020 103 084 151 150 188 098 238 150
0021 106 061 148 129 184 065 240 125
0022 105 053 147 118 192 048 234 118
0023 105 042 146 116 191 035 234 111 207 101 252 155
0024 102 040 146 112 192 029 234 106
0025 099 039 146 113 193 026 235 103
0026 101 036 144 111 189 023 235 103
0027 100 034 145 112 196 025 238 099
0028 100 034 145 115 195 023 239 099
0029 100 040 146 113 195 022 240 099
0030 194 018 241 100 097 040 152 113
0031 094 040 152 115 193 021 237 098
0032 092 039 152 117 189 020 242 098
0033 091 039 152 114 196 021 239 095
0034 093 041 155 115 194 017 239 099
0035 092 039 157 114 193 019 239 099
0036 095 036 148 114 196 022 238 098
0037 095 035 147 114 195 023 239 100
0038 095 040 154 111 197 022 239 098
0039 097 034 148 111 196 021 238 101
0040 102 031 149 106 196 022 239 100
0041 102 031 149 105 196 023 239 104
0042 103 031 147 101 197 022 239 100
0043 102 032 148 101 194 022 240 103
0044 095 034 149 104 195 022 241 102
0045 102 030 149 105 192 025 238 102
0046 195 024 241 102 101 031 149 105
0047 100 041 148 112 197 030 243 107
0048 101 045 147 117 202 043 243 111
0049 194 065 244 128 095 075 149 134
0050 199 102 253 152 100 123 162 159
0051 107 158 153 192 205 145 251 183
0052 101 182 151 223
0053 098 196 142 237 210 191 250 236
0054 208 200 253 239 092 196 146 239
