0000 210 198 252 238 094 200 146 239
0001 208 199 251 238 094 202 145 239
0002 207 200 253 239 094 200 146 239
0003 094 201 146 239 209 198 251 238
0004 094 201 145 239 209 198 251 238
0005 094 201 146 239 208 199 251 236
0006 094 198 145 239 208 197 253 237
0007 095 198 146 239 208 198 255 237
0008 095 192 145 239 211 192 254 236
0009 093 184 144 228 207 184 247 226 207 145 244 207
0010 208 147 242 210 098 172 151 205 187 174 230 209
0011 099 146 149 188 189 150 246 193
0012 108 119 162 168 191 122 243 171
0013 100 087 161 150 182 089 238 149
0014 186 061 234 130 106 054 150 127
0015 183 039 232 118 100 046 153 113
0016 187 035 228 110 098 034 150 100
0017 101 030 148 104 190 026 230 101
0018 178 024 230 095 103 024 148 102
0019 105 020 149 095 185 018 228 097
0020 105 018 155 098 186 012 230 095
0021 186 010 232 094 104 020 152 100
0022 190 012 231 089 104 020 154 100
0023 187 012 231 092 104 024 162 097
0024 190 013 231 089 106 022 153 097
0025 186 016 228 095 102 023 153 100
0026 105 018 153 095 185 015 228 097
0027 186 015 228 097 105 019 154 095
0028 185 015 228 098 105 022 155 095
0029 105 020 153 099 188 019 228 098
0030 105 020 152 099 185 017 231 100
0031 186 016 231 100 100 025 156 099
0032 186 022 237 090 105 020 157 095
0033 186 016 233 096 105 021 157 096
0034 105 022 151 096 182 019 236 099
0035 106 028 152 102 189 024 234 106
0036 103 053 156 117 188 045 245 115
0037 188 068 247 129 105 079 162 137
0038 196 123 247 161 101 130 159 166
0039 099 159 152 198 206 157 240 189
0040 090 179 146 228 087 146 109 177
0041 090 188 147 236 210 194 261 232
0042 091 203 143 239 206 191 246 237
0043 094 200 142 239 208 196 243 239
