0000 081 203 106 239 171 206 192 238
0001 083 202 106 238 173 207 192 238
0002 083 206 105 236 172 206 192 239
0003 086 204 108 239 171 206 192 238
0004 086 203 107 239 172 206 192 237
0005 086 205 107 239 174 205 193 238
0006 085 205 107 239 172 201 196 237
0007 083 206 106 236 182 199 202 235
0008 083 206 106 236 185 185 205 234
0009 085 205 107 239
0010 085 206 107 239 167 146 202 179
0011 086 204 110 239 150 109 195 147
0012 086 206 109 239 140 093 187 135
0013 085 205 108 239 132 085 172 120
0014 086 206 107 239 131 084 170 111
0015 085 206 108 239 128 083 163 111
0016 085 206 108 239 130 073 167 109
0017 086 205 110 239 131 078 160 109
0018 086 205 110 239 132 077 161 107
0019 086 205 110 239 131 077 162 104
0020 086 206 107 238 131 077 167 108
0021 086 205 107 238 131 075 165 106
0022 086 206 107 239 131 079 165 107
0023 086 206 107 239 134 077 168 108
0024 086 206 107 239
0025 086 206 107 239 128 077 162 108
0026 086 205 107 239 129 078 162 108
0027 086 205 107 239 130 079 162 107
0028 086 205 107 239
0029 085 205 106 239 130 077 164 107
0030 085 205 107 239 134 077 169 108
0031 085 205 108 239
0032 086 206 108 239 129 089 178 117
0033 086 205 112 239 150 099 200 140
0034 086 204 113 239 156 123 207 161
0035 086 207 107 239 178 155 203 204
0036 085 205 107 239 182 189 206 229
0037 085 204 107 239 179 196 203 234
0038 085 204 108 239 178 204 199 238
0039 086 204 112 239 174 208 193 237
0040 086 204 110 239 174 207 193 236
0041 086 203 110 239 173 208 193 236
