0000 168 215 187 239
0001 168 215 187 239
0002 168 217 186 239
0003 174 214 193 238
0004 166 148 196 177
0005 146 092 184 119
0006 138 086 178 117
0007 137 087 179 121 085 217 105 239
0008 140 085 183 115
0009 135 085 177 119
0010 135 082 174 113 080 223 100 239
0011 132 084 175 116
0012 130 083 175 115
0013 140 084 173 113
0014 136 083 173 112
0015 137 085 173 113
0016 136 086 174 113
0017 136 086 174 112
0018 136 086 173 113
0019 136 087 174 113
0020 133 084 173 117
0021 136 086 174 113
0022 130 082 177 115
0023 139 112 178 145 175 120 207 160
0024 168 203 190 239 085 222 104 239
0025 175 211 196 239 081 218 102 239
0026 168 204 189 237 082 217 102 239
0027 084 216 104 239
