0000 164 210 186 236 088 210 112 239
0001 164 211 185 236 091 212 112 236
0002 163 210 190 239 087 212 111 239
0003 169 204 196 238 090 213 112 237
0004 177 189 205 233 087 210 111 239
0005 174 152 211 213 086 210 111 239
0006 164 122 202 167 086 210 111 239
0007 145 091 189 130 086 211 111 239
0008 129 075 179 105 087 211 111 239
0009 129 073 169 102 087 209 109 239
0010 088 209 110 239 130 073 168 103
0011 127 077 167 109 085 209 110 239
0012 127 077 167 110 085 210 110 239
0013 131 074 169 104 085 210 110 239
0014 128 071 168 102 085 209 110 239
0015 126 076 167 109 091 209 111 234
0016 127 076 167 108 087 210 111 239
0017 126 070 169 107 087 210 111 239
0018 126 070 169 107 087 209 112 239
0019 127 075 169 109 087 210 112 239
0020 132 072 171 105 086 208 111 239
0021 127 069 172 105 087 208 111 239
0022 128 068 172 105 087 208 112 239
0023 134 070 180 104 087 206 109 236
0024 132 073 172 107 088 209 111 239
0025 128 070 172 106 088 210 112 239
0026 132 075 173 109 087 207 110 238
0027 139 086 178 111 088 210 111 239
0028 148 105 190 147 088 209 112 239
0029 171 143 202 196 089 213 115 238
0030 177 178 210 232 091 213 113 239
0031 175 202 205 239 087 210 111 239
0032 167 211 191 239 086 211 110 239
0033 164 212 191 239 086 211 111 239
0034 164 211 191 239 086 210 111 239
