0000 150 202 196 239 071 210 118 239
0001 074 204 116 239 154 201 199 239
0002 073 207 116 239 154 200 199 239
0003 081 196 125 239 155 195 196 239
0004 158 176 193 215 084 160 142 190
0005 113 106 179 137 158 137 196 176
0006 137 079 210 111 171 116 213 163
0007 197 103 227 159 154 074 235 105
0008 200 104 231 162 178 067 243 099
0009 200 111 228 165 184 064 251 099
0010 192 109 230 159 187 066 259 100
0011 193 065 266 099 201 100 229 147
0012 194 069 263 098 206 100 241 145
0013 216 098 246 154 197 068 255 099
0014 206 103 234 158 199 063 257 094
0015 203 097 231 153 198 063 257 094
0016 204 094 240 150 184 064 257 094
0017 215 093 246 153 182 062 255 094
0018 210 105 240 162 180 058 254 094
0019 201 105 231 158 183 057 255 093
0020 202 101 231 156 185 058 255 093
0021 208 100 246 157 182 057 254 093
0022 218 105 250 164 177 061 257 098
0023 208 110 241 164 177 062 257 097
0024 207 112 237 165 184 061 252 094
0025 199 105 239 158 182 065 255 098
0026 213 110 241 165 178 065 255 100
0027 186 068 254 100 206 126 235 172
0028 169 075 242 109 193 139 231 180
0029 146 106 216 140 176 166 214 198
0030 133 138 187 176 154 182 197 216
0031 161 194 190 227 116 180 166 222
0032 149 196 192 235 099 195 141 237
0033 089 201 125 239 149 194 195 235
0034 150 197 196 237 086 204 125 239
0035 152 198 193 234 088 209 131 239
0036 154 198 194 233 092 209 135 239
0037 152 197 193 235 091 204 131 239
0038 151 198 192 236 088 206 129 239
0039 149 195 192 237 090 208 131 239
0040 148 196 192 237 090 210 131 239
