0000 185 199 207 233 104 204 128 238
0001 105 204 128 238 183 194 205 230
0002 106 188 132 226 182 192 205 225
0003 170 162 205 191 120 170 159 203
0004 153 116 194 148
0005 164 075 198 111 117 081 159 127
0006 104 055 135 112 188 054 215 086
0007 223 026 246 065
0008 271 029 300 066 006 046 041 074
0009 266 037 303 074 010 049 048 082
0010 266 040 305 074
0011 268 042 306 071 007 052 037 081
0012 253 016 289 055 009 050 030 074
0014 162 021 204 047
0015 236 006 260 041 007 057 029 080
0016 239 006 276 037 008 060 027 081
0017 008 052 030 075
0018 169 016 208 045 008 053 030 076
0019 218 025 244 061 007 058 030 081
0020 258 012 287 049 007 057 028 082
0021 240 008 266 041 007 058 030 081
0022 009 052 029 075
0023 152 022 190 047 006 053 036 080
0024 188 009 216 037 008 055 031 078
0025 229 010 255 042 009 059 027 081
0026 242 029 280 059 008 059 031 081
0027 235 017 271 051
0028 209 020 234 063 041 033 080 085
0029 183 038 210 073 085 028 108 063
0030 157 072 183 105 115 079 155 125
0031 150 095 189 130 119 099 159 142
0032 164 138 203 168 120 137 166 170
0033 118 181 158 212 175 173 206 207
0034 189 200 209 234 110 201 137 237
0035 102 204 131 239 190 202 211 238
0036 192 198 214 232 102 203 125 236
0037 105 199 131 238 187 197 210 234
