0000 190 193 211 228 129 197 150 231 008 167 028 195
0001 127 194 147 229 185 188 215 230 004 164 026 190
0002 122 198 141 230 195 188 217 223 007 168 029 194
0003 112 194 134 225 204 183 226 217 005 164 025 189
0004 102 190 125 226 219 167 242 205 200 152 245 191 005 165 025 189
0005 098 188 122 225 005 164 025 190 224 162 258 202 198 151 249 189
0006 095 182 120 221 005 165 025 190
0007 094 187 119 224 006 163 024 192
0008 100 185 124 225 241 122 278 144 006 166 025 190 240 134 289 189
0009 103 187 126 224 242 110 279 132 242 124 283 188 006 166 026 190
0010 251 094 281 114 090 174 126 217 006 163 025 192
0011 253 086 280 108 083 167 117 204 007 164 025 193
0012 071 163 108 197 007 163 027 193 253 077 280 104
0013 069 159 106 195 003 162 027 188
0014 071 157 107 193 005 163 025 190
0015 069 160 106 190 004 163 025 190
0016 006 167 025 190
0017 064 120 101 152 008 162 027 190
0018 062 101 099 134 005 164 025 189
0019 055 099 095 128 005 162 026 189
0020 056 103 101 132 005 163 026 190
0021 054 107 092 138 005 164 026 190 236 067 260 090
0022 056 122 092 149 004 168 025 190
0023 057 128 091 153 233 056 258 077 004 163 027 189
0024 220 040 243 077 054 125 095 155 003 163 026 188
0025 060 130 093 157 007 162 026 192 197 036 223 072
0026 056 128 096 159 006 165 027 190
0027 055 131 096 162 007 167 025 191 193 040 216 064
0028 054 136 094 167 007 169 025 192 207 040 229 072
0029 055 140 096 170 220 041 243 068 008 163 027 190
0030 058 140 097 173 222 044 247 068 004 164 026 191
0031 058 142 098 174 219 042 246 064 005 165 025 190
0032 059 140 098 170 005 163 026 189
0033 063 144 104 174 006 166 025 191
0034 064 143 096 171 005 166 025 191
0035 058 141 098 174 007 159 028 190
0036 061 146 098 177 208 030 232 068 004 166 026 190
0037 065 143 096 172 006 163 026 190
0038 066 152 106 182 190 042 214 067 006 168 024 192
0039 072 165 109 196 006 168 024 192
0040 080 178 115 216 006 163 026 190
0041 113 199 134 234 218 110 241 144 007 168 025 191
0042 124 203 143 235 007 167 027 191
0043 205 194 226 231 007 166 027 191
0044 129 197 148 229 189 200 206 228 005 163 026 190
0045 120 199 141 230 191 195 211 229 006 165 027 190
0046 116 196 138 229 202 192 224 225 005 164 025 189
0047 116 199 138 231 202 193 224 228 006 163 026 192
0048 193 194 215 230 127 201 146 232 006 164 026 190
