0000 161 197 191 236 092 202 126 235
0001 156 209 180 239 094 208 130 239
0002 098 211 137 239 154 209 180 239
0003 100 207 135 239 153 210 179 239
0004 095 207 131 239 155 207 180 239
0005 151 205 183 239 097 207 131 239
0006 098 211 136 239 150 207 184 239
0007 094 204 131 239 152 207 177 239
0008 094 204 133 239 154 213 179 239
0009 100 204 132 237 152 207 180 236
0010 100 204 132 237 154 210 179 239
0011 094 202 132 239 154 210 180 239
0012 094 205 132 239 148 208 184 239
0013 093 204 131 239 146 210 181 239
0014 093 204 131 239 149 212 184 239
0015 099 203 131 237 153 210 180 239
0016 099 205 132 238 151 210 182 239
0017 099 203 136 239 154 208 180 239
0018 099 203 136 239 155 208 180 239
0019 095 202 130 239 149 206 182 239
0020 150 211 178 239 096 205 130 239
0021 102 203 134 235 149 205 174 239
0022 104 191 133 224 147 182 175 217
0023 100 173 134 209 140 172 178 212
0024 163 136 192 168 081 139 116 170
0025 061 106 094 158
0026 189 078 223 127 028 079 065 117
0027 214 054 241 095 004 068 032 107
0028 232 036 259 080 005 073 039 110
0029 239 027 272 076 008 073 052 108
0030 248 023 285 068
0031 247 024 293 071
0032 249 039 301 079
0033 249 045 309 080
0034 254 044 304 080
0035 249 039 302 079
0036 246 035 295 074
0037 225 029 274 083
0038 212 011 245 065
0039 178 011 217 048
0040 158 014 202 051
0041 162 010 205 050
0042 179 011 203 040
0043 209 008 243 058
0044 229 011 268 049
0045 248 029 291 069
0046 239 038 298 079
0047 248 041 306 078
0048 245 031 288 070
0049 222 013 263 043
0050 179 009 220 045
0051 158 011 199 049
0052 165 010 199 050
0053 168 013 200 051
0054 176 010 202 042
0055 198 010 226 047
0056 216 016 241 046
0057 233 011 261 052
0058 242 015 277 060
0059 245 020 276 066
0060 242 018 279 065
0061 245 021 272 064
0062 237 016 275 062
0063 233 017 270 058
0064 220 031 250 078 005 090 041 130
0065 017 113 054 145 207 067 234 108
0066 043 144 083 177 190 108 222 153
0067 180 150 208 185 071 171 098 209
0068 170 183 196 222 080 194 114 232
0069 166 200 191 235 098 203 125 237
0070 154 205 181 236 099 204 128 237
0071 155 214 180 239 096 206 132 239
0072 092 212 133 239 156 210 181 239
0073 152 209 182 239 092 211 133 239
0074 153 213 179 239 098 208 132 239
