0010 145 207 181 239
0011 144 158 191 210
0012 140 121 186 172 072 208 130 239
0013 077 197 130 231 138 098 184 141
0014 072 186 129 221 135 085 184 128
0015 076 181 130 215 136 067 184 111
0016 077 178 138 211 131 056 185 100
0017 076 174 134 208 128 052 182 097
0018 080 173 144 205 126 048 185 095
0019 080 168 141 202 122 049 178 096
0020 082 171 143 201 115 056 172 102
0021 081 169 146 201 113 064 170 109
0022 082 168 146 201 111 073 163 119
0023 108 082 162 132 081 165 145 197
0024 105 089 163 141 085 166 147 200
0025 103 096 161 151 084 167 149 199
0026 098 103 160 152 088 167 143 197
0027 096 115 157 168 087 163 143 196
0028 099 116 155 176 083 164 151 199
0029 100 122 153 184 084 166 151 199
0030 094 116 157 201
0031 097 127 153 188 084 165 153 203
0032 101 127 153 192
0033 096 126 153 187 082 166 152 204
0034 097 126 154 187 081 169 150 202
0035 102 125 163 174 080 177 142 211
0036 109 143 162 194 090 196 140 239
0037 113 182 163 232
