0001 181 220 204 237
0002 179 205 209 239 077 214 109 239
0003 090 205 135 239 163 183 205 222
0004 128 135 193 164 104 170 161 206
0005 115 156 175 191 113 127 187 156
0006 108 145 181 184
0007 116 133 181 179
0008 115 133 179 179
0009 107 136 177 177
0010 110 134 182 176
0011 113 131 177 174
0012 112 133 182 174
0013 115 133 182 176
0014 111 133 178 175
0015 118 127 181 173
0016 120 127 179 172
0017 119 126 179 172
0018 114 127 181 169
0019 115 129 181 169
0020 114 130 182 169
0021 112 129 179 176
0022 106 162 162 194 125 131 188 160
0023 104 190 148 228 148 159 195 196
0024 091 215 124 239 172 199 205 239
0025 076 213 109 239 178 215 206 239
