0003 037 212 075 239
0004 031 189 079 239
0005 033 162 081 222
0006 028 147 083 205
0007 028 145 084 199
0008 036 139 091 198
0009 039 136 094 191
0010 039 131 091 186 066 208 114 239
0011 044 131 092 191 083 191 130 235
0012 042 135 096 191 096 176 143 226
0013 046 131 096 191 105 162 155 216
0014 046 131 097 190 096 154 153 204
0015 089 143 143 202 047 136 095 192
0016 098 137 137 195 046 134 094 191
0017 088 136 141 191 041 135 090 190
0018 085 131 129 189 043 130 091 185
0019 094 130 130 189 047 134 095 187
0020 090 125 132 188 048 129 093 185
0021 077 123 124 181 047 129 083 186
0022 069 122 124 181 046 127 093 179
0023 076 122 121 184 047 129 087 185
0024 053 126 092 188 084 119 112 184
0025 051 124 116 179
0026 054 121 110 179
0027 061 119 102 183
0028 060 104 101 179
0029 060 115 101 182
0030 060 117 108 192
0031 059 162 116 214
0032 056 189 113 239 031 190 063 238 120 180 170 238
0033 060 205 117 239 118 188 168 239 023 211 058 238
0034 062 212 109 239 111 193 165 239
0035 109 193 163 239 062 214 115 239
0036 059 214 115 239
0037 064 220 110 239
0038 059 218 118 239 106 196 158 237
0039 060 219 114 239 106 197 157 237
0040 060 219 113 239
0041 060 219 113 239 108 198 158 238
0042 063 214 116 239
0043 062 214 116 239
0044 059 219 113 239 106 199 155 237
0045 059 219 114 239 107 200 156 238
0046 114 195 159 237 061 218 119 239
0047 061 219 119 239
0048 103 198 159 237 060 219 116 239
0049 106 198 160 238 061 219 117 239
0050 102 198 159 237 061 219 117 239
0051 106 196 162 239 061 219 117 239
0052 106 196 161 239 061 219 117 239
0053 103 197 159 237 061 215 114 239
0054 105 195 159 238 060 214 112 239
0055 103 200 160 237 060 214 112 239
0056 106 194 161 238 059 214 113 239
0057 105 197 159 237 059 214 113 239
0058 105 196 159 237 059 214 113 239
