0007 081 168 109 209
0008 060 131 108 177
0009 054 100 104 156
0010 048 092 105 141
0011 047 091 110 140
0012 046 086 112 135
0013 044 090 102 134
0014 043 088 109 136
0015 044 088 107 139
0016 045 089 103 138 182 192 219 239
0017 044 087 108 139 165 194 209 239
0018 047 086 110 138 159 189 208 234
0019 045 086 110 139 147 161 202 204
0020 045 088 105 136 146 125 192 172
0021 042 086 106 141 126 105 173 146
0022 042 090 105 136 117 094 162 134
0023 040 087 106 140 120 087 167 141
0024 037 087 103 139 100 089 157 137
0025 041 092 100 142 109 080 150 136
0026 039 091 094 136 100 078 149 137 069 082 117 134
0027 072 073 117 119 037 090 092 135
0028 077 086 128 137 034 093 083 132
0029 062 085 119 136
0030 067 076 111 134
0031 058 084 130 134
0032 068 081 115 136 037 091 075 131
0033 063 085 120 137 032 091 083 132
0034 032 091 083 134 071 089 131 131
0035 098 088 155 143 039 088 091 136
0036 103 093 168 141 039 088 092 135
0037 136 098 171 148 042 092 094 138
0038 039 087 099 139 135 096 186 150
0039 043 090 093 139 144 099 186 151
0040 153 111 200 165 043 095 107 147
0041 043 100 091 151 162 122 192 165
0042 159 111 213 167 041 106 100 155
0043 039 106 104 154 176 135 204 178
0044 042 105 099 156 171 150 206 190
0045 037 105 093 154 175 165 214 218
0046 050 112 098 171 172 193 214 231
0047 056 142 098 189
0048 055 180 087 218
