0000 033 203 071 236 209 200 248 238
0001 031 202 069 237 209 200 248 238
0002 030 202 069 237 209 200 248 238
0003 030 202 069 237 209 200 248 238
0004 030 202 069 237 209 200 248 238
0005 029 201 069 236 209 200 248 238
0006 029 204 070 237 209 200 248 238
0007 033 200 073 236 206 200 249 239
0008 035 195 075 234 211 197 247 239
0009 211 175 248 234 046 190 078 232
0010 061 186 088 227 204 152 242 217
0011 187 136 253 185 071 176 103 217
0012 174 110 231 157 091 166 121 212
0013 158 096 222 143 098 168 129 210 221 111 257 148
0014 150 092 218 134 096 174 137 215 213 108 250 146
0015 145 089 207 140 106 174 136 215 202 098 256 138
0016 143 089 211 135 107 178 147 221 199 100 253 139
0017 145 088 211 130 111 178 141 218 195 092 246 135
0018 139 082 207 131 109 179 141 221 195 092 245 132
0019 139 080 205 130 109 180 141 221 191 093 249 132
0020 105 178 144 219 136 087 200 129 192 090 244 133
0021 137 087 207 127 193 090 245 133 105 174 142 219
0022 133 084 199 125 105 175 144 220 189 088 245 133
0023 105 173 138 218 129 085 199 127 189 088 241 131
0024 131 082 195 122 106 173 146 220 182 091 237 133
0025 130 083 198 121 102 182 147 220 180 089 241 132
0026 104 184 137 230 123 082 187 128 173 090 235 127
0027 120 083 185 128 104 195 141 235 170 091 235 131
0028 106 192 138 234 117 084 183 130 167 092 225 129
0029 116 085 177 131 105 193 139 235 162 092 230 129
0030 114 086 175 131 109 194 141 235 160 090 229 131
0031 111 193 141 235 153 091 228 131 112 086 177 127
0032 156 092 226 132 111 195 141 235 108 087 168 135
0033 148 090 223 132 111 195 141 235 108 085 160 136
0034 144 089 219 132 111 193 141 234 097 087 168 129
0035 142 088 218 132 096 082 157 129 109 195 141 234
0036 111 195 140 236 146 088 217 132 095 082 158 129
0037 111 195 140 235 141 090 216 133 091 087 162 132
0038 110 195 141 237 142 089 219 131 094 082 162 134
0039 112 196 141 236 147 098 227 136 103 088 170 140
0040 112 191 145 234 113 104 192 148 160 109 234 150
0041 135 119 201 166 116 187 148 235 179 123 242 161
0042 114 177 151 230 168 142 226 195 206 133 262 173
0043 111 184 152 232 185 163 235 217
0044 108 184 152 232 201 178 237 235
0045 206 189 246 239 098 188 147 237
0046 198 198 245 239 095 196 145 239
0047 095 197 148 239 200 198 245 239
0048 095 195 146 239 199 199 245 239
0049 095 195 146 239 199 199 245 239
0050 095 195 146 239 199 199 245 239
0051 095 195 146 239 199 199 246 239
0052 095 195 146 239 198 198 246 239
0053 095 195 146 239 198 198 246 239
0054 095 195 146 239 198 198 246 239
0055 095 195 146 239 198 198 246 239
0056 095 198 147 239 202 199 244 239
0057 196 198 245 239 095 199 147 239
