0002 139 215 181 239
0003 121 176 152 209
0004 118 158 147 192
0005 116 157 144 190
0006 108 162 148 194
0007 107 157 144 191
0008 113 157 139 191
0009 112 156 141 189
0010 113 157 141 190
0011 112 158 140 190
0012 111 161 142 194 080 215 098 239
0013 111 157 139 194 080 215 098 239
0014 111 159 141 194 080 215 098 239
0015 104 162 145 198
0016 105 162 144 200
0017 105 158 141 195
0018 110 157 141 194
0019 103 161 144 197 079 215 097 239
0020 107 159 136 194 079 209 098 238
0021 105 158 137 194 079 210 098 239
0022 105 155 135 194 079 216 097 239
0023 104 151 137 192
0024 104 151 135 191
0025 104 151 135 193
0026 104 152 135 192
0027 104 151 136 192
0028 106 151 136 192 080 215 098 239
0029 104 160 140 199
0030 105 182 148 223
0031 114 211 157 239
