0000 201 196 225 231 118 184 136 218
0001 202 196 225 230 117 187 136 220
0002 201 196 223 231 116 188 136 221
0003 196 194 226 230 113 180 135 220
0004 197 194 218 225 112 180 133 218
0005 195 196 219 228 115 185 135 216
0006 197 194 226 230 113 188 132 220
0007 200 197 223 231 113 188 132 220
0008 208 195 226 227 114 187 133 220
0009 215 194 236 233 113 181 134 219
0010 212 182 237 219 113 183 134 217
0011 195 173 226 202 115 187 132 218
0012 161 145 192 175 115 185 133 217
0013 147 131 175 160 116 188 135 216 195 100 228 138
0014 140 116 217 147 117 185 134 213
0015 160 110 214 139 113 183 131 210 134 119 186 144
0016 141 110 211 143 117 182 134 212
0017 136 110 212 143 119 186 138 214
0018 132 112 208 144 119 177 136 210
0019 138 111 209 144 118 182 135 212
0020 139 112 209 145 117 181 134 211
0021 138 113 212 146 114 180 131 210
0022 148 111 205 146 113 183 130 212
0023 143 112 209 147 115 179 132 211
0024 144 111 206 146 124 125 151 150
0025 142 112 206 147 125 125 151 149
0026 136 115 209 150 118 179 134 209
0027 135 115 209 150 118 180 134 209
0028 143 112 207 147
0029 134 114 213 146
0030 136 112 209 144 117 179 133 209
0031 138 112 209 144 122 118 161 146
0032 137 112 209 145 122 118 162 146
0033 138 112 210 145
0034 138 112 210 145 122 119 160 146
0035 135 112 210 145 123 119 162 146
0036 142 113 212 146
0037 150 112 210 149
0038 132 115 206 149 116 180 132 210
0039 138 115 212 148 118 181 134 211
0040 133 119 209 154 118 181 134 211
0041 124 136 165 169 116 181 132 211 142 122 211 160
0042 116 182 133 212
0043 118 184 135 213 146 165 184 197 194 107 221 147
0044 118 183 135 213
0045 174 186 202 223 117 184 134 213
0046 184 193 211 227 117 188 134 215
0047 191 197 217 230 116 183 133 212
0048 198 199 226 238 114 184 132 214
0049 200 201 226 236 117 182 133 216
0050 202 200 224 235 115 185 132 219
0051 205 201 226 232 115 186 133 218
0052 115 187 135 220 207 201 228 234
0053 208 202 228 236 116 186 136 220
0054 207 201 227 235 118 186 138 219
0055 207 200 227 234 119 187 139 221
0056 207 203 228 234 121 187 140 219
0057 207 202 228 234 121 188 143 223
0058 206 202 228 234 121 186 141 221
0059 206 201 227 234 120 189 139 222
0060 205 198 227 234 119 189 137 219
0061 205 198 227 234 119 189 137 219
0062 202 200 226 236 121 186 141 218
