0000 154 208 197 239 064 210 105 239
0001 154 208 198 239 063 212 106 239
0002 157 204 199 239 068 216 104 239
0003 155 209 199 239 067 211 105 239
0004 155 204 198 239 077 205 122 239
0005 094 195 140 239 153 193 193 239
0006 153 179 185 218 110 184 149 228
0007 145 159 202 200 103 167 154 203
0008 149 146 207 188 101 158 150 193
0009 152 140 213 182 094 150 145 191
0010 162 131 227 178 080 139 134 180
0011 167 124 235 172 072 133 127 180
0012 169 125 242 170 068 135 123 179
0013 166 123 238 171 059 137 123 178
0014 166 125 237 171 058 136 120 178
0015 166 130 235 178 052 130 118 169
0016 161 130 236 179 065 135 118 182
0017 163 131 237 177 055 133 120 172
0018 164 130 233 178 063 134 118 181
0019 169 127 228 178 059 133 121 173
0020 162 135 201 188 079 138 117 191
0021 151 163 198 204 081 164 116 206
0022 159 184 202 232 076 192 120 236
0023 159 199 200 239 062 203 101 239
0024 157 203 199 239 061 213 107 239
0025 156 202 200 239 061 212 102 239
