0000 070 197 127 234 062 218 107 239
0002 065 202 122 238
0003 064 210 108 239
0004 079 177 119 226 017 175 057 218
0005 027 133 065 191 085 146 128 196
0006 035 102 079 168 106 112 140 174
0007 109 100 159 156 032 093 087 149
0008 118 083 180 142 039 081 095 134
0009 122 084 194 134 037 081 095 134
0010 127 083 199 135 021 082 086 130
0011 017 087 088 133 125 089 208 139
0012 012 086 086 131 122 090 205 137
0013 121 085 204 132 018 088 092 137
0014 123 078 213 148 017 087 088 132
0015 017 089 092 135 127 092 206 133 104 085 164 148
0016 018 090 091 138 116 082 173 131
0017 018 092 087 139 113 081 186 128
0018 032 073 082 135 122 072 178 125
0019 115 066 162 132 037 074 081 148
0020 036 090 071 154 110 078 145 148
0021 021 137 064 189 085 135 122 188
0022 015 176 056 218 077 174 113 217
0023 068 210 110 239
0024 064 217 116 239
0025 059 218 112 239
