0000 164 215 206 239 027 217 057 239
0001 166 212 207 239 024 215 059 239
0002 161 213 201 239 024 213 059 239
0003 164 214 200 239 024 207 061 239
0004 161 215 206 239 024 203 063 239
0005 158 211 205 239 024 212 055 239
0006 165 216 205 239 022 212 060 239
0007 166 213 203 239
0008 020 208 079 239 146 220 204 239
0009 155 206 202 239 030 188 076 238
0010 025 169 071 222 162 193 200 235
0011 024 132 066 207 150 153 195 213
0012 154 138 195 202 028 110 067 198
0013 149 117 193 191 024 100 072 175
0014 140 104 185 168 030 088 080 157
0015 138 092 188 161 033 080 080 157
0016 034 075 090 135 127 080 179 150
0017 035 063 082 137 115 066 170 132
0018 034 055 084 130 114 058 169 129
0019 100 047 151 105 037 045 084 126
0020 102 038 160 108 037 037 086 124
0021 102 041 158 112 042 030 090 116
0022 103 040 158 111 051 028 098 095
0023 106 032 155 112 051 027 100 094
0024 107 034 158 107 051 025 098 093
0025 107 032 156 106 055 023 106 096
0026 106 033 158 106 054 023 098 107
0027 111 029 155 107 055 026 108 099
0028 109 024 155 104 055 025 102 102
0029 110 025 155 103 056 025 102 102
0030 110 025 155 104 056 023 107 100
0031 112 032 162 104 061 022 101 104
0032 110 029 153 103 060 023 102 105
0033 110 033 154 111 054 033 109 106
0034 112 050 161 119 053 043 100 121
0035 121 082 174 148 041 082 099 140
0036 135 126 189 181 039 114 086 167
0037 144 164 200 207 017 156 073 205
0038 021 187 075 235 150 199 209 239
0039 016 203 069 239 154 216 208 239
0040 020 211 063 239 163 212 200 239
0041 020 208 053 239 162 213 198 239
0042 164 211 198 239 019 213 054 239
0043 165 214 207 239
0044 164 214 204 239 018 211 052 239
0045 166 213 206 239 009 214 056 239
0046 007 210 048 239 166 215 206 239
0047 005 202 036 239 168 215 200 239
0048 166 215 203 239
0049 167 210 203 239
0050 167 214 205 239
0051 166 216 205 239
0052 167 216 204 239
0053 166 214 204 239
0054 165 210 203 239
0055 166 213 205 239
