0000 130 221 191 239
0001 131 220 187 239
0002 126 222 187 239
0003 130 216 186 239
0004 124 217 181 239
0005 126 211 176 239
0006 128 190 187 239
0007 144 144 195 196
0008 145 106 199 162
0009 147 088 199 138
0010 155 072 202 121
0011 156 069 200 118
0012 154 071 198 114
0013 144 073 186 115
0014 127 073 172 123
0015 114 081 164 126
0016 100 097 145 136
0017 090 114 147 157
0018 085 119 154 167
0019 086 116 150 166
0020 089 120 150 169
0021 089 119 149 169
0022 087 117 151 167
0023 092 115 151 162
0024 104 109 158 156
0025 108 099 162 148
0026 121 092 174 139
0027 144 075 187 128
0028 153 074 199 123
0029 157 073 200 125
0030 158 071 206 124
0031 154 074 201 120
0032 138 073 183 120
0033 124 085 174 131
0034 111 092 158 136
0035 091 103 160 148
0036 090 111 158 158
0037 092 112 159 163
0038 091 121 159 164
0039 102 129 161 181
0040 109 213 166 239
0041 098 220 150 239
0042 105 218 160 239
0043 105 218 161 239
0044 105 219 164 239
