0000 137 218 178 239
0001 129 219 177 239
0002 120 198 183 237
0003 135 147 185 196
0004 145 098 187 148
0005 141 080 189 123
0006 151 075 196 114
0007 152 072 196 115
0008 151 069 195 109
0009 135 073 180 116
0010 122 074 170 116
0011 110 087 165 127
0012 103 092 162 131
0013 109 094 166 139
0014 107 095 168 139
0015 109 095 172 141
0016 113 092 168 136
0017 132 078 183 124
0018 147 077 190 128
0019 153 075 198 123
0020 155 073 199 123
0021 157 072 196 124
0022 151 074 193 126
0023 145 076 188 128
0024 123 084 173 131
0025 109 091 158 141
0026 108 096 167 146
0027 098 099 161 149
0028 096 102 160 149
0029 104 104 159 149
0030 098 115 157 161
0031 107 147 166 192
0032 111 203 155 239
0033 106 215 149 239
