0000 166 198 212 239 081 211 135 239
0001 158 185 213 239 080 211 135 239
0002 160 153 208 223 080 211 135 239
0003 154 119 207 164 080 211 134 239
0004 141 109 196 160 080 210 135 239
0005 122 099 193 140 080 211 137 239
0006 134 066 196 105 081 210 136 239
0007 159 030 204 091 081 210 136 239
0008 180 028 209 087 081 210 136 239
0009 180 029 212 088 081 210 136 239
0010 175 027 220 088 080 210 135 239
0011 178 016 229 079 081 210 136 239
0012 082 211 134 239 180 007 232 068
0013 082 211 134 239 173 018 227 079
0014 139 045 210 092 081 211 135 239
0015 142 044 212 092 081 212 136 239
0016 140 044 207 090 081 209 134 239
0017 081 198 134 239 144 062 198 108
0018 139 099 200 155 084 178 138 227
0019 083 153 133 208 123 122 193 175
0020 081 149 133 201 116 106 187 154
0021 132 106 202 151 079 149 133 202
0022 080 153 132 204 129 121 201 169
0023 083 152 133 204 133 112 205 154
0024 081 158 135 205 145 125 216 173
0025 154 125 226 168 080 160 136 207
0026 168 132 235 181 081 160 130 211
0027 180 128 242 174 082 161 132 213
0028 188 136 244 184 082 165 135 218
0029 193 125 251 173 079 165 133 218
0030 203 127 257 178 080 166 133 215
0031 216 127 266 175 082 162 133 216
0032 081 163 133 218 236 131 276 186
0033 083 167 130 216 236 133 278 191
0034 233 128 276 181 081 166 131 219
0035 225 129 269 183 080 167 133 220
0036 189 133 245 185 080 183 138 233
0037 079 196 136 239 166 148 224 209
0038 157 173 212 228 083 207 135 236
0039 163 184 211 233 082 207 138 239
0040 163 188 211 238 082 208 141 238
0041 161 191 211 239 081 207 142 239
0042 159 193 210 239 078 206 143 239
0043 164 188 212 238 081 208 141 239
0044 163 189 212 238 081 208 141 239
