0000 170 223 206 239
0001 163 203 209 239
0002 142 145 192 206
0003 133 092 191 136
0004 145 058 199 094
0005 167 038 215 088
0006 187 048 222 095
0007 190 051 225 104
0008 198 042 238 092
0009 192 027 239 080
0010 180 015 232 068
0011 174 017 225 069
0012 154 047 210 092
0013 126 110 199 157
0014 117 156 189 200
0015 119 148 193 191
0016 146 108 215 150
0017 154 069 228 103
0018 174 041 231 081
0019 181 041 225 086 107 222 137 239
0020 176 051 222 101 099 196 132 239
0021 160 079 206 127 097 174 135 216
0022 137 108 187 151 098 156 138 196
0023 100 154 140 184 131 112 182 159
0024 131 118 179 162 098 129 142 178
0025 123 107 178 148 105 125 138 174
0026 110 118 146 178 116 089 179 128
0027 136 088 187 134 106 113 143 174
0028 139 087 184 138 102 120 144 181
0029 103 119 144 184 127 083 178 125
0030 100 118 144 176 135 079 186 119 113 078 154 121
0031 144 081 189 134 102 122 139 182
0032 101 122 135 177 134 085 188 133
0033 097 126 135 189 147 077 204 121
0034 093 130 129 184 167 068 218 115
0035 159 071 225 114 092 132 132 192
0036 095 130 132 193 163 073 231 113
0037 167 078 229 120 096 134 135 195
0038 170 088 229 131 100 149 139 208
0039 165 104 229 150 093 174 144 225
0040 165 140 224 190 094 205 147 239
0041 162 185 217 233 097 218 139 239
0042 164 220 206 239
0043 162 221 202 239
