0007 130 217 165 239
0008 121 191 170 239
0009 118 165 176 218
0010 118 144 172 196
0011 108 123 171 168
0012 103 108 174 143
0013 102 095 175 127
0014 122 075 172 114
0015 132 061 180 111
0016 146 042 177 097
0017 164 043 196 105
0018 163 041 203 102
0019 172 046 211 107
0020 176 047 211 105
0021 177 047 211 109
0022 176 046 209 108
0023 170 045 215 109
0024 177 048 212 108
0025 182 045 217 100
0026 190 032 225 094
0027 194 029 224 088
0028 186 023 219 085
0029 176 018 208 079
0030 165 023 198 083
0031 155 028 200 083
0032 148 036 191 090
0033 142 040 187 096
0034 139 044 183 097
0035 137 041 185 094
0036 139 040 184 091
0037 142 042 182 089
0038 140 042 184 088
0039 143 043 190 094
0040 144 046 189 099
0041 073 209 121 239 146 063 193 102
0042 074 194 123 235 156 071 189 118
0043 072 172 125 221 149 093 205 141
0044 150 120 201 166 075 155 124 210
0045 139 124 198 177 078 149 125 201
0046 127 115 197 161 079 152 126 205
0047 128 105 200 153 078 151 126 200
0048 078 152 124 202 148 110 205 160
0049 076 151 124 202 146 107 206 158
0050 076 150 124 202 139 098 211 144
0051 076 149 123 202 157 094 227 140
0052 075 150 123 204 178 088 225 144
0053 174 084 240 134 075 150 123 202
0054 190 078 243 124 076 151 123 201
0055 203 081 248 130 074 151 124 202
0056 208 082 254 136 076 150 124 202
0057 077 149 125 202 199 080 255 124
0058 076 150 125 202 207 077 259 120
0059 076 153 122 207 226 078 261 125
0060 077 155 124 203 221 089 266 133
0061 076 157 122 209 228 086 271 133
0062 076 157 122 209 228 088 271 136
0063 074 158 123 211 227 088 271 133
0064 076 158 123 214 228 091 264 133
0065 075 167 122 217 224 094 266 140
0066 070 191 120 238 215 108 251 153
0067 209 116 254 163 074 208 124 239
0068 194 146 234 198
0069 188 173 229 220
0070 177 204 211 239
