0000 062 207 097 239
0001 062 207 097 239
0002 198 209 234 237
0003 197 209 232 237
0004 061 208 097 239
0005 063 206 098 239
0006 063 206 098 239
0007 062 206 098 239
0008 061 209 096 239 160 214 219 239
0009 170 193 214 239 057 207 092 237 127 094 161 128
0010 168 153 213 225 056 207 092 236
0011 167 129 207 197 060 208 095 238
0012 170 110 204 168 056 207 092 236
0013 172 090 209 144 059 209 097 239
0014 171 069 210 123 058 207 092 236
0015 059 207 093 237 173 049 213 106
0016 061 205 098 239
0017 057 208 092 236
0018 061 206 098 239
0019 061 206 098 239
0020 062 208 097 239
0021 062 208 097 239
0022 062 209 097 239
0023 062 209 097 239
0024 062 207 096 237
0025 062 207 095 237
0026 061 209 096 239
0027 062 209 096 239
0028 166 024 212 074 062 206 096 237
0029 160 033 211 079 058 206 092 235
0030 153 031 205 080 062 207 096 237
0031 153 043 214 088 059 207 092 235
0032 141 056 215 095 058 208 093 235
0033 138 062 213 101 058 208 092 235
0034 139 073 211 108 059 208 093 236
0035 143 078 219 119 059 208 093 235
0036 155 080 212 121 058 208 092 236
0037 160 089 214 129 061 205 098 239
0038 148 087 207 126 060 209 097 239
0039 151 094 206 128 060 209 097 239
0040 139 093 205 127 060 209 097 239
0041 144 094 209 129 060 209 097 239
0042 145 093 213 126 059 209 097 239
0043 144 094 211 128 060 209 097 239
0044 137 094 218 129 063 207 096 239
0045 142 096 216 128 061 207 097 239
0046 140 098 212 132 068 203 104 236
0047 138 101 212 136 064 199 098 234 089 216 125 239
0048 132 104 209 144 093 218 140 238 057 191 098 228
0049 099 196 153 239 135 103 208 156
0050 100 178 160 229 153 114 207 177
0051 165 120 213 197 103 167 150 217
0052 162 126 206 195 094 168 150 218
0053 093 172 156 222 139 114 192 171 174 102 255 144
0054 097 172 160 224 130 103 204 151
0055 099 170 159 218 134 096 213 155
0056 101 165 158 217 157 105 210 167
0057 166 109 207 183 096 166 152 216
0058 096 167 154 217 149 110 203 169
0059 098 168 158 216 144 090 205 144
0060 100 166 160 216 148 082 225 131
0061 099 168 157 218 169 085 220 146
0062 098 165 154 217 167 087 215 148
0063 091 169 157 216 158 076 227 126
0064 097 167 155 217 171 071 244 113
0065 094 169 152 218 201 063 251 113
0066 095 169 154 219 199 056 257 106
0067 095 171 154 221 210 045 268 095
0068 093 172 155 222 216 037 273 086
0069 092 173 153 225 223 036 281 082
0070 095 178 153 226 228 039 283 088
0071 091 180 149 227 230 051 278 098
0072 093 183 140 232 237 069 283 122
0073 072 186 124 233 222 115 262 183
0074 056 191 106 235 204 167 252 230
0075 027 193 073 236 191 200 243 239
0076 006 202 057 239 190 214 233 239
0077 000 213 044 239
0078 002 215 036 236
