0006 075 192 120 239 145 199 190 239
0007 072 165 116 208 141 166 187 215
0008 071 138 121 180 136 143 190 185
0009 078 118 121 160 132 123 184 160
0010 125 108 179 147 086 101 131 149
0011 128 105 179 144 086 101 133 143
0012 123 103 174 141 084 100 133 145
0013 126 104 176 144 082 089 131 137
0014 120 105 177 145 085 096 137 143
0015 122 105 176 142 088 095 137 140 163 110 213 182
0016 083 087 128 141 134 099 181 137
0017 150 098 196 138 071 090 118 135
0018 063 092 104 135 165 102 208 142
0019 048 095 088 140 190 108 227 143
0020 204 115 239 155 043 101 080 153
0021 039 107 078 161
0022 043 109 083 169
0023 053 116 096 171 192 126 226 174
0024 052 121 100 174 177 127 217 174
0025 068 117 115 167 161 125 209 164
0026 076 115 117 157 151 124 192 160
0027 136 117 183 152 078 110 124 148
0028 132 112 175 148 082 107 125 148
0029 134 106 191 146 080 100 127 140
0030 141 100 190 146 080 102 129 141
0031 140 105 204 153
0032 134 108 191 147 082 104 129 148
0033 135 111 191 152
0034 136 111 186 150 074 103 126 145
0035 133 107 196 146 075 104 126 148
0036 128 114 170 151 075 103 124 145
0037 135 110 184 149 076 098 125 142
0038 134 110 183 151 082 107 131 150
0039 131 111 184 153 079 105 130 147
0040 127 111 174 150 081 100 133 146
0041 126 113 183 150 078 105 130 145
0042 080 106 131 148 126 111 172 149
0043 123 113 165 150 082 107 130 145
0044 122 112 169 150 074 106 123 147
0045 128 104 186 139 072 110 126 151
0046 140 093 198 128
0047 140 089 206 121
0048 128 099 187 135 044 160 092 227
0049 120 103 184 139 056 187 093 239
0050 116 093 186 125 054 193 085 237
0051 115 085 183 116
0052 103 094 159 126
0053 082 105 152 137
0054 083 102 152 134 122 087 174 139
0055 082 100 139 131
0056 071 111 138 145
0057 069 108 134 142
0058 066 104 106 139
0059 065 117 123 155
0060 068 111 113 146
0061 054 114 103 151
0062 050 121 105 158
0063 059 116 108 152
0064 044 116 107 151
0065 043 120 109 154
0066 057 110 106 149
0067 045 112 106 149
0068 050 123 122 157
0069 065 121 118 159
0070 053 117 108 156
0071 061 130 113 167
0072 071 122 124 163
0073 081 120 146 160
0074 108 129 173 164
0075 131 122 180 162
0076 159 149 215 202
0077 143 179 191 222
0078 130 193 182 235
0079 149 189 197 231
