0003 139 197 176 239 036 223 080 239
0004 047 173 106 214 133 155 183 200
0005 129 119 175 159 061 134 123 174
0006 130 107 172 146 073 122 127 165
0007 131 107 171 149 083 118 135 160
0008 132 106 172 147 082 118 136 158
0009 084 117 136 159 130 105 172 146
0010 131 105 172 149 083 114 135 155
0011 078 103 136 141 134 098 177 141
0012 058 093 107 134 146 087 190 129
0013 051 094 093 144 164 080 205 135
0014 052 100 097 148 163 085 200 138
0015 063 100 111 150 150 088 191 140
0016 071 100 118 145 141 091 185 141
0017 080 102 131 144 133 092 168 144
0018 084 105 128 145 123 098 167 138
0019 084 104 129 142 123 102 164 149
0020 124 104 163 139 079 108 125 145
0021 122 105 165 143 078 110 124 150
0022 074 113 127 155 124 105 166 146
0023 057 133 115 177 126 107 171 148
0024 049 163 101 213 125 107 182 139
0025 130 093 189 129 037 206 079 239
0026 138 089 192 137
0027 125 095 187 133
0028 117 091 177 122
0029 112 080 171 119
0030 104 084 148 127
0031 090 086 151 117
0032 070 083 145 114
0033 075 078 136 108
0034 073 079 128 118
0035 057 084 117 117 105 088 174 155
0036 046 084 119 113 103 092 170 165
0037 041 081 102 113
0038 033 090 082 132 046 083 101 113
0039 020 085 093 120 082 090 139 162
0040 015 090 080 120 075 092 137 165
0041 028 106 094 137 076 109 145 178
0042 045 145 106 185 096 131 154 210
0043 081 191 129 239
0044 131 197 180 239
0046 036 222 074 239
