0001 107 215 140 239
0002 105 211 137 239
0003 106 213 137 239
0004 106 212 138 239
0005 107 215 139 239
0006 109 213 139 239
0007 026 208 080 239 110 216 140 239
0008 035 198 085 239 110 219 142 239
0009 037 186 084 238 140 221 189 239
0010 044 174 086 228 123 209 166 238
0011 111 188 167 239 048 159 090 208
0012 054 147 094 197 117 159 161 215
0013 116 146 168 198 054 144 094 191
0014 107 146 156 197 060 142 104 197
0015 110 142 161 197 062 144 107 202
0016 107 143 153 205 063 150 107 210
0017 065 144 107 229 105 151 157 219
0018 111 145 149 231 068 150 108 219
0019 110 147 146 233 074 150 108 232
0020 111 149 149 234 071 152 110 239
0021 111 143 150 234 073 149 111 230
0022 110 145 152 235 072 147 111 233
0023 111 145 153 233 073 149 110 232
0024 110 155 155 229 068 155 112 229
0025 111 145 152 238 069 155 112 228
0026 075 153 112 219 113 146 152 232
0027 112 147 154 231 069 154 114 225
0028 114 146 155 232 072 151 116 224
0029 113 145 157 228 073 154 113 217
0030 072 153 111 227 114 155 162 228
0031 114 149 162 223 082 152 117 232
0032 074 150 112 225 112 144 163 213
0033 075 153 112 229 110 148 161 223
0034 067 157 112 235 113 156 160 233
0035 115 188 158 239 069 176 107 239
0036 123 193 178 239 072 202 114 239
0037 129 205 181 239 070 206 110 239
0038 143 218 188 239 069 216 103 239
