0000 208 183 241 224
0001 228 182 269 233
0002 251 189 296 231
0003 265 199 318 239
0004 271 199 319 239
0005 273 201 319 239
0006 271 199 319 239 127 212 166 238
0007 266 188 317 233 133 215 172 239 187 170 220 221
0008 133 209 181 239 254 186 312 220 186 170 220 220
0009 135 189 195 232 238 173 282 213
0010 207 154 251 211 135 172 198 205
0011 182 150 233 203 143 154 200 184
0012 142 129 219 184
0013 150 117 218 159
0014 142 102 213 152
0015 145 089 204 139
0016 144 088 199 139
0017 148 084 204 137
0018 147 084 198 133
0019 157 087 207 136
0020 160 085 208 133
0021 160 087 210 132
0022 159 084 209 130
0023 159 084 208 132
0024 156 085 217 128
0025 156 087 218 130
0026 158 081 205 131
0027 146 092 206 141
0028 142 107 206 156
0029 148 144 217 190
0030 178 186 227 237 130 189 185 218
0031 196 204 236 237 127 213 185 239
0032 200 210 234 238 125 212 169 239
0033 121 219 168 239 202 216 236 239
