0009 113 215 160 239
0010 110 194 165 239
0011 110 169 163 225
0012 112 157 163 209
0013 126 129 171 186
0014 128 116 170 174
0015 123 109 164 159
0016 126 095 168 149
0017 130 089 165 142
0018 127 085 166 139
0019 128 081 164 129
0020 132 076 162 131
0021 126 080 162 123
0022 129 077 167 125
0023 130 078 166 124
0024 132 076 163 125
0025 131 075 163 131
0026 129 078 161 131
0027 130 079 168 128
0028 129 080 160 132
0029 129 079 160 130
0030 130 085 168 133
0031 125 091 161 146
0032 124 102 161 160
0033 124 114 164 170
0034 123 129 165 186
0035 117 153 164 206
0036 110 159 159 218
0037 109 184 159 238
0038 109 201 158 239
0039 109 213 156 239
0040 112 221 153 239
