0009 125 132 166 205
0010 135 094 186 177
0011 154 051 208 142
0012 168 030 215 112
0013 173 023 218 106
0014 173 028 221 105
0015 177 038 229 112
0016 178 038 226 116
0017 177 034 224 117
0018 174 041 229 111
0019 173 035 233 124
0020 176 042 229 121
0021 174 040 229 127
0022 171 043 228 119
0023 177 046 233 119
0024 175 041 230 125
0025 175 046 233 127
0026 180 038 232 124
0027 175 041 230 126
0028 178 045 224 123
0029 153 056 191 118
0030 119 070 159 135
0031 099 086 146 145
0032 083 114 127 185 108 184 150 239
0033 069 155 114 215 097 210 138 239
