0006 088 208 131 239
0007 088 208 131 239
0008 088 208 131 239
0009 133 207 177 239
0010 142 149 175 210
0011 142 115 185 188
0012 145 083 181 156
0013 141 084 178 139
0014 144 078 181 135
0015 139 078 176 134
0016 143 082 182 133
0017 142 082 179 135
0018 145 090 180 139
0019 146 086 178 140
0020 146 080 180 129
0021 143 083 178 136
0022 143 082 182 142
0023 149 087 185 138
0024 139 084 179 145
0025 144 088 180 143
0026 143 089 181 143
0027 145 089 182 144
0028 142 090 179 147
0029 144 091 181 142
0030 143 091 181 145
0031 141 092 180 149
0032 143 094 181 155
0033 142 091 180 152
0034 142 093 181 154
0035 137 089 177 155
0036 138 093 175 142
0037 139 088 176 141
0038 143 090 178 145
0039 139 091 177 141
0040 139 092 176 150
0041 139 093 177 147
0042 138 087 177 145
0043 140 090 175 151
0044 136 090 175 153
0045 134 119 171 180
0046 128 175 164 223
