0000 076 221 095 239
0001 073 217 093 239
0002 177 212 214 239 059 212 081 237
0003 181 139 212 192 041 175 069 212
0004 151 075 195 124 050 114 092 157
0005 117 026 161 072 078 045 118 088
0006 089 026 149 070
0007 098 018 143 056
0008 103 016 148 059
0009 098 017 149 055
0010 104 017 149 059
0011 110 016 154 055
0012 105 015 155 056
0013 106 015 155 055
0014 106 016 154 055 161 058 193 105
0015 108 016 154 054
0016 107 015 153 054
0017 114 015 155 050
0018 100 015 154 050
0019 113 014 154 050 100 020 130 051
0020 101 014 152 050
0021 109 016 148 049
0022 105 015 146 050
0023 081 020 121 064 121 018 164 064
0024 060 041 099 087 142 038 182 082
0025 041 087 071 132 164 071 195 115
0026 181 141 211 177 031 153 053 179
0027 045 196 066 226 175 182 204 232
0028 174 217 196 239 057 213 088 238
0031 074 218 094 239
0032 075 220 095 239
0033 074 220 094 239
0034 074 222 094 239
0035 077 220 102 238
0036 081 218 106 236
0037 085 206 113 239
