0005 034 219 078 239
0006 047 199 086 239
0007 055 163 103 211
0008 063 140 114 188 155 215 185 239
0009 066 129 117 181 151 213 187 239
0010 072 123 121 172 170 183 212 229
0011 079 122 124 178 184 154 221 201
0012 077 125 128 179 193 132 227 187
0013 193 121 229 180 077 125 129 171
0014 076 124 128 173 195 107 230 173
0015 185 106 224 168 078 126 133 174
0016 181 093 223 165 078 123 128 171
0017 174 094 217 158 080 126 132 177
0018 161 087 206 149 081 122 131 174
0019 153 086 199 144 082 122 132 172
0020 145 084 195 145 084 120 132 172
0021 139 088 191 144 089 122 136 171
0022 133 093 188 148 089 121 138 171
0023 128 088 183 154 088 119 138 171
0024 128 088 179 155 087 120 139 177
0025 123 090 178 158 088 122 138 177
0026 123 096 168 159 086 121 132 177
0027 122 101 164 163 091 117 144 174
0028 119 100 163 163 091 118 144 173
0029 121 100 164 162 090 119 135 179
0030 120 100 165 163 083 119 136 173
0031 121 101 168 164 083 120 137 175
0032 123 108 168 166 088 130 135 183
0033 118 118 177 179 072 143 125 195
0034 052 190 106 239 133 173 181 220
0035 142 199 190 239 039 210 095 239
0036 041 220 081 239 153 219 185 239
0037 156 208 183 239
