0000 072 215 102 239 002 196 036 239
0001 069 214 106 239 002 196 036 239
0002 069 215 107 239 002 197 036 239
0003 002 197 036 239 070 212 109 239
0004 072 217 112 239 002 197 036 239
0005 071 207 112 239 002 197 036 239
0006 070 192 118 239 002 197 036 239
0007 072 170 125 214 002 197 036 239
0008 080 145 132 192 002 197 035 239
0009 084 137 140 180 002 197 035 239 195 218 223 239
0010 091 135 147 175 002 197 035 239
0011 091 134 147 175 002 197 036 239 196 217 225 239
0012 093 130 153 173 003 196 035 239
0013 089 133 145 177 003 196 037 239
0014 090 135 145 180 002 196 037 239
0015 091 134 150 181 001 196 037 239 195 211 230 239
0016 083 133 142 178 194 199 234 239 001 197 037 239
0017 091 135 141 182 202 186 246 234 002 197 036 239
0018 086 141 142 181 203 168 251 211 002 197 036 239
0019 087 141 142 182 200 147 253 192 002 197 036 239
0020 089 140 145 178 195 135 252 177 002 197 036 239
0021 082 138 140 179 196 129 248 174 002 197 036 239
0022 084 143 142 186 187 128 245 171 002 197 036 239
0023 086 139 140 184 174 133 244 177 002 197 036 239 175 213 198 239
0024 163 133 232 176 085 140 139 184 002 196 035 239
0025 157 133 226 177 084 140 139 184 002 197 035 239
0026 148 136 216 176 083 139 142 185 002 197 035 239
0027 084 140 140 185 148 134 215 174 002 197 035 239
0028 084 141 139 186 143 136 205 177 002 197 035 239
0029 134 139 206 182 088 142 144 186 002 197 035 239
0030 136 142 195 184 089 143 144 186 002 197 035 239
0031 131 138 192 181 088 144 142 189 002 197 035 239
0032 087 144 140 185 128 138 184 180 002 197 035 239
0033 085 142 144 187 130 141 181 184 002 197 035 239
0034 085 143 143 187 129 135 183 180 002 197 035 239
0035 090 142 146 187 132 138 175 183 002 197 035 239
0036 095 141 172 186 003 198 036 239
0037 094 143 146 188 121 138 175 185 003 198 037 239
0038 128 140 174 184 092 143 145 188
0039 090 142 164 185 003 197 037 239
0040 090 143 146 187 125 140 174 183 002 195 037 239
0041 093 143 144 188 125 135 178 180 002 195 037 239
0042 093 143 146 188 120 138 176 186 002 195 037 239
0043 094 141 143 191 124 140 178 188 002 197 037 239
0044 090 141 143 190 131 149 184 198 002 197 037 239
0045 141 167 197 219 082 158 131 201
0046 152 192 201 239 081 171 124 218 002 194 037 239
0047 076 189 121 239 178 212 217 239 002 196 036 239
0048 078 215 111 239
0049 076 220 114 239 002 197 036 239
0050 075 221 102 239
0051 071 217 109 239 002 198 037 239
0052 068 208 101 239 002 196 037 239
0053 065 208 103 239
0054 068 214 098 239 002 196 037 239
0055 066 210 100 239
