0000 202 199 244 239 019 200 053 236 078 201 135 236
0001 017 201 057 239 198 198 238 232
0002 017 192 054 237 076 205 130 239
0003 022 189 050 236
0004 028 167 068 219
0005 038 143 079 197
0006 048 114 104 165 200 199 242 239
0007 052 097 112 149 078 205 130 239 212 210 252 239
0008 061 086 121 140 076 205 130 239
0009 057 079 127 131 078 206 130 239
0010 068 082 144 129
0011 070 081 150 127
0012 082 077 150 129 202 203 246 239
0013 082 078 153 128 202 202 245 239
0014 083 074 153 128 199 200 245 239
0015 079 072 153 121 205 202 246 239
0016 081 071 156 122 195 196 243 238
0017 080 074 155 125 201 191 243 238
0018 089 075 158 128 204 189 241 236
0019 091 073 160 124 200 161 243 224 213 196 246 239
0020 084 078 157 127 200 147 238 207
0021 194 131 242 183 084 074 157 126
0022 190 107 242 161 084 075 153 126
0023 188 105 240 155 088 076 157 130
0024 186 098 244 149 078 080 157 126
0025 185 092 250 140 084 076 156 128
0026 184 086 242 134 084 074 153 122 078 205 127 239
0027 180 081 243 132 080 075 155 129
0028 182 081 249 132 079 076 153 129
0029 186 081 248 129 078 078 153 125
0030 186 083 247 132 082 076 155 128
0031 182 087 253 136 084 078 156 129
0032 182 092 247 139 085 078 156 130
0033 087 077 155 129 173 093 242 142
0034 165 094 239 143 089 080 161 129
0035 160 088 224 143 093 078 160 128
0036 084 078 156 132 159 091 221 142 077 205 130 239
0037 158 090 220 141 086 081 160 131 081 201 135 236
0038 086 085 167 132 155 086 210 139
0039 154 087 212 138 085 083 165 136
0040 154 086 206 135 085 080 152 135
0041 155 083 198 139 086 080 152 135
0042 091 080 156 136 153 084 197 140
0043 152 084 202 138 084 078 157 128
0044 091 081 156 136 154 081 205 137
0045 095 079 157 131 154 084 202 138
0046 155 087 211 141 080 084 159 132
0047 158 088 208 141 097 081 157 137
0048 154 096 230 146 087 083 158 134 077 206 130 239
0049 086 089 163 134 155 093 225 145
0050 083 086 159 135 159 096 230 141
0051 082 085 160 135 173 094 233 144
0052 080 085 160 136 174 095 236 144
0053 079 085 160 137 176 093 238 147
0054 081 085 161 135 166 098 237 149
0055 160 097 231 143 083 085 154 136
0056 159 095 218 144 086 089 161 134
0057 155 093 216 143 083 086 160 136
0058 154 092 211 142 082 088 164 135
0059 083 088 161 136 154 087 207 142
0060 150 088 205 145 085 088 160 136
0061 085 087 159 137 150 084 201 141
0062 148 088 202 144 088 086 153 139
0063 086 085 155 140 146 085 197 138
0064 086 087 152 139 149 089 192 142
0065 090 089 154 142 152 091 195 146
0066 152 101 205 150 080 090 153 142
0067 153 110 217 160 084 096 152 153
0068 168 120 222 174 095 113 146 177
0069 185 139 233 196 083 145 134 203
0070 083 164 129 218 195 162 237 225
0071 080 184 130 239 205 176 251 234
0072 083 196 126 239 202 192 242 238
0073 079 191 126 236 204 190 242 238
0074 081 196 129 239 206 197 246 239
0075 079 190 128 235 199 189 243 239
0076 081 194 128 239 200 194 243 237
