0000 111 166 129 192 161 162 178 188
0001 113 166 130 192 161 162 178 188
0002 112 166 130 192 162 163 179 189
0003 113 166 130 192 161 158 176 186
0004 162 161 177 189 112 164 130 190
0005 161 144 180 174 112 163 131 189
0006 163 120 184 150 111 167 130 192
0007 163 094 190 122 112 167 129 192
0008 112 167 129 192 182 059 198 085
0009 112 165 129 191 189 020 209 055
0010 198 012 215 045 112 165 129 190
0011 195 009 214 048 114 163 131 189
0012 194 008 212 048 119 162 137 183
0013 194 008 211 046
0014 192 009 210 048 152 116 175 140
0015 191 010 209 049 165 077 187 104
0016 171 056 190 080 187 010 207 046
0017 172 054 193 080 190 009 207 047
0018 172 054 193 080 190 010 207 048
0019 169 056 191 082 189 009 207 045
0020 189 009 206 046 167 064 188 092
0021 152 089 179 115 189 008 208 050
0022 117 140 141 164 186 011 207 048
0023 191 011 212 050 093 154 119 182
0024 193 009 214 050 096 155 114 178
0025 193 010 214 051 097 156 115 180
0026 193 011 214 051 095 156 116 181
0027 192 011 213 052 096 155 113 178
0028 192 012 213 050 096 155 114 179
0029 191 014 208 049 098 157 115 183
0030 187 028 208 056 100 157 119 183
0031 170 047 201 075 102 157 123 187
0032 147 089 189 118 109 159 125 185
0033 155 118 185 149 110 162 126 188
0034 159 148 180 182 110 162 126 186
0035 161 163 178 190 109 163 130 190
0036 111 162 127 188 160 165 176 193
0037 113 163 129 190 162 166 181 188
