0000 175 201 197 238 099 196 117 228
0001 094 195 112 229 187 200 211 231
0002 224 168 253 199 090 185 107 220 191 142 228 186
0003 242 121 283 156 092 177 113 210
0004 255 075 297 117 093 134 122 186
0005 254 057 301 100 097 131 138 167
0006 119 109 164 147 251 030 300 079
0007 243 016 293 065 139 093 178 131
0008 240 009 277 054 148 084 189 119
0009 233 008 268 045 153 084 194 122 114 109 155 147
0010 222 001 262 050 161 084 196 120
0011 216 003 260 046 158 084 199 122
0012 216 006 252 055 162 083 199 119
0013 215 004 251 051 169 083 198 121
0014 214 006 249 051 164 083 201 120
0015 211 004 253 053 169 086 205 119
0016 211 003 251 056 164 089 201 123
0017 210 004 254 050 162 095 198 126
0018 209 005 251 054 169 091 202 121
0019 211 004 254 051 173 087 208 118
0020 211 004 254 052 168 088 203 118
0021 212 004 254 053 167 089 204 121
0022 214 004 251 056 168 091 204 125
0023 215 007 253 054 166 090 203 127
0024 214 006 257 053 160 094 195 134
0025 216 007 259 053 137 106 176 155
0026 219 006 261 053 092 140 120 183
0027 221 008 264 060 050 167 089 205
0028 224 005 264 058 034 175 083 211
0029 224 007 268 055 037 178 079 210
0030 225 006 270 055 037 178 078 212
0031 222 009 272 051 042 182 082 212
0032 226 005 273 055 043 182 081 213
0033 226 005 273 054 043 181 082 212
0034 226 005 273 052 046 179 080 209
0035 226 005 272 053 043 181 080 212
0036 225 006 273 056 044 177 085 210
0037 227 008 266 057 044 178 085 210
0038 224 006 273 056 045 178 084 211
0039 225 005 273 054 045 181 080 213
0040 226 005 273 054 040 179 083 211
0041 226 005 272 054 041 178 084 212
0042 226 005 272 055 042 181 083 213
0043 222 006 266 052 042 183 083 213
