0010 112 171 169 228
0011 113 156 167 217
0012 105 112 165 184
0013 114 091 163 169
0014 108 084 164 154
0015 105 073 162 151
0016 103 069 160 152
0017 110 069 154 157
0018 108 072 154 163
0019 114 072 154 159
0020 116 074 158 157
0021 104 077 162 159
0022 110 077 156 163
0023 113 075 156 162
0024 107 078 158 157
0025 105 076 159 158
0026 098 077 159 152
0027 098 076 159 152
0028 102 064 161 164
0029 099 076 159 153
0030 098 076 159 152
0031 098 077 159 152
0032 099 077 158 151
0033 098 077 158 151
0034 099 076 157 153
0035 099 075 158 154
0036 109 073 156 160
0037 105 077 163 154
0038 107 079 164 154
0039 110 081 159 165
0040 115 116 166 185
0041 129 141 174 216
0042 128 175 169 225
0043 132 199 168 239
