0000 089 208 122 238 172 214 196 236
0001 090 208 124 237 171 216 195 237
0002 097 207 127 237 170 211 192 235
0003 093 205 125 237 169 212 192 236
0004 090 205 124 237 164 213 191 235
0005 090 206 127 237 159 211 191 236
0006 091 206 123 237 163 214 185 239
0007 090 206 123 237 163 213 186 239
0008 091 206 123 237 163 212 186 239
0009 090 206 123 237 162 212 185 239
0010 091 206 123 237 162 213 185 239
0011 095 209 126 238 164 214 189 239
0012 094 209 126 238 162 211 185 239
0013 159 203 186 239 090 205 123 238
0014 095 209 126 237 158 169 187 223
0015 089 204 124 238 167 154 195 194
0016 095 207 127 237 176 118 201 158
0017 093 209 124 239 186 077 209 121
0018 093 208 123 239 195 052 221 101
0019 094 208 126 237 196 029 227 072
0020 090 203 126 237 200 031 234 065
0021 093 209 128 236 212 022 242 064
0022 092 208 127 236 218 029 261 064 190 063 238 118
0023 093 207 127 236 219 029 261 064
0024 093 206 126 236 229 029 264 062
0025 094 206 126 236 221 031 261 062
0026 093 205 122 238 222 030 261 062
0027 092 205 122 238 228 029 265 063 189 067 234 118
0028 093 206 126 236 228 029 265 063 195 062 241 120
0029 094 206 126 236 220 028 261 062 195 062 240 120
0030 094 206 126 236 226 028 266 063 192 061 240 115
0031 093 204 121 238 219 027 260 062 194 062 241 120
0032 093 204 121 238 220 027 260 063
0033 093 204 122 238 219 027 260 063 191 064 236 115
0034 094 206 127 237 206 025 264 065
0035 093 205 120 239 215 029 256 065
0036 089 204 126 236 207 033 241 079
0037 089 204 126 237 198 061 229 098
0038 195 118 224 158 090 205 125 237
0039 091 206 125 237 192 148 219 199
0040 175 177 206 234 090 204 125 238
0041 167 198 194 239 089 205 126 238
0042 158 211 187 237 089 205 126 238
0043 158 209 187 237 089 204 125 238
0044 163 209 189 239 089 205 125 238
