0000 088 205 109 239 172 209 197 239
0001 088 205 109 239 172 209 197 239
0002 086 206 109 239 176 209 196 237
0003 086 205 109 239 171 209 197 239
0004 087 206 109 239 171 208 198 239
0005 087 206 110 239 172 207 196 239
0006 087 206 110 239 178 205 203 238
0007 087 204 110 239 196 200 222 236
0008 086 205 107 239 216 181 258 221
0009 233 158 277 191 087 206 107 239
0010 087 207 107 239 248 131 285 163
0011 086 208 106 239 242 102 295 138
0012 246 083 296 122 085 209 107 236
0013 248 067 293 107 081 206 111 238
0014 243 057 289 100 081 206 111 238
0015 242 052 283 094 086 209 108 239
0016 245 051 281 092 081 205 109 238
0017 243 048 283 091 085 204 107 235
0018 243 048 282 090 085 208 108 239
0019 241 048 282 089 084 207 105 239
0020 241 044 285 086 084 206 105 239
0021 238 043 280 084 085 208 106 239
0022 237 042 281 085 085 209 108 239
0023 239 044 279 084 086 208 108 239
0024 241 046 275 088 087 208 107 239
0025 242 046 280 087 086 207 107 239
0026 243 047 282 090 086 207 106 239
0027 239 048 279 093 086 207 106 239
0028 242 049 281 089 086 209 106 239
0029 243 049 282 089 085 204 105 234
0030 243 050 282 089 086 209 106 239
0031 243 046 286 089 086 209 106 239
0032 243 049 283 092 086 208 107 239
0033 245 062 278 102 086 205 108 234
0034 241 082 276 116 083 207 110 238
0035 087 208 108 239 235 119 264 149
0036 087 209 108 239 222 154 258 196
0037 087 208 107 239 209 181 235 228 182 148 217 185
0038 087 207 109 239 193 201 215 237
0039 087 207 109 239 179 209 203 239
0040 088 205 111 239 176 208 197 236
0041 089 206 111 239 177 208 198 239
0042 089 207 111 239 174 209 198 239
0043 087 206 110 239 176 209 198 239
0044 087 206 110 239 176 210 199 239
0045 087 205 109 239 176 210 200 239
0046 087 204 110 239 175 210 199 239
0047 087 204 110 239 175 211 199 239
0048 089 203 110 234 171 207 202 238
0049 089 203 110 235 176 208 199 239
0050 088 203 109 237 176 208 199 239
0051 175 209 199 239 088 203 109 238
0052 083 201 109 237 175 208 199 239
0053 176 209 198 239 087 206 108 237
0054 176 210 198 239 088 203 109 237
0055 176 209 199 239 087 203 106 236
0056 175 208 198 239 087 205 108 236
0057 175 209 198 239 082 204 112 237
0058 175 208 199 239 086 206 106 235
