0000 188 196 208 230 108 211 132 239
0001 188 194 210 229 109 212 132 239
0002 189 196 210 232 107 213 131 239
0003 107 213 132 239 194 178 215 215
0004 207 122 245 157 108 213 132 239
0005 209 072 235 110 108 209 132 234
0006 214 051 237 095 108 209 131 235
0007 229 037 264 080 108 209 131 235
0008 246 041 286 089 108 214 133 239
0009 256 051 288 094 111 211 131 239
0010 249 058 290 099 106 214 130 239
0011 254 053 290 097 110 211 131 235
0012 254 058 290 100 106 210 128 238
0013 256 058 286 099 104 213 130 239
0014 253 056 291 095 106 210 128 238
0015 232 055 260 106 106 210 128 239
0016 204 103 228 130 106 211 128 238
0017 108 208 129 237 188 144 217 185
0018 109 207 130 236 193 178 211 212
0019 189 193 209 229 108 210 131 239
0020 109 207 129 236 189 195 210 229
0021 108 208 129 237 191 195 211 231
