0000 123 203 161 239
0001 128 201 161 239
0002 133 183 168 232
0003 136 164 182 205
0004 152 112 198 156
0005 158 085 202 133
0006 165 066 200 117
0007 166 063 206 111
0008 166 060 209 108
0009 167 061 208 108
0010 163 061 211 108
0011 164 062 210 108
0012 163 064 209 107
0013 166 066 210 105
0014 166 067 208 105
0015 166 067 208 106
0016 163 067 208 107
0017 163 066 209 104
0018 163 063 209 105
0019 163 061 209 105
0020 164 060 212 104
0021 165 062 211 103
0022 164 063 210 103
0023 164 064 210 101
0024 163 064 208 100
0025 163 064 208 100
0026 163 064 208 100
0027 164 065 208 103
0028 165 066 207 104
0029 156 068 202 113
0030 144 087 185 131
0031 144 124 177 163
0032 137 150 170 193
0033 131 162 169 208
0034 127 178 163 231
0035 128 210 161 238
0036 125 207 163 237
0037 128 209 158 239
0038 125 208 163 237
0039 128 205 159 238
