0000 153 192 202 235
0001 161 192 199 234
0002 161 192 198 233
0003 161 192 198 234
0004 162 191 197 233
0005 162 191 198 235
0006 159 194 201 234
0007 140 186 201 231
0008 171 136 222 187
0009 197 091 242 151 162 200 199 236
0010 203 080 247 138
0011 208 070 246 125
0012 207 076 255 123
0013 208 075 257 121
0014 211 072 260 125
0015 211 059 257 127
0016 212 069 262 123
0017 211 080 260 127
0018 210 081 261 127
0019 211 074 261 124
0020 215 074 258 124
0021 217 064 260 123
0022 213 063 257 122
0023 213 069 257 123
0024 209 079 258 126
0025 211 080 257 127
0026 210 075 260 125
0027 211 066 260 124
0028 213 059 256 127
0029 213 062 255 127
0030 215 074 257 126
0031 209 078 263 126
0032 210 081 261 125
0033 207 079 259 126
0034 209 074 251 127
0035 205 074 246 128
0036 195 080 230 133 162 195 202 235
0037 178 105 223 163
0038 156 149 201 203
0039 105 204 158 234 165 193 202 234
0040 163 195 197 234
0041 163 195 199 236
0042 160 193 198 238
0043 163 194 200 233
0044 161 196 197 238
0045 162 196 200 235
