0000 075 211 113 237
0001 075 210 115 239
0002 080 211 115 236
0003 075 210 113 237
0004 075 213 116 238
0005 077 212 112 236
0006 076 212 113 236
0007 074 209 112 236
0008 074 209 112 236
0009 078 210 114 237
0010 078 208 114 237
0011 078 211 114 236
0012 079 215 117 237
0013 078 213 121 239
0014 082 218 123 239
0015 079 216 129 239
0016 083 217 128 236
0017 081 213 131 235
0018 079 216 130 239
0019 080 212 131 235
0020 080 213 126 239
0021 082 207 125 238 163 215 219 239
0022 081 205 121 237 161 215 215 239
0023 076 200 119 237 159 213 213 239
0024 062 193 113 235 147 207 205 239
0025 137 204 195 239 056 181 112 229
0026 130 189 185 235 048 168 111 214
0027 046 160 112 209 118 179 179 223
0028 101 172 174 217 045 151 113 205
0029 087 165 162 210 054 151 109 205
0030 049 146 113 190 101 166 150 211
0031 047 142 126 207 076 172 157 218
0032 050 142 115 183 063 172 149 216
0033 050 147 118 190 083 176 147 216
0034 049 144 113 187 066 172 140 217
0035 045 137 130 207
0036 056 145 128 205
0037 050 140 128 208
0038 049 141 118 216
0039 048 136 115 216
0040 042 147 117 205
0041 029 144 121 209
0042 031 138 123 199
0043 026 142 126 203
0044 020 140 114 201
0045 020 148 108 200
0046 015 141 118 202
0047 017 142 118 201
0048 014 158 092 211 062 139 127 191
0049 013 165 095 225 068 130 122 180
0050 068 136 123 184 014 175 093 231
0051 019 188 103 238 070 137 124 189
0052 031 192 106 238 080 140 130 194
0053 077 142 125 198 041 194 113 239
0054 046 198 119 239 077 140 121 199
0055 060 198 130 239 076 151 121 203
0056 076 204 145 239 075 154 116 207
0057 074 161 118 215 091 205 163 239
0058 108 200 164 239 066 168 117 221
0059 112 202 172 238 060 186 116 223
0060 113 200 173 239 060 188 119 227
0061 117 203 171 239 066 194 118 236
0062 120 199 176 239 076 193 115 235
0063 118 201 179 238 077 191 121 236
0064 120 197 178 239 080 192 124 237
0065 125 193 179 238 080 191 128 237
0066 078 188 127 235 126 192 180 236
0067 133 187 184 237 079 188 130 237
0068 137 187 182 237 078 187 131 233
0069 137 187 188 238 081 186 127 233
0070 138 186 189 238 082 186 127 235
0071 139 185 189 237 085 190 129 237
0072 139 184 186 239 085 187 133 236
0073 141 180 192 237 091 186 134 238
0074 145 177 186 239 085 182 133 237
0075 148 174 190 239 091 179 134 238
0076 146 170 197 230 094 171 135 233
0077 151 163 196 227 098 161 142 223
0078 153 160 195 217 094 160 139 214
0079 152 156 202 209 093 148 145 210
0080 160 149 203 199 093 146 143 203
0081 096 142 143 199 156 142 203 193 069 147 111 212
0082 155 138 209 184 097 138 141 190 065 143 108 207
0083 156 137 209 176 094 134 142 184 064 144 113 200
0084 154 132 206 169 090 129 145 174
0085 155 129 212 164 084 124 144 166
0086 087 125 142 167 154 125 206 158
0087 156 121 210 154 087 123 141 160
0088 159 117 204 149 086 115 139 153
0089 160 115 211 147 082 110 134 153
0090 158 112 206 143 084 113 134 150
0091 160 110 207 143 082 109 136 150
0092 163 104 205 138 088 108 136 145
0093 164 107 209 139 086 104 136 146
0094 085 103 139 146 163 101 207 142
0095 082 103 135 145 163 099 203 132
0096 079 104 132 145 156 095 209 133
0097 079 100 134 145 160 089 208 135
0098 082 097 134 144 158 087 207 135
0099 081 095 134 143 161 082 210 136
0100 080 092 135 144 164 078 211 139
0101 076 086 136 141 164 070 211 138
0102 159 071 210 136 079 084 137 141
0103 082 077 129 143 162 075 209 141
0104 085 074 127 146 165 067 209 143
0105 082 074 123 153 168 075 208 150
0106 079 076 120 153 169 090 206 158
0107 076 089 122 162 173 101 211 169
0108 075 103 118 173 175 113 215 180
0109 070 123 114 189 173 131 210 196
0110 069 132 118 199 173 139 209 201
0111 067 148 117 213 169 154 202 207
0112 158 166 207 212 076 176 124 225
0113 157 176 205 223 088 189 132 234
0114 166 187 211 233 092 202 137 239
0115 164 197 209 236 099 204 143 239
0116 099 202 145 239 159 206 200 237
0117 099 203 144 239
0118 103 203 145 239
0119 102 203 147 239
