0000 104 204 124 236 170 208 190 237
0001 103 205 121 236 174 207 194 237
0002 173 206 193 237
0003 174 205 194 236
0004 175 204 194 236
0005 175 207 194 238
0006 176 205 193 234
0007 176 208 194 237
0008 177 207 195 237
0009 176 206 194 237
0010 177 206 198 239 104 207 121 235
0011 191 194 208 236 104 207 121 235
0012 104 206 124 237 207 178 225 219
0013 195 138 229 182 103 206 122 236
0014 189 111 231 151 103 209 121 237
0015 194 092 228 133 104 206 121 235
0016 185 092 230 131
0017 184 096 232 128
0018 185 098 233 130
0019 180 096 235 131 109 206 125 236
0020 183 096 236 131
0021 182 097 237 134
0022 183 095 236 135
0023 184 100 231 138
0024 191 113 228 152
0025 191 133 222 179
0026 193 150 220 200
0027 196 194 216 237
0028 189 206 210 237
0029 179 204 200 239
