0002 121 198 167 239
0003 120 146 168 200
0004 118 131 178 184
0005 111 128 177 181
0006 104 122 170 177
0007 103 114 163 170
0008 098 115 156 169
0009 095 113 155 168
0010 084 106 147 163
0011 067 105 132 163
0012 068 108 120 166
0013 056 101 120 164
0014 040 104 114 160
0015 039 110 100 164
0016 043 101 093 157
0017 041 097 084 159 067 121 126 202
0018 016 106 080 159 070 128 124 197
0019 015 108 075 160 059 124 111 195
0020 021 100 065 154 052 121 111 195
0021 009 098 068 154 052 121 106 191
0022 009 100 073 155 048 119 105 193
0023 024 112 075 162 057 126 110 200
0024 057 135 130 204 039 142 072 183
0025 094 153 144 217 057 156 104 208
0026 081 182 132 231 123 173 170 231
0027 117 210 161 239
