0000 191 211 219 239
0001 190 210 219 238
0002 194 213 220 239
0004 199 213 231 239
0008 208 217 240 239 079 200 119 233
0009 054 176 109 209 214 215 242 239
0010 217 218 246 239 045 164 099 196
0011 030 147 073 176
0012 033 137 070 163
0013 031 131 063 153
0014 024 128 060 154
0015 024 128 058 154
0016 023 130 059 157
0017 034 132 061 154
0018 024 129 061 156 223 218 250 239
0019 024 128 060 156 232 207 266 239
0020 244 190 290 230 029 132 057 156
0021 024 130 059 157 242 158 291 195
0022 240 129 279 173 024 130 059 156
0023 025 128 062 156 226 101 262 146
0024 211 091 246 135 032 132 063 156
0025 191 093 229 143 034 130 063 156
0026 173 111 218 152 030 129 069 160
0027 032 130 068 160 156 127 209 164
0028 026 128 068 157 148 144 196 178
0029 030 130 070 159
0030 148 156 191 192 032 133 070 161 134 162 162 195
0031 125 158 180 193 038 134 067 157
0032 120 155 186 188 036 132 072 163
0033 031 132 071 160 118 139 185 176
0034 125 136 181 174 036 133 071 160
0035 031 126 073 157 125 119 174 160
0036 124 105 178 157 031 129 073 159
0037 030 129 071 158 137 103 186 157 125 090 164 133
0038 138 090 171 135 031 128 071 157 146 101 191 158
0039 146 108 189 157 036 131 072 158
0040 152 120 192 159 039 133 068 157
0041 163 142 204 181 032 133 071 159
0042 176 158 217 192 031 130 072 158
0043 182 172 224 209 035 134 074 160
0044 030 129 072 160 199 179 236 222
0045 218 180 252 222 030 129 071 160
0046 234 172 261 210 031 131 072 160
0047 239 159 274 194 031 131 072 160
0048 246 144 284 179 036 136 074 163
0049 240 120 278 165 031 130 071 159
0050 228 104 265 150 031 130 070 157
0051 208 094 245 136 036 134 068 158
0052 194 090 232 127 038 136 070 162
0053 181 091 221 129 039 133 069 158
0054 170 096 213 126 030 128 072 159
0055 176 092 218 125 036 126 072 159
0056 182 096 224 128 036 131 074 160
0057 192 097 224 131 031 130 070 157
0058 209 126 248 180 030 138 071 167
0059 223 163 255 200 038 153 076 182
0060 228 194 254 238 046 171 107 203
0061 223 211 253 239 059 187 109 221
0062 080 204 116 237 222 215 250 239
