0003 188 219 223 239
0007 189 217 221 239
0008 188 216 220 239
0010 045 201 082 236
0011 196 219 222 239 024 176 079 214
0012 018 157 074 195
0013 012 154 047 176 194 218 225 239
0014 191 218 227 239 011 145 045 171
0015 011 140 042 162 197 221 224 239
0016 009 138 044 164 199 217 225 239
0017 196 216 230 239 010 136 046 164
0018 218 210 248 239 011 138 050 165
0019 223 181 266 218 012 131 047 161
0020 223 137 263 179 012 137 048 164
0021 012 137 050 164 219 111 249 166
0022 184 081 224 132 012 140 053 166
0023 177 077 207 124 012 140 053 166
0024 155 089 198 143 014 139 053 167
0025 142 123 194 161 013 138 052 167
0026 137 146 191 185 013 138 051 168
0027 131 162 182 203 014 139 051 167
0028 122 164 180 203 016 138 053 167
0029 110 161 179 198 013 141 053 169 162 144 207 187
0030 016 139 052 166
0031 015 139 052 167
0032 112 118 164 160 019 143 062 172
0033 114 105 167 157 021 139 051 167
0034 111 094 153 136 129 106 172 156 021 140 050 168
0035 133 109 184 168 014 145 050 173
0036 139 125 189 179
0037 014 145 048 174 149 151 197 194
0038 169 183 199 219 020 150 051 176
0039 177 194 210 232 019 151 049 177
0040 199 200 225 238
0041 215 192 240 229 014 146 050 175
0042 215 176 258 215 012 148 049 176
0043 221 158 259 190 012 151 050 180
0044 217 139 253 177 013 150 049 177
0045 012 151 050 176 207 111 234 161
0046 188 105 220 158 019 148 049 176
0047 173 102 215 156 016 149 058 182
0048 165 107 210 157 016 150 060 180
0049 173 106 212 156 015 145 052 175
0050 176 117 216 164 121 211 145 239 014 150 048 176
0051 197 143 230 188 121 212 145 239 017 157 055 186
0052 203 164 234 201 021 163 074 200
0053 204 194 235 233 030 181 079 217
0054 207 215 232 239
