0000 208 221 230 239
0002 039 201 077 235 208 220 229 239
0003 010 151 031 175
0004 237 220 261 239 007 121 025 140
0005 243 217 273 238 008 107 025 129
0006 246 205 280 239 007 099 025 121
0007 248 178 288 218 007 096 024 116
0008 249 158 289 192 008 095 025 116
0009 232 139 269 171 007 095 023 115
0010 209 114 248 152 007 092 025 114
0011 208 114 246 148 008 093 026 114
0012 203 101 241 142 008 095 025 116
0013 214 137 245 171 008 099 024 120
0014 249 179 294 220 008 104 025 124
0015 008 099 024 120
0016 273 095 312 132 009 104 024 122
0017 244 076 279 117 008 102 023 121
0018 216 113 255 154 008 099 025 120
0019 177 150 216 194 009 098 026 120
0020 142 141 195 169 007 094 025 115
0021 153 093 191 126 009 094 026 115
0022 185 095 215 129 008 095 025 116
0023 206 142 237 178 008 094 024 115
0024 229 169 262 215 008 099 024 120
0025 254 157 309 185 009 098 025 118
0026 267 110 304 141 008 096 024 116
0027 236 088 270 126 009 103 024 122
0028 220 113 246 142 006 102 023 121
0029 181 152 217 193 008 100 023 122
0030 155 153 196 183 008 100 024 120
0031 146 125 186 149 008 098 023 121
0032 176 095 215 137 007 095 024 115
0033 203 133 239 169 008 094 023 114
0034 210 159 244 199 008 097 023 116
0035 218 194 255 238 010 099 027 123
0036 009 116 025 138 224 208 255 239
0037 006 148 035 170
0038 025 188 067 224
0039 069 212 101 239
0042 111 220 136 239
