0002 101 215 161 239
0003 091 163 161 213
0004 100 124 166 168
0005 125 103 174 152 103 082 155 137
0006 104 061 172 127 106 039 143 093
0007 100 053 168 115
0008 106 051 169 111
0009 107 051 173 112
0010 110 047 172 112
0011 107 051 172 114
0012 103 051 170 112
0013 101 049 168 114 107 044 146 081
0014 101 051 168 113 106 044 146 081
0015 103 049 171 114 106 043 146 081
0016 102 050 170 115 106 043 146 082
0017 105 064 147 106
0018 111 088 156 149
0019 109 136 153 181
0020 107 180 149 224
0021 107 219 143 239
