0019 084 210 118 236
0020 077 188 127 233
0021 076 167 119 213
0022 072 153 128 204
0023 071 146 122 193
0024 065 136 119 190
0025 063 131 114 180
0026 063 131 126 182
0027 066 129 124 179
0028 068 126 122 176
0029 064 116 122 171
0030 064 110 122 167
0031 064 113 131 167
0032 067 112 120 165
0033 065 111 125 167
0034 066 114 126 170
0035 068 112 127 169
0036 069 112 128 163
0037 069 112 128 163
0038 069 114 131 165
0039 067 109 126 169
0040 067 109 126 169
0041 068 115 133 166
0042 068 110 130 166
0043 067 108 125 167
0044 067 109 125 166
0045 066 109 127 167
0046 069 111 131 168
0047 069 114 134 168
0048 069 115 125 170
0049 069 115 126 171
0050 069 115 126 171
0051 070 111 123 167
0052 070 115 126 172
0053 076 141 120 178
0054 084 158 128 206
0055 095 212 132 239
