0000 105 178 124 211 178 175 199 204
0001 104 181 125 216 179 175 199 207
0002 104 182 125 216 180 173 200 208
0003 104 179 125 215 175 171 196 205
0004 108 178 128 213 176 169 197 205
0005 178 163 201 200 104 180 126 215
0006 105 177 124 211 182 161 204 189
0007 184 140 209 172 106 177 126 210
0008 106 177 126 210 189 124 213 152
0009 107 178 127 213
0010 106 180 126 214
0011 106 177 127 214
0012 106 180 126 216
0013 105 179 125 215 181 109 212 139
0014 105 181 124 216 177 124 209 162
0015 105 178 126 215 182 147 206 184
0016 108 176 129 213 182 159 205 198
0017 104 176 126 216 180 169 206 205
0018 105 178 125 215 184 168 211 204
0019 106 177 127 215 189 149 213 187
0020 197 139 221 172 104 179 127 217
0021 199 124 228 158 103 180 128 218
0022 196 111 233 152 104 176 125 214
0023 191 107 230 150 104 176 125 215
0024 197 107 228 150 104 178 125 215
0025 190 108 228 150 104 179 125 216
0026 193 108 232 151 104 178 126 215
0027 196 108 227 151 104 177 126 216
0028 198 112 227 152 103 180 124 215
0029 197 109 227 151 104 177 125 214
0030 194 112 232 151 104 177 125 214
0031 104 178 125 214 189 121 223 154
0032 187 126 221 159 104 178 126 214
0033 103 177 126 214 189 138 213 166
0034 104 178 126 215 187 145 210 170
0035 104 179 126 215 183 159 205 190
0036 104 179 126 214 176 162 199 195
0037 176 166 200 201 105 180 127 216
0038 105 178 127 215 174 167 197 208
0039 104 175 125 216 176 179 196 208
0040 105 177 125 214 177 171 200 210
0041 105 182 128 216 178 169 201 209
0042 105 183 128 217 179 172 201 211
0043 180 177 202 213 105 181 125 215
0044 106 182 128 216 179 179 200 211
