0000 192 214 226 239
0001 193 217 218 239 114 137 151 165
0002 192 215 218 239
0003 193 218 218 239 119 132 153 163
0004 187 214 220 239
0005 191 214 224 239 115 135 150 163
0006 193 216 217 239 117 136 147 163
0007 190 214 223 239 118 135 154 164
0008 190 215 224 239 114 136 150 162
0009 185 210 221 239 114 135 151 162
0010 115 137 151 163 192 213 217 239
0011 191 212 222 239 115 136 152 163
0012 187 210 222 239
0013 194 221 218 239 118 130 154 163
0014 193 217 218 239 119 133 146 163
0015 195 219 217 239
0016 194 220 216 239
0017 194 216 217 239 111 136 145 162
0018 193 219 216 239 112 133 146 162
0019 192 211 216 239 113 131 149 163
0020 189 209 215 239 114 138 151 164
0021 188 204 212 239 115 132 150 164
0022 184 208 209 239 114 133 148 164
0023 188 207 213 239 115 133 149 164
0024 186 207 216 239 118 131 153 163
0025 187 206 215 239 119 136 146 163
0026 187 207 216 239 114 134 151 164
0027 184 203 220 239 115 136 150 164
0028 187 207 215 239 116 132 151 164
0029 183 209 217 239 116 132 150 164
0030 184 204 220 239 113 132 148 162
0031 182 210 216 239 116 132 151 164
0032 188 208 214 239 116 132 151 164
0033 188 206 214 239 115 133 151 165
0034 188 207 215 239 109 128 147 162
0035 184 210 219 239 114 133 149 164
0036 190 208 215 239 119 135 145 162
0037 189 206 221 239 115 132 150 164
0038 188 211 215 239 114 136 149 163
0039 189 211 216 239 113 137 147 166
0040 188 212 222 239 115 131 151 163
0041 190 208 218 239 114 137 149 165
0042 195 202 218 237 110 128 145 161
0043 115 133 150 165 192 187 219 228
0044 201 162 225 192 113 133 147 163
0045 197 127 230 163 115 132 149 162
0046 114 134 148 163 201 099 226 130
0047 113 134 148 163 191 078 226 123
0048 193 067 221 111 114 132 147 163
0049 189 067 215 100 114 132 148 163
0050 115 137 139 162 177 067 215 098
0051 164 078 206 108 109 138 145 164
0052 163 093 200 131 118 135 142 160
0053 159 110 203 154 113 131 148 163
0054 159 131 191 178 110 138 145 164
0055 154 144 186 189 109 136 144 164
0056 155 148 195 182
0057 154 150 198 177 108 137 144 163
0058 158 153 193 199 108 137 144 163
0059 161 161 192 209 112 132 147 162
0060 166 168 199 222 107 133 145 165
0061 175 197 203 239 117 134 143 163
0062 183 205 214 239 114 133 151 162
0063 187 208 221 239 115 133 148 162
0064 190 212 217 239 113 133 149 163
0065 187 212 220 239 114 133 149 163
0066 114 133 147 162 188 207 220 239
0067 195 212 220 239 118 135 146 157
0068 194 214 217 239
