0000 106 213 141 239 190 189 223 224
0001 102 212 138 239 186 191 219 226
0002 108 213 141 239 191 198 222 230
0003 200 201 223 237 109 211 143 239
0004 193 206 229 239 112 215 141 239
0005 112 212 137 239 205 217 230 239
0006 106 212 141 239 203 218 236 239
0007 113 215 137 239 208 214 240 239
0008 116 211 141 239 212 220 241 239
0009 114 212 143 239 218 218 241 239
0010 111 213 143 239 211 216 239 239
0011 108 203 142 239 205 220 234 239
0012 109 206 137 239 199 215 234 239
0013 110 196 135 235 207 222 230 239
0014 110 190 135 230 206 218 231 239
0015 107 182 133 226 209 222 239 239
0016 105 179 132 224 215 220 241 239
0017 104 180 130 223 215 219 242 239
0018 106 178 132 217 215 220 242 239
0019 106 177 133 217 214 222 243 239
0020 106 173 131 216 217 216 241 239
0021 102 169 130 211 210 221 240 239
0022 107 168 133 210 209 222 237 239
0023 106 167 132 210 209 222 237 239
0024 109 165 134 200 215 220 241 239
0025 114 163 144 201 214 220 241 239
0026 115 158 146 197 214 220 241 239
0027 120 163 148 190 208 214 244 239
0028 118 158 162 194 208 214 244 239
0029 121 155 156 189 214 220 241 239
0030 122 155 154 192 214 220 241 239
0031 121 154 155 193 214 221 241 239
0032 121 155 154 194 215 220 241 239
0033 121 154 154 193 214 220 241 239
0034 121 154 154 191 208 214 243 239
0035 124 155 155 191 210 220 240 239
0036 122 153 156 187 209 214 244 239
0037 122 151 157 187 208 215 243 239
0038 122 152 158 184 214 223 243 239
0039 124 150 162 185 215 219 241 239
0040 128 147 171 182 214 220 241 239
0041 133 150 166 182 214 220 241 239
0042 132 151 165 180 214 220 241 239
0043 132 150 165 180 214 220 241 239
0044 129 150 163 183 209 215 243 239
0045 125 149 167 184 215 218 241 239
0046 124 147 156 184 215 219 242 239
0047 119 139 153 185 211 221 242 239
0048 114 137 145 179 216 219 242 239
0049 112 132 145 179 211 220 243 239
0050 111 130 141 174 218 220 245 239
0051 109 130 142 174 212 220 243 239
0052 111 132 140 178 212 220 242 239
0053 112 135 143 182 211 221 243 239
0054 115 143 143 191 212 220 242 239
0055 120 156 151 208 212 220 242 239
0056 123 170 149 226 211 220 242 239
0057 128 199 159 238 211 220 241 239
0058 128 197 164 238 212 220 241 239
0059 133 199 167 238 211 220 242 239
0060 135 207 169 239 212 219 242 239
0061 135 203 179 238 212 219 242 239
0062 135 199 171 234 212 219 242 239
0063 134 196 179 226 210 219 241 239
0064 136 192 178 223 210 219 241 239
0065 135 185 182 219 210 215 245 239
0066 137 187 176 218 218 219 241 239
0067 132 189 174 218 211 218 242 239
0068 130 182 174 214 212 213 245 239
0069 132 182 171 214 208 215 247 239
0070 131 183 172 213 208 213 246 239
0071 125 186 165 221 210 220 241 239
0072 127 184 162 224 215 220 240 239
0073 122 191 158 232 214 220 240 239
0074 125 192 153 225 213 220 240 239
0075 121 183 158 217 213 220 240 239
