0000 178 202 213 239 106 213 132 239
0001 174 212 214 239 105 208 132 239
0002 106 212 132 239 186 208 212 238
0003 176 208 209 239 107 213 132 239
0004 107 213 133 239 176 208 211 239
0005 183 207 216 239 107 209 132 237
0006 106 208 130 236 219 196 243 238
0007 099 206 131 239 227 132 281 163
0008 104 210 129 239 244 099 291 136
0009 102 206 128 239 256 061 304 101
0010 105 209 129 239 249 042 295 102
0011 099 207 130 239 254 062 297 105
0012 104 213 128 239 245 104 295 136
0013 104 212 127 239 231 127 284 157
0014 105 213 128 239
0015 103 209 126 237
0016 103 211 127 239 231 152 277 184
0017 104 210 127 239 231 120 283 151
0018 101 209 123 235 253 079 305 116
0019 102 210 125 239 255 047 297 092
0020 102 208 127 239 252 033 296 087
0021 104 208 131 236 245 043 292 102
0022 103 208 128 239 257 079 299 114
0023 099 207 131 239 234 130 278 161
0024 101 210 123 235 233 176 270 217
0025 107 207 129 235 211 199 233 237
0026 184 204 216 239 105 212 128 239
0027 181 204 209 239 105 208 127 236
0028 106 212 130 239 181 204 215 238
