0006 169 207 205 239
0007 168 142 215 199
0008 161 084 203 159
0009 161 041 190 080
0010 178 029 218 113
0011 203 042 244 116
0012 164 046 201 093
0013 151 045 192 121
0014 167 037 210 118
0016 179 057 224 122
0017 151 049 188 115
0018 169 038 208 121
0019 200 043 236 116
0020 165 081 217 130
0021 160 050 200 114
0022 174 037 214 108
0024 175 061 215 130
0025 148 058 197 117
0026 177 031 216 116
0028 173 072 212 133
0029 159 053 198 119
0030 166 036 207 115
0031 182 046 224 114
0032 204 048 226 092
0033 182 047 217 137
0034 177 053 219 131
0035 182 059 223 131
0036 187 054 219 141
0037 184 073 221 158
0038 180 117 221 192
0039 177 201 215 239
