0004 123 218 162 239
0005 115 187 164 238
0006 126 142 168 187
0007 138 073 178 125
0008 176 038 202 098
0009 191 017 230 081
0010 162 015 198 072
0011 147 011 185 072
0012 174 018 203 077
0013 179 006 214 075
0014 148 029 187 086
0015 149 020 177 078
0016 183 030 210 080
0017 182 030 219 089
0018 144 024 181 089
0019 168 038 194 079
0020 192 021 233 082
0021 155 036 194 080
0022 144 022 182 092
0023 175 037 203 075
0024 190 025 241 083
0025 149 024 188 088
0026 169 034 205 079
0027 187 032 234 085
0028 154 034 185 086
0029 143 021 175 082
0030 172 031 206 077
0031 182 024 220 080
0032 142 022 181 085
0033 175 032 204 072
0034 182 026 228 084
0035 145 024 183 093
0036 155 033 189 086
0037 176 034 207 078
0038 178 028 212 088
0039 138 024 179 088
0040 163 035 193 083
0041 183 027 219 084
0042 144 022 180 083
0043 159 028 189 084
0044 187 029 219 080
0045 186 033 230 093
0046 160 030 193 093
0047 158 027 192 097
0048 161 042 197 101
0049 150 089 189 142
0050 136 154 183 203
0051 125 190 176 239
0052 126 213 171 239
0053 129 220 178 239
0054 126 222 175 239
0056 148 211 185 239
