0004 108 214 154 239
0005 109 198 151 239
0006 118 184 158 232
0007 121 167 165 219
0008 122 139 159 205
0009 111 122 159 191
0010 111 109 151 186
0011 099 096 139 180
0012 087 103 132 184 076 101 118 141
0013 088 126 138 193 083 122 119 156
0014 097 140 149 198
0015 111 141 153 206
0016 123 138 161 200
0017 132 124 165 198
0018 133 119 169 193
0019 123 112 163 185
0020 112 095 150 171
0021 106 097 143 178
0022 094 101 137 176
0023 105 096 142 187
0024 111 101 152 181
0025 121 102 155 189
0026 125 111 163 183
0027 125 105 164 182
0028 119 101 158 172
0029 112 093 153 171
0030 104 091 146 172
0031 093 094 131 176
0032 085 107 128 184
0033 087 120 130 194
0034 102 123 143 202
0035 109 131 149 197
0036 125 126 164 200
0037 127 113 165 201
0038 125 114 168 195
0039 117 110 163 190
0040 116 108 155 189
0041 100 111 141 194
0042 088 119 131 200
0043 090 132 136 208
0044 095 145 134 214
0045 106 143 147 214
0046 117 161 155 219
0047 128 163 170 216
0048 130 150 173 222
0049 131 139 170 212
0050 117 121 158 205
0051 104 114 142 191
0052 091 105 126 188
0053 083 115 130 201
0054 086 134 133 206
0055 089 149 136 215 077 147 119 180
0056 085 173 138 231
0057 092 188 144 239
0058 089 221 154 239
0060 138 208 166 239
