0000 101 205 125 239
0001 103 206 126 239
0002 104 206 127 238
0003 102 208 126 239
0004 103 208 127 239 198 218 222 239
0005 102 207 127 239
0006 102 209 128 239
0007 102 206 129 239
0008 102 209 127 238
0009 102 208 127 239
0010 166 213 204 239 105 208 125 237
0011 159 207 196 236 105 209 125 237
0012 152 196 188 227 105 208 125 238
0013 103 205 123 236 151 173 176 207
0014 152 155 179 191 103 208 123 236
0015 102 207 127 239 153 126 189 158
0016 102 210 127 239 160 103 194 140
0017 102 209 126 239 169 098 195 128
0018 103 208 128 239 167 096 201 127
0019 102 208 128 239 169 097 196 131
0020 102 208 127 239 164 095 199 138
0021 103 207 128 239 155 138 178 171
0022 147 162 181 196 103 207 127 237
0023 152 188 179 218 103 205 128 237
0024 153 199 189 228 103 205 128 237
0025 154 203 187 229 103 205 128 238
0026 101 207 126 238 152 201 187 235
0027 102 207 127 238 151 200 185 234
0028 154 203 185 229 101 209 127 239
0029 101 208 126 239 151 187 182 216
0030 154 171 184 207 103 205 127 235
0031 157 139 180 174 101 208 127 239
0032 158 114 197 147 100 206 127 239
0033 101 207 127 239 168 099 194 129
0034 102 209 126 239 167 087 202 120
0035 102 209 126 239 173 088 201 124
0036 102 207 127 239 169 087 206 124
0037 172 092 204 132 102 205 125 239
0038 167 097 202 134 102 206 127 239
0039 164 112 197 150 103 205 127 239
0040 156 126 194 165 104 208 126 235
0041 156 148 184 178 104 206 125 239
0042 156 161 185 193 103 206 127 239
0043 104 209 125 239 157 171 185 202
0044 104 209 126 239 156 181 184 204
0045 157 188 186 215 104 207 124 236
0046 104 207 125 239 157 187 183 216
0047 103 207 126 238 157 187 185 216
0048 152 194 185 223 104 207 125 238
0049 160 199 201 237 104 207 125 238
0050 174 219 208 238 104 207 129 238
0051 103 208 125 239
0052 104 207 129 239
0053 104 209 128 235
0054 103 208 129 239
0055 099 205 127 238 196 219 219 239
0056 104 209 128 239
0057 104 209 128 238
0058 105 209 128 238 199 218 227 238
0059 105 209 128 238 202 220 224 239
