0000 112 217 134 239
0001 098 212 127 235
0002 082 192 109 222
0003 051 129 086 162
0004 046 087 083 123
0005 053 068 081 104
0006 053 064 079 103
0007 054 063 078 100
0008 053 060 079 097
0009 054 057 082 092
0010 061 045 087 086
0011 073 025 101 068
0012 105 015 140 058
0013 119 021 158 064
0014 135 040 160 072
0015 143 049 171 080
0016 138 046 164 075
0017 122 027 159 068
0018 097 024 127 065
0019 075 026 110 071
0020 059 040 087 078
0021 054 049 080 086
0022 052 054 079 092
0023 048 058 077 092
0024 048 067 074 104
0025 038 095 075 134
0026 045 144 070 170
0027 060 192 082 213
0028 094 206 120 239
0029 111 221 134 239
0030 115 217 135 239
0031 112 216 133 239
0032 107 218 129 239
0033 105 218 129 239
