0005 076 206 130 239 119 213 162 239
0006 091 163 146 214 127 189 158 239
0007 113 124 166 188
0008 132 084 181 153
0009 134 063 188 128
0010 142 054 189 119
0011 145 056 193 117
0012 144 056 195 117
0013 143 057 193 118
0014 144 058 195 116
0015 144 058 194 116
0016 141 056 194 118 103 151 140 202
0017 140 057 193 118
0018 138 057 188 116
0019 138 054 189 118
0020 137 055 188 118
0021 137 057 189 118
0022 133 066 179 122
0023 122 077 167 134
0024 110 091 156 152
0025 097 122 143 177
0026 075 168 130 224
0027 059 195 136 239
0028 092 216 151 239
