0008 145 223 190 239
0009 147 189 188 235 029 218 060 239
0010 145 168 193 222 032 207 062 239
0011 142 143 190 199 041 184 071 236
0012 133 126 170 187 047 164 085 224
0013 122 115 161 176 055 154 093 214
0014 104 112 142 161 062 141 099 200
0015 083 123 121 189
0016 073 133 115 190
0017 079 133 119 184
0018 083 134 116 186
0019 080 132 120 186
0020 080 130 120 185
0021 080 131 120 183
0022 085 135 122 182
0023 081 132 122 184
0024 083 136 124 192
0025 081 131 119 192
0026 081 133 118 187
0027 079 139 122 195
0028 077 151 121 206
0029 070 168 119 224
0030 057 198 112 239
