0001 120 216 165 239
0002 116 214 164 239
0004 117 214 168 239
0006 125 214 164 239
0007 196 218 238 239 127 214 172 239
0008 186 187 233 239 129 187 174 214
0009 161 118 221 169
0010 161 072 216 134
0011 164 046 216 104
0012 156 040 214 090
0013 155 042 205 096
0014 162 054 203 109
0015 159 059 196 116
0016 159 070 202 124
0017 160 074 204 125
0018 157 074 200 127
0019 161 072 203 128
0020 161 078 206 129
0021 163 087 201 140
0022 163 123 214 177
0023 160 158 210 223
0024 189 196 227 239 150 203 196 237
0025 116 208 168 239 192 217 236 239
0026 129 212 170 239
