0006 175 195 223 237
0007 190 149 226 189
0008 210 109 274 149
0009 207 083 272 125
0010 218 068 269 107
0011 208 065 272 109
0012 210 060 274 106
0013 209 062 273 108
0014 212 076 274 113
0015 214 104 262 147
0016 207 129 281 167
0017 226 150 303 182
0018 223 151 306 184
0019 228 151 308 187
0020 227 151 307 187
0021 223 150 309 186
0022 225 151 305 185
0023 223 150 308 185
0024 223 150 308 185
0025 222 151 304 185
0026 227 155 307 189
0027 221 153 310 191
0028 218 154 285 194
0029 208 158 260 208
0030 192 186 233 234
0031 171 212 212 239
