0005 053 208 117 239
0006 042 160 118 213
0007 025 136 101 184
0008 026 129 100 180
0009 024 114 098 179
0010 029 106 104 176
0011 032 111 112 170
0012 035 120 109 175
0013 042 121 111 188
0014 046 129 115 195
0015 061 130 129 194
0016 060 126 144 185
0017 065 121 145 179
0018 075 129 151 188 011 152 038 183
0019 079 141 157 196 010 148 046 181
0020 087 150 159 211
0021 094 154 169 216
0022 105 158 174 214
0023 111 148 177 210
0024 115 123 185 194
0025 115 121 184 176
0026 121 114 187 170
0027 125 121 189 176
0028 119 136 191 189
0029 132 145 198 205
0030 134 155 208 214
0031 142 155 215 218
0032 146 158 225 212
0033 154 148 223 208
0034 157 133 226 189
0035 169 117 227 174
0036 173 120 231 174
0037 176 131 233 183
0038 181 149 234 202
0039 182 162 237 215
0040 186 169 246 222
0041 190 168 252 222
0042 190 158 253 213
0043 191 151 255 204
0044 194 146 253 198
0045 189 141 254 198
0046 190 138 249 197
0047 188 141 249 202
0048 174 151 247 208
0049 148 175 233 237
