0008 163 189 213 235
0009 163 151 214 192
0010 153 148 212 186
0011 145 141 203 186
0012 134 139 197 186
0013 133 139 195 185
0014 129 140 197 186
0015 120 142 192 187
0016 110 137 184 185
0017 106 138 178 181
0018 108 137 167 182
0019 102 138 168 185
0020 085 142 165 189
0021 088 138 161 185
0022 084 145 150 189
0023 077 149 148 197
0024 076 146 145 195
0025 064 151 142 199
0026 071 150 141 196
0027 065 154 138 204
0028 061 153 134 204
0029 058 154 128 201
0030 044 159 120 206
0031 049 159 124 205
0032 047 160 121 207
0033 051 163 124 210
0034 056 174 135 225
0035 076 187 158 239
