0000 089 173 106 201 157 174 175 206
0001 156 173 174 205 089 171 106 199
0002 087 172 105 202 154 175 172 207
0003 081 171 101 196 150 169 170 199
0004 071 158 094 177 144 146 171 177
0005 065 135 087 159 149 122 174 149
0006 149 079 175 115 061 098 084 131
0007 064 067 087 101 150 054 172 088
0008 068 054 091 087 150 039 169 077
0009 148 035 167 070 074 040 094 073
0010 073 033 098 066 146 030 167 066
0011 074 029 096 063 146 029 169 064
0012 074 030 096 062 146 029 166 065
0013 075 028 097 060 144 032 169 056
0014 075 029 096 060 144 031 169 061
0015 075 029 096 061 147 031 166 060
0016 075 029 096 063 146 031 167 065
0017 076 035 098 069 149 035 170 073
0018 079 054 100 086 145 052 168 090
0019 080 086 098 114 140 096 165 129
0020 145 124 171 160 079 108 102 136
0021 152 154 173 190 076 132 109 161
0022 081 153 102 184 157 170 173 201
0023 080 166 102 195 158 176 175 204
0024 082 172 101 200 158 173 176 204
0025 087 173 106 201 157 174 173 203
0026 158 173 176 203 090 172 106 200
