0004 139 215 182 239
0005 148 194 191 238
0006 147 182 193 225
0007 156 141 202 200
0008 159 115 208 187
0009 164 092 213 181
0010 165 083 215 172
0011 167 076 217 167
0012 168 077 220 166
0013 171 076 219 164
0014 176 078 217 164
0015 175 072 219 162
0016 172 062 221 155
0017 177 070 223 155
0018 177 070 219 159
0019 177 069 219 162
0020 174 063 220 157
0021 174 065 221 157
0022 173 063 221 158
0023 176 071 219 161
0024 175 064 223 155
0025 174 066 224 159
0026 173 064 224 152
0027 176 067 224 159
0028 175 068 223 158
0029 175 068 224 157
0030 170 066 224 161
0031 173 061 223 153
0032 173 065 224 159
0033 171 070 223 161
0034 171 078 221 164
0035 167 095 217 183
0036 159 139 210 206
0037 148 184 193 229
0038 143 198 189 239
0039 145 215 185 239
