0001 120 213 156 239
0002 118 210 156 239
0003 123 185 162 220
0004 129 167 176 204
0005 134 141 179 192
0006 135 115 181 174
0007 133 099 179 161
0008 130 088 175 150
0009 135 077 175 145
0010 138 071 176 148
0011 133 067 174 137
0012 135 067 176 137
0013 137 059 177 133
0014 135 059 173 127
0015 133 060 179 126
0016 136 055 177 130
0017 136 050 178 126
0018 134 050 174 121
0019 136 055 181 119
0020 139 051 177 123
0021 133 048 175 124
0022 137 051 178 124
0023 136 054 180 117
0024 140 050 182 121
0025 134 055 179 121
0026 135 055 179 120
0027 134 055 178 120
0028 136 058 178 118
0029 138 054 176 122
0030 135 054 180 120
0031 135 058 178 118
0032 135 055 172 117
0033 134 053 172 120
0034 135 053 179 120
0035 136 051 178 119
0036 135 052 178 120
0037 137 053 179 118
0038 135 055 180 119
0039 134 051 173 121
0040 137 044 175 126
0041 133 048 172 116
0042 133 047 175 120
0043 137 044 177 128
0044 138 045 177 127
0045 140 047 177 126
0046 137 046 180 125
0047 137 045 179 123
0048 139 048 179 126
0049 143 047 184 128
0050 139 049 178 127
0051 139 046 178 126
0052 141 047 185 125
0053 141 049 182 124
0054 141 047 182 125
0055 143 048 182 125
0056 141 047 183 126
0057 140 047 184 127
0058 139 044 178 124
0059 142 046 183 127
0060 136 051 178 126
0061 142 050 183 126
0062 138 046 178 126
0063 136 044 179 131
0064 136 046 178 129
0065 135 045 178 129
0066 134 048 179 127
0067 137 053 182 129
0068 138 047 177 131
0069 142 050 183 131
0070 140 047 178 128
0071 141 049 179 128
0072 142 049 184 126
0073 138 050 178 122
0074 139 050 179 121
0075 142 046 180 127
0076 142 046 180 127
0077 142 044 181 128
0078 142 044 180 126
0079 142 043 180 129
0080 142 044 180 129
0081 141 045 181 128
0082 142 043 181 126
0083 143 043 181 126
0084 142 047 182 130
0085 141 045 183 131
0086 142 045 182 128
0087 143 042 181 128
0088 142 042 182 130
0089 139 047 181 124
0090 142 044 183 130
0091 138 045 180 122
0092 138 046 181 128
0093 138 047 179 124
0094 142 044 179 121
0095 143 043 181 129
0096 143 045 185 126
0097 138 048 180 125
0098 145 044 180 128
0099 145 048 183 127
0100 145 048 183 127
0101 140 048 183 120
0102 140 048 184 117
0103 145 047 184 126
0104 145 048 179 126
0105 144 046 185 127
0106 145 046 180 124
0107 144 043 180 125
0108 144 043 181 123
0109 145 045 180 126
0110 145 045 179 126
0111 139 047 178 124
0112 140 048 178 121
0113 147 049 184 128
0114 145 052 183 123
0115 138 066 178 143
0116 134 113 179 170
0117 132 175 168 208
0118 123 216 155 239
