0000 013 201 046 239
0001 013 201 046 239
0002 013 201 046 239
0003 013 201 046 239
0004 013 201 046 239
0005 126 195 181 239 013 201 046 239
0006 134 164 189 229 013 201 046 239
0007 150 102 193 185 013 201 046 239
0008 149 093 200 173 013 201 046 239
0009 158 067 202 148 011 201 049 239 076 116 115 146
0010 150 058 206 131 012 201 049 239 074 114 117 148
0011 153 053 211 135 012 201 049 239
0012 151 049 209 121 012 201 049 239
0013 155 044 212 125 012 201 049 239
0014 157 039 211 128 012 201 049 239
0015 159 035 215 128 012 201 049 239
0016 159 042 211 129 012 201 049 239 075 112 117 147
0017 159 038 214 123 012 201 049 239
0018 156 042 215 131 012 201 049 239 075 111 118 148
0019 158 044 213 133 012 201 049 239
0020 161 060 209 151 012 201 049 239
0021 151 108 194 179 011 201 049 239 079 113 119 151
0022 138 153 189 225 011 201 049 239 079 113 119 151
0023 011 201 049 239 079 114 119 151
0024 011 201 049 239 125 213 164 239 078 111 119 152
0025 011 201 049 239
0026 012 201 048 239
0027 013 201 050 239 078 111 120 151
0028 013 203 050 239 078 110 120 151
0029 014 202 050 239 078 111 119 151
0030 014 202 050 239
0031 014 202 050 239
