0009 128 219 174 239
0010 128 191 166 226
0011 133 139 182 191
0012 135 082 181 163
0013 136 056 182 139
0014 139 048 188 130
0015 140 043 185 128
0016 143 037 185 127
0017 142 037 186 126
0018 142 038 186 128
0019 142 040 186 125
0020 139 038 188 130
0021 140 041 186 129
0022 139 040 187 130
0023 140 041 186 129
0024 139 038 188 130
0025 139 038 187 129
0026 140 042 188 130
0027 140 046 187 134
0028 140 060 184 137
0029 128 123 170 175
0030 120 150 161 198
0031 096 199 141 239
0032 091 219 135 239
