0000 142 215 177 239
0004 142 222 175 239
0005 143 194 186 236
0006 151 154 194 196
0007 159 121 202 182
0008 160 077 201 158
0009 161 057 202 137
0010 162 044 201 119
0011 157 037 199 111
0012 163 027 207 108
0013 160 025 204 110
0014 160 025 205 110
0015 162 027 204 110
0016 163 026 203 107
0017 165 029 204 109
0018 164 028 205 112
0019 165 030 204 106
0020 165 030 204 104
0021 164 032 206 107
0022 166 030 202 110
0023 166 031 204 104
0024 166 031 204 105
0025 168 030 204 108
0026 164 035 210 111
0027 155 069 200 124
0028 156 113 199 155
0029 152 149 198 208
0030 143 177 186 239
0031 135 198 183 239
0032 141 214 174 239
0033 148 214 177 239
