0000 118 179 135 213 193 171 212 209
0001 118 178 137 215 193 173 213 210
0002 118 178 137 216 194 174 213 210
0003 117 181 134 213 194 173 213 210
0004 116 180 135 216 196 174 214 208
0005 113 182 132 217 200 170 221 210
0006 096 181 119 212 223 170 246 198
0007 230 145 272 180 078 169 102 199
0008 246 124 287 147 057 146 093 175
0009 239 076 285 109 061 106 090 132
0010 085 055 113 093 233 044 263 091
0011 204 023 230 068 117 030 142 068
0012 182 020 212 065 135 030 163 067
0013 152 025 195 066
0014 142 031 184 066
0015 144 026 188 062 149 063 189 100
0016 155 019 199 064
0017 188 015 219 067 137 026 163 064
0018 107 025 131 072 229 033 258 076
0019 082 044 108 084 237 060 276 094
0020 067 060 101 095 242 074 282 102
0021 242 079 285 108 062 074 100 104
0022 066 072 095 101 241 072 281 098
0023 072 049 106 086 238 058 267 091
0024 092 026 119 072 222 031 247 075
0025 191 018 220 067 124 016 145 057
0026 152 023 193 061
0027 138 033 182 063 140 066 183 102
0028 144 027 188 063 139 061 184 100
0029 145 025 190 061 144 061 181 101
0030 174 011 208 055 144 024 172 057
0031 201 008 229 063 128 017 155 058
0032 106 017 131 064 228 028 250 065
0033 089 035 112 073
0034 069 045 095 077
0035 062 053 093 082 244 065 280 097
0036 238 063 283 097 063 054 097 086
0037 242 062 278 098 063 055 098 085
0038 236 061 283 099 068 056 094 087
0039 237 074 278 100 075 063 096 099
0040 239 086 269 120 077 087 101 115
0041 074 116 113 143 234 117 264 143
0042 215 142 255 165 086 142 114 167
0043 094 162 119 194 214 159 240 191
0044 106 180 127 212 202 167 222 201
0045 110 179 133 215
0046 115 179 135 217 195 174 215 210
0047 118 179 138 216 193 175 212 211
0048 117 184 137 214 190 173 210 211
0049 190 173 209 211 119 182 140 216
0050 190 172 211 211 120 179 141 213
0051 191 172 211 209 120 178 141 213
0052 120 178 141 215 192 172 212 211
0053 119 179 138 214 192 172 212 211
0054 120 179 140 213 193 172 212 211
0055 120 179 140 213 193 172 212 211
0056 193 172 212 211 120 179 139 212
0057 193 172 212 212 119 180 139 214
0058 119 180 139 214 192 172 212 212
0059 193 173 211 210 119 180 138 214
0060 192 172 212 211 122 178 140 213
