0000 116 218 136 239
0001 116 218 136 239
0002 116 219 136 239
0003 112 220 134 239
0004 110 218 133 239
0005 093 202 116 232 214 202 239 236
0006 215 142 262 179 070 151 106 183
0007 075 093 115 136 222 077 259 120
0008 107 056 141 101 180 041 211 086
0009 131 054 173 102
0010 134 075 172 112
0011 139 057 181 103
0012 108 051 137 095 192 034 225 078
0013 075 059 106 104 226 050 258 096
0014 235 061 282 108 063 071 101 114
0015 082 061 113 104 219 048 259 100
0016 117 047 146 093 171 035 209 091
0017 140 061 175 107
0018 136 068 172 108
0019 125 057 155 102 165 042 207 086
0020 092 048 120 083 210 030 250 081
0021 235 043 279 094 068 055 102 095
0022 243 044 286 098 059 063 093 104
0023 234 047 277 094 064 060 099 100
0024 231 053 275 106 064 072 101 116
0025 067 113 098 148 229 100 271 150
0026 229 182 254 223 075 177 109 201
0027 094 203 123 239 219 221 242 239
0028 114 214 136 239
0029 116 219 140 238
0030 115 211 137 236
0031 111 218 134 239
0032 110 218 134 239
0033 113 215 133 239 211 217 232 239
0034 115 219 137 239 208 221 228 239
