0006 253 180 290 216 054 218 078 239
0007 257 123 293 163 032 172 068 214 075 142 113 176
0008 245 075 278 121 064 133 111 165 034 131 070 167
0009 205 025 247 079 081 120 116 150 187 112 228 147 063 073 093 110
0010 173 009 211 064 084 032 118 080
0011 123 009 175 051 107 020 145 068
0012 117 015 164 059 150 037 184 084
0013 105 017 144 055 144 027 177 067
0014 099 022 140 061 146 028 191 069
0015 142 033 192 072 096 023 135 063
0016 146 030 197 069 093 027 135 063
0017 092 025 137 062 146 030 194 069
0018 096 028 132 062 147 029 195 070
0019 090 028 138 063 147 029 194 070
0020 098 027 143 060 143 030 190 070
0021 113 023 170 069
0022 127 017 171 060
0023 167 009 200 051 093 017 131 058
0024 206 010 244 064 055 015 090 066
0025 039 016 070 072 238 027 269 085
0026 021 023 050 073 263 051 289 098
0027 014 034 042 088 271 061 296 101
0028 011 030 043 083 265 060 301 116
0029 268 056 294 105 016 030 042 079
0030 021 028 048 082 261 048 286 090
0031 027 021 058 072 247 028 273 085
0032 217 016 259 069 036 019 065 069
0033 185 004 227 062 055 016 088 066 181 101 214 138
0034 157 008 200 057 076 020 108 068
0035 110 016 161 063
0036 094 028 151 081 132 027 163 070
0037 082 040 130 079 133 029 183 076
0038 083 045 133 080 145 034 185 079
0039 149 035 188 077 080 045 120 081
0040 151 033 187 075 080 048 122 085
0041 142 034 191 077 081 047 123 084
0042 141 033 189 074 081 048 121 082
0043 140 030 175 070 085 042 138 078
0044 110 028 158 072
0045 131 023 182 064 092 025 129 069 170 095 206 138
0046 174 027 216 068 055 030 092 084 069 113 112 151
0047 224 036 258 092 035 040 065 093
0048 253 058 279 111 026 049 054 102
0049 258 074 283 113 020 062 048 111
0050 256 074 281 112 016 061 045 111
0051 252 066 279 116 017 060 044 116
0052 253 074 280 122 018 078 048 132
0053 254 097 291 142 018 098 047 140 066 141 109 177
0054 076 151 117 184 030 149 058 184
0055 047 202 073 234
