0000 018 200 055 237 138 220 187 239
0001 132 210 192 239 015 196 057 239 046 214 084 239
0002 131 195 174 235 020 186 066 235
0003 131 179 172 230 024 172 072 226
0004 042 163 087 201 120 162 176 205
0005 049 152 091 192 115 142 166 193
0006 051 139 098 192 108 136 161 191
0007 054 132 104 182 108 132 156 183
0008 108 124 162 177 057 123 106 180
0009 062 115 102 174 110 115 162 171
0010 060 112 116 167 118 111 167 167
0011 062 107 115 163 116 107 168 163
0012 068 099 118 159 115 105 172 161
0013 070 098 119 156 119 105 172 162
0014 070 098 119 154 119 102 168 157
0015 074 099 124 158 118 096 170 155
0016 068 095 117 156 120 101 168 156
0017 068 098 119 157 118 101 171 158
0018 068 100 120 158 118 104 171 161
0019 070 103 118 162 116 105 170 161
0020 069 102 118 158 117 102 166 159
0021 069 103 117 157 116 104 166 158
0022 070 103 117 158 116 104 166 158
0023 070 103 117 158 116 103 166 159
0024 069 103 117 158 116 103 167 159
0025 073 105 123 163 114 106 162 158
0026 070 113 124 164 116 113 173 170
0027 124 142 183 191 056 120 111 172
0028 124 192 182 239 041 152 094 202
0029 123 213 189 239 035 177 077 236
0030 027 186 078 236 131 216 186 239
0031 029 200 080 239
0032 030 200 082 239
0033 035 202 079 239
0034 037 197 081 239
0035 031 201 081 239
