0016 158 186 204 239
0017 160 182 206 239
0018 156 186 202 239
0019 158 176 207 235
0020 156 172 207 236
0021 160 172 204 237
0022 161 170 205 232
0023 157 173 205 232
0024 155 178 204 235
0025 150 183 211 237
0026 158 167 207 210
0027 157 169 209 231
0028 155 171 211 228
0029 158 160 210 231 094 199 133 239
0030 144 156 210 210 100 180 166 231
0031 160 147 205 203 117 162 179 215 097 179 137 238
0032 165 140 209 199 102 155 183 222
0033 143 143 208 199 095 158 145 220
0034 144 142 209 197 097 150 143 214
0035 129 141 215 193 104 146 161 210
0036 119 138 191 199 104 148 147 216 178 134 219 197
0037 123 138 198 192 103 140 150 206 167 135 232 189
0038 128 136 213 188 109 134 153 199
0039 111 137 167 192 142 133 227 185
0040 113 128 166 184 134 130 216 179
0041 113 132 174 187 141 131 224 178
0042 114 127 163 184 147 130 216 179
0043 115 131 173 186 150 129 216 179
0044 115 131 174 186 150 129 215 179
0045 115 130 173 186 153 128 226 182
0046 116 131 173 186 141 129 221 177
0047 139 126 224 178 117 128 175 192
0048 145 128 223 178 112 129 174 190
0049 144 129 224 178 113 129 174 189
0050 112 135 166 194 154 127 216 181
0051 161 139 221 195 116 150 174 205
0052 153 150 224 232 138 169 185 227 107 171 159 225
0053 162 181 205 237 199 186 233 237
