0000 197 202 246 237 125 221 158 239
0001 202 206 244 236 123 219 163 239
0002 201 203 246 238 124 220 164 239
0003 204 204 244 239 122 212 164 239
0004 195 179 240 219 128 186 167 230
0005 185 163 233 201 133 159 179 198
0006 140 149 186 186 185 154 224 196
0007 187 138 219 177 149 130 189 174
0008 150 121 192 168 189 128 222 176
0009 148 112 192 162 187 120 224 164
0010 149 095 193 148 184 107 221 153
0011 153 091 199 144 183 103 221 149
0012 152 093 189 146 181 099 222 145
0013 155 095 191 144 181 101 222 149
0014 151 095 190 150 180 105 218 150
0015 147 097 189 149 178 102 214 148
0016 146 095 183 150 175 105 215 147
0017 146 097 181 150 173 103 217 149
0018 175 101 217 150 147 098 177 151
0019 173 102 216 148 145 103 187 149
0020 172 100 216 146 145 100 188 148
0021 145 101 187 148 173 101 218 147
0022 170 101 218 146 148 099 179 146
0023 158 103 217 147 148 100 178 147
0024 160 104 217 146 148 100 178 148
0025 170 105 218 147 147 100 179 148
0026 169 105 218 147 148 102 179 146
0027 165 100 223 146 147 100 178 149
0028 163 099 223 146 146 100 181 151
0029 170 105 219 147 147 103 181 151
0030 170 104 218 148 146 102 181 150
0031 169 104 220 148 147 100 176 151
0032 169 102 220 148 143 100 176 152
0033 169 103 219 147 147 100 175 150
0034 169 102 220 148 147 101 176 152
0035 176 097 219 146 146 102 191 151
0036 169 103 220 148 147 100 177 151
0037 169 102 221 148 147 100 177 151
0038 169 103 220 148 147 103 176 150
0039 170 104 220 148 146 100 177 150
0040 171 100 220 147 142 100 177 152
0041 155 103 216 148 142 099 176 152
0042 169 103 219 148 147 099 176 150
0043 174 099 223 151 147 101 178 151
0044 174 098 222 151 148 100 177 145
0045 146 104 181 151 175 104 217 153
0046 181 119 221 169 137 121 178 173
0047 186 154 225 192 125 165 165 200
0048 197 182 235 224 110 193 150 235
0049 192 204 242 239 099 214 150 239
0050 194 205 243 239 106 211 148 239
