0000 089 210 128 239
0001 083 205 130 239
0002 090 198 134 239
0003 079 207 126 239
0004 085 205 130 239
0005 154 216 207 239 079 208 123 239
0006 146 215 200 239 088 209 128 239
0007 087 210 131 239 144 218 197 239
0008 084 212 132 239
0009 090 211 135 239
0010 090 210 134 239 148 216 201 239
0011 090 210 135 239 145 216 191 238
0012 092 212 131 239 153 217 196 239
0013 098 217 135 239 152 210 189 239
0014 094 215 129 239 152 207 185 239
0015 153 202 187 239 090 214 124 239
0016 147 199 190 239 090 214 132 239
0017 142 182 175 236 084 215 128 239
0018 143 193 175 236 088 210 131 239
0019 144 190 179 234 088 207 136 239
0020 088 208 138 239 144 193 186 237
0021 096 202 148 239 142 187 184 238
0022 148 194 190 239 093 203 140 239
0023 142 186 183 239 101 196 158 237
0024 144 186 184 238 099 201 143 239
0025 148 188 186 235 102 202 150 239
0026 142 190 186 239 104 198 149 238
0027 141 187 187 239 101 199 153 239
0028 141 192 184 238 102 199 153 239
0029 103 198 150 238 139 184 179 225
0030 140 192 185 237 102 200 152 239
0031 142 188 185 238 101 201 152 239
0032 144 189 184 236 101 199 147 236
0033 100 204 150 239 144 190 182 235
0034 101 204 148 239 142 194 183 239
0035 145 196 182 237 104 204 146 239
0036 104 204 148 239 136 199 189 239
0037 145 196 188 236 097 203 148 239
0038 141 193 188 239 104 202 147 235
0039 144 193 193 239 098 198 157 237
0040 148 195 198 237 101 200 150 239
0041 150 190 203 238 094 199 147 239
0042 152 175 206 232 103 180 151 228
0043 152 163 203 215 107 159 155 210
0044 147 148 197 199 108 138 156 190
0045 145 133 197 184 113 124 161 179
0046 142 121 194 177 111 120 164 159
0047 151 116 196 165 113 110 159 156
0048 147 107 195 154
0049 153 107 200 156
0050 149 114 193 161
0051 144 112 188 157 119 104 166 152
0052 144 110 191 161
0053 147 110 200 161
0054 142 112 189 167 120 104 164 154
0055 141 110 197 155 117 101 155 148
0056 140 115 190 160
0057 144 110 187 157
0058 142 107 189 156 112 107 156 150
0059 150 108 200 160
0060 150 107 199 161 106 102 156 154
0061 153 110 199 174
0062 147 119 195 175 107 102 156 155
0063 145 122 191 174 107 109 157 161
0064 141 129 194 182 110 116 151 174
0065 096 171 140 225 148 167 185 217
0066 150 208 189 239 082 198 126 239
0067 148 217 185 239
0068 176 204 225 239 141 218 176 239
0069 138 216 180 239 172 205 220 239
