0000 045 202 091 239 150 193 193 239
0001 045 202 093 239 155 177 197 226
0002 042 198 092 239 160 166 202 214
0003 039 203 096 239 158 157 202 201
0004 042 200 096 239 158 152 202 197
0005 047 200 093 239 165 150 202 196
0006 047 200 093 239 165 146 204 193
0007 046 202 094 239 174 132 216 183
0008 047 201 092 239 179 102 223 164
0009 046 201 090 239 182 081 226 147
0010 183 070 230 139 045 201 091 239
0011 190 060 233 138 044 202 099 239
0012 190 066 239 133 047 202 093 239
0013 197 062 243 145 045 203 092 239
0014 192 071 243 138 045 204 096 239
0015 192 070 245 138 044 202 095 239
0016 192 070 246 135 040 200 095 239
0017 199 068 248 141 041 202 096 239
0018 200 070 246 138 042 202 095 239
0019 042 202 095 239 197 080 250 141
0020 043 202 097 239 196 087 252 145
0021 045 200 092 239 197 087 249 144
0022 044 201 093 239 196 089 253 147
0023 048 199 097 239 196 089 253 147
0024 044 202 092 239 199 088 251 144
0025 045 203 091 239 198 088 253 144
0026 047 199 090 239 197 089 253 144
0027 041 201 097 239 199 089 253 144
0028 043 203 094 239 198 099 247 151
0029 046 201 094 239 184 115 235 169
0030 043 202 099 239 156 155 202 198
0031 042 200 099 239 129 204 171 239
0032 042 200 099 239 128 210 169 239
0033 045 202 091 239 131 211 168 239
0034 045 199 090 239 130 213 174 239
0035 043 202 092 239 130 212 173 239
0036 044 203 094 239 129 211 173 239
0037 047 202 093 239 130 209 169 239
0038 046 203 092 239 129 211 168 239
0039 044 202 098 239 124 213 168 239
0040 046 202 099 239 130 212 168 239
0041 045 202 100 239 130 212 168 239
0042 045 202 100 239 129 212 168 239
0043 045 202 100 239 130 211 169 239
0044 048 200 093 239 130 213 168 239
0045 050 200 092 239 131 210 169 239
0046 052 197 096 239 132 209 170 239
0047 049 200 091 239 131 210 170 239
0048 048 201 091 239 128 210 171 239
0049 048 201 091 239 132 210 170 239
0050 046 202 094 239 132 210 170 239
0051 047 200 092 239 128 210 171 239
