0000 072 212 094 239 160 206 182 238
0001 156 202 184 239 073 211 096 239
0002 158 201 186 238 075 212 099 239
0003 076 211 099 239 160 200 184 235
0004 072 208 096 236 157 203 183 236 117 041 155 097
0005 075 208 098 236 160 203 185 239 120 046 160 099
0006 071 210 094 239 155 203 184 239 118 049 153 098
0007 073 208 096 237 157 200 186 239 120 052 155 095
0008 070 208 098 239 161 199 187 236 118 052 153 096
0009 073 207 096 239 173 200 192 234
0010 183 182 208 228 070 209 097 239
0011 066 206 095 236 179 169 215 217
0012 068 208 091 238 184 133 220 163
0013 066 207 088 235 182 096 221 139
0014 057 202 085 239 177 042 203 090
0015 057 203 087 239 162 034 189 081
0016 063 209 087 239 163 065 202 125
0017 066 208 090 236 166 074 199 119
0018 066 209 091 239
0019 064 208 089 239 166 068 191 095
0020 064 205 091 239 177 061 202 102
0021 062 208 085 239 183 078 215 125
0022 063 208 087 238 183 112 222 148
0023 067 205 090 237 180 144 219 166
0024 069 206 092 236 174 153 212 186
0025 069 208 092 235 177 159 214 193
0026 067 211 091 238 180 156 211 190
0027 067 211 089 238 176 146 210 178
0028 065 206 092 239 174 118 208 152
0029 064 212 089 239 173 067 210 108
0030 062 206 089 238 164 035 194 082
0031 062 208 087 239 154 053 181 092
0032 162 073 203 118 061 209 088 239
0033 062 210 087 239 162 072 200 118
0034 060 208 085 237 162 071 201 118
0035 059 207 088 237 162 070 198 125
0036 062 207 088 239 158 072 193 105
0037 063 207 089 237 166 075 189 105
0038 064 207 091 239 164 081 196 124
0039 067 211 091 239 170 110 198 154
0040 073 207 095 236 171 159 198 192
0041 076 207 099 239 165 181 188 226
0042 079 206 102 237 158 199 182 238
0043 080 208 105 236 152 204 179 235
0044 084 207 110 235 161 200 184 233
0045 085 204 111 236 166 196 192 236
