0000 122 190 143 222 192 186 210 210
0001 190 184 212 215 123 188 145 221
0002 122 190 145 221 190 184 212 215
0003 122 190 146 220 188 186 207 212
0004 189 187 207 213 121 189 142 220
0005 189 186 207 213 122 189 146 220
0006 121 187 141 220 189 186 207 213
0007 189 186 207 213 119 188 140 219
0008 188 183 207 211 092 186 112 216 119 190 140 217
0009 191 185 210 210 081 182 104 212
0010 190 182 212 213 053 150 081 180
0011 055 086 078 110 191 183 213 213
0012 078 047 098 074 190 184 211 212
0013 190 182 212 212 105 024 127 052
0014 190 182 211 211 125 024 149 048
0015 190 183 211 211
0016 190 183 211 211
0017 190 183 211 211
0018 190 181 211 212
0019 191 181 211 210
0020 192 181 212 211
0021 190 182 212 210
0022 191 182 212 210
0023 190 182 214 209
0024 190 182 214 209
0025 191 183 211 211
0026 191 183 212 211
0027 191 185 211 213 133 030 158 052
0028 190 184 212 214 116 028 138 053
0029 190 184 212 213 101 044 122 070
0030 191 184 212 213 094 065 113 094
0031 191 184 212 213 079 106 107 132
0032 190 185 212 212 085 162 112 189
0033 089 169 110 196 190 184 212 212
0034 190 184 212 212 105 187 127 216
0035 190 184 213 213 118 188 138 217
0036 190 186 212 215 125 189 146 218
0037 191 186 213 215 124 189 145 221
0038 190 185 212 215 121 189 145 218
0039 190 184 212 214 124 189 145 221
0040 190 184 212 214 124 189 145 221
0041 190 184 212 214 123 188 145 221
0042 190 184 213 215 122 189 142 220
