0000 130 216 171 239 078 167 110 205
0001 129 216 171 239 074 167 107 201
0002 129 220 169 237 077 166 109 206
0003 129 216 171 239 074 168 107 202
0004 129 220 169 237 075 167 110 202
0005 129 216 171 239 066 163 109 202
0006 129 216 171 239 065 159 113 205
0007 129 216 171 239 065 158 113 205
0008 066 156 113 208 129 216 171 239
0009 075 162 110 208 129 216 171 239
0010 125 217 167 239 074 164 105 207
0011 126 202 162 235 073 157 105 207
0012 129 160 158 208 070 161 105 201
0013 079 138 111 193 127 128 151 181
0014 086 112 118 172 121 106 157 172
0015 122 096 150 167 094 109 123 163
0016 088 106 127 157 123 104 149 168
0017 127 102 150 164 092 111 130 162
0018 096 118 134 169 114 103 152 174
0019 120 106 145 174
0020 104 130 141 177
0021 114 107 148 183 084 105 116 142
0022 082 103 116 150 115 109 148 180
0023 114 106 148 180 083 104 118 151
0024 085 108 116 146 115 127 146 181
0025 114 121 144 183 084 108 116 148
0026 113 120 144 185 084 109 116 149
0027 111 120 144 184 084 108 116 149
0028 112 111 143 179 084 107 116 150
0029 122 128 153 189 080 112 123 176
0030 080 143 123 193 122 166 158 212
0031 126 197 162 239 076 147 119 196
0032 072 153 109 203 121 219 164 239
0033 070 161 104 206 124 216 164 239
0034 124 217 165 239 070 163 105 207
0035 071 168 105 208 125 216 169 239
0036 074 163 103 208 127 218 168 239
