0000 139 194 181 237 085 189 131 236
0001 137 186 182 236 083 187 132 237
0002 134 186 177 239 082 182 127 237
0003 133 176 179 226 085 179 135 230
0004 087 166 135 215 131 164 181 212
0005 087 150 128 201 132 154 177 189
0006 139 127 172 174 092 131 128 184
0007 139 111 168 165 094 115 122 171
0008 138 096 165 158 092 104 127 170
0009 122 073 154 159 104 088 137 161
0010 114 084 145 154
0011 115 084 153 156
0012 119 085 148 151
0013 115 089 146 159
0014 115 087 146 159
0015 111 087 146 156
0016 116 087 147 157
0017 114 088 144 160
0018 115 086 148 156
0019 115 087 149 156
0020 116 089 149 156
0021 115 089 149 157
0022 114 094 145 161
0023 112 090 151 159
0024 105 096 141 163
0025 099 110 139 174 123 109 160 168
0026 129 124 165 177 099 127 143 175
0027 132 144 176 184 090 144 135 186
0028 139 165 180 207 090 160 124 197
0029 143 183 187 233 076 168 121 210
0030 143 192 189 236 076 178 121 219
0031 146 190 187 239 075 176 117 227
0032 144 193 188 237 073 181 120 222
0033 144 194 188 237 075 180 119 227
