0004 043 219 078 239
0005 044 210 080 239
0006 043 208 081 237
0007 047 198 080 231
0008 038 176 087 216
0009 040 137 082 178
0010 041 114 094 159
0011 056 107 084 165 064 078 127 122
0012 066 046 120 098
0013 075 028 122 073
0014 076 018 123 063
0015 081 003 118 057
0016 085 001 122 044 186 216 209 239
0017 088 000 121 036 180 167 214 206
0018 177 141 217 173 088 000 122 035
0019 086 000 128 034 179 102 214 129
0020 179 073 219 102 091 003 130 034
0021 184 049 228 086 088 003 129 037
0022 192 053 241 101 091 000 132 035
0023 209 110 241 155
0024 210 182 246 229 090 000 130 034
0025 197 202 236 237 089 002 129 038
0026 187 197 229 231 092 001 125 036
0027 177 172 217 214 088 003 128 036
0028 177 152 221 187 088 001 122 040
0029 174 125 218 152 089 000 123 041
0030 089 000 124 041 180 095 217 127
0031 186 080 219 114 091 001 123 039
0032 196 101 242 142 092 002 130 037
0033 207 150 253 201 097 000 128 038
0034 097 000 128 038
0035 096 000 126 038
0036 188 202 227 238 091 000 124 037
0037 178 185 219 220 085 001 127 040
0038 176 157 216 195 089 000 127 037
0039 169 131 214 165 088 002 125 038
0040 172 111 219 142 092 000 122 041
0041 177 100 228 143 090 000 129 039
0042 185 116 235 157 092 000 124 043
0043 095 000 123 043 197 153 242 200
0044 091 000 124 045 203 158 233 206
0045 091 000 123 047 199 178 225 231
0046 086 000 122 049
0047 087 000 120 047
0048 080 013 125 058
0049 079 024 124 067
0050 076 027 122 077
0051 070 054 118 104
0052 060 085 116 134 057 127 083 168
0053 040 125 088 172
0054 019 167 064 209 055 157 093 189
0055 017 195 060 231 044 158 083 197
0056 030 198 070 235 050 167 089 211
0057 045 208 077 238 118 069 159 112
0058 044 210 077 239
0060 099 070 143 109
0061 106 079 146 118
0062 101 073 139 114
