0001 008 212 045 239
0002 012 201 051 239 079 212 124 239
0003 083 179 125 221 028 176 069 217
0004 079 143 122 185 050 144 094 183
0005 055 133 122 172
0006 064 111 133 152
0007 062 109 122 152
0008 066 105 122 153
0009 063 101 125 144
0010 068 103 132 146
0011 066 103 133 147
0012 067 103 133 147
0013 106 095 150 134 044 103 088 148
0014 123 092 164 138 023 105 064 145
0015 139 094 178 136 005 103 045 149
0016 147 098 187 136 007 104 032 154
0017 152 093 195 136
0018 153 097 189 138
0019 152 096 190 139
0020 146 096 189 138
0021 148 097 192 137 006 114 036 165
0022 145 103 189 145 004 118 035 169
0023 137 128 178 176 002 141 033 187
0024 117 160 159 210 006 167 032 206
0025 107 206 144 239
0026 104 215 137 239
