0012 093 219 133 239
0013 088 193 134 239 006 199 049 239
0014 085 157 129 198 016 169 064 214
0015 039 140 082 189 080 134 123 176
0016 046 130 095 179 077 125 121 173
0017 053 128 100 174 087 125 117 162
0018 049 125 094 171 088 120 122 161
0019 055 123 103 169 083 120 124 164
0020 055 125 096 171 087 116 123 160
0021 051 124 100 172 087 117 123 157
0022 036 118 080 163 099 112 139 152
0023 115 105 154 147 012 118 054 167
0024 130 107 170 147 007 115 036 163
0025 138 105 179 149
0026 145 106 188 149
0027 145 106 186 153
0028 142 107 186 152
0029 143 110 183 152
0030 142 113 182 153
0031 138 118 181 162
0032 130 141 172 191
0033 113 187 157 239
0034 103 211 146 239
