0004 134 215 174 239 075 211 112 239
0005 149 189 188 230 068 190 103 233
0006 159 147 196 184 063 157 094 199
0007 168 135 197 169 060 144 095 184
0008 062 134 097 174 168 124 203 163
0009 060 132 096 175 160 126 197 164
0010 165 129 199 167 064 130 099 167
0011 164 128 199 168 064 132 099 172
0012 163 129 198 167 063 132 100 173
0013 162 128 198 165 067 133 102 175
0014 163 131 198 168 068 134 101 175
0015 157 138 193 173 069 141 102 181
0016 148 146 187 186 065 164 104 208
0017 073 188 110 239 144 171 180 207
0018 140 200 183 236 082 220 116 239
0019 134 211 172 239
