0000 115 214 151 239
0001 113 210 152 239
0002 111 216 151 239
0003 118 213 151 239
0004 120 195 155 239 004 213 040 239
0005 007 196 040 239 122 176 159 226
0006 019 166 053 218 123 158 160 213
0007 020 151 061 205 127 151 159 204
0008 022 143 060 201 122 147 160 196
0009 026 137 067 192 128 138 160 194
0010 027 127 068 190 129 131 160 185
0011 034 128 070 185 129 132 158 180
0012 128 129 160 182 031 128 071 184
0013 032 126 074 180 128 130 160 181
0014 033 129 073 185 129 131 159 182
0015 032 131 072 186 123 130 161 184
0016 032 134 071 187 128 129 160 180
0017 030 137 068 195 126 129 161 184
0018 029 143 069 197 124 131 164 195
0019 029 151 069 204 125 141 163 197
0020 117 155 157 202 031 163 072 213
0021 112 167 156 210 033 174 073 223
0022 030 199 067 239 114 190 153 234
0023 114 205 150 239 029 202 065 239
0024 110 210 151 239
0025 106 213 139 239
