0002 075 203 122 239
0003 160 196 209 237 080 162 122 207
0004 163 163 219 211 080 144 128 189
0005 075 118 127 180 165 143 224 193
0006 078 092 124 181 161 118 218 180
0007 154 105 209 172 090 086 137 181
0008 153 096 202 185 091 088 146 185
0009 091 084 146 184 150 091 197 186
0010 152 095 199 186 099 087 142 180
0011 155 092 202 188 098 091 144 182
0012 156 096 205 189 098 088 147 183
0013 099 091 149 189 157 098 205 195
0014 097 090 145 182 157 103 208 192
0015 098 090 145 180 156 098 206 199
0016 160 096 208 198 101 091 144 185
0017 160 098 207 193 101 082 147 186
0018 095 085 143 183 168 096 212 200
0019 090 093 134 188 176 101 221 197
0020 085 092 137 203 173 101 226 203
0021 087 095 135 191 171 100 226 207
0022 087 093 134 190 174 107 226 196
0023 174 112 220 206 085 094 137 204
0024 164 134 219 232 078 119 132 215
0025 081 138 127 234 162 165 218 236
0026 067 178 114 239 168 188 218 239
0027 168 206 222 239 065 203 097 239
0029 173 206 220 239
0031 168 203 214 237
0032 162 211 202 239
