0007 126 215 166 238
0008 068 211 096 239 117 214 154 238
0009 119 190 160 237 078 182 107 229
0010 127 153 164 190 079 151 114 186
0011 079 125 116 160 130 124 171 164
0012 135 109 174 147 081 111 121 146
0013 137 105 177 140 090 107 119 140
0014 086 106 123 142 137 104 177 140
0015 087 106 124 142 138 109 172 144
0016 137 111 172 145 087 103 124 139
0017 137 108 176 142 088 106 124 145
0018 136 116 171 151 082 108 121 146
0019 081 135 118 169 137 135 166 166
0020 076 174 114 216 125 173 167 207
0021 124 219 165 239 078 212 112 239
0022 080 218 107 239
0023 138 219 169 239
0024 107 211 140 239
