0000 117 221 158 239
0001 119 216 160 239 039 216 099 239
0002 121 203 164 239 051 199 112 238
0003 123 197 165 239 075 201 123 239
0004 125 190 165 239 084 197 128 239
0005 090 179 138 233 132 172 178 238
0006 097 163 144 228 140 160 184 230
0007 098 159 145 221 144 159 186 227
0008 094 155 147 214 145 151 192 212
0009 097 152 149 208 150 146 191 214
0010 093 141 145 198 157 135 202 193
0011 091 132 145 186 160 124 204 183
0012 092 126 145 183 165 121 210 176
0013 094 122 143 181 169 113 216 167
0014 090 117 144 168 173 107 218 164
0015 087 114 144 164 178 105 217 156
0016 087 109 145 163 176 101 221 154
0017 087 109 143 164 177 094 217 151
0018 087 106 142 160 179 095 222 147
0019 086 103 143 156 187 092 222 142
0020 086 102 145 155 181 090 225 141
0021 088 102 144 155 184 095 223 146
0022 088 100 147 153 182 092 224 146
0023 089 100 145 156 178 092 217 147
0024 088 101 146 156 179 093 216 144
0025 093 103 146 158 180 091 221 146
0026 091 104 145 157 180 092 224 144
0027 092 106 146 158 179 093 221 147
0028 092 106 146 158 180 095 224 147
0029 092 106 145 159 180 094 222 148
0030 093 105 146 157 180 096 223 148
0031 090 104 145 158 180 094 222 148
0032 094 106 145 161 180 093 223 147
0033 086 105 146 161 180 093 222 148
0034 089 106 147 162 180 095 221 149
0035 088 106 146 164 184 098 221 149
0036 088 109 147 163 179 100 223 153
0037 089 114 144 173 180 106 219 161
0038 086 122 143 178 177 111 219 167
0039 087 129 144 190 174 121 216 182
0040 087 138 138 199 172 130 214 194
0041 084 147 136 212 165 141 208 205
0042 162 145 200 231 078 167 131 230
0043 076 176 126 233 160 155 199 232
0044 144 176 186 239 077 193 121 239
0045 138 191 179 239 066 199 109 239
0046 041 198 096 239 129 203 169 239
0047 036 207 085 239 119 205 167 239
0048 114 210 162 239 032 214 082 239
0049 015 216 060 239 114 219 160 239
0050 112 223 158 239
