0000 196 189 220 227 107 193 126 226
0001 106 191 126 223 198 191 221 229
0002 110 194 129 223 196 188 220 229
0003 112 195 131 225 192 192 214 229
0004 111 190 134 226 188 195 209 230
0005 113 194 133 223 189 189 209 222
0006 116 193 137 225 189 186 209 220
0007 115 189 137 219 186 185 205 217
0008 117 187 135 220
0009 120 182 143 215 193 169 215 202
0010 123 173 149 210 192 157 217 189
0011 129 162 158 193 196 131 237 167
0012 136 137 178 165 222 089 256 121
0013 232 071 266 115 143 124 186 153
0014 251 035 280 073 141 105 195 137
0015 250 014 279 061 151 095 191 125
0016 253 010 279 047 156 087 195 121
0017 249 009 274 047 151 092 190 120
0018 250 010 275 048
0019 253 008 279 049 147 092 187 123
0020 252 012 278 043 151 096 188 121
0021 248 008 273 046
0022 248 008 273 047 142 095 184 126
0023 247 007 273 046 131 111 175 145
0024 247 007 273 046 108 139 145 168
0025 248 008 274 047 075 150 098 191
0026 252 006 278 050 045 162 080 199
0027 253 009 280 044 040 159 073 194
0028 253 007 280 051 043 158 069 191
0029 249 008 277 047 044 157 070 192
0030 250 010 277 050 043 155 077 196
0031 252 006 279 053 050 160 078 197
0032 247 010 275 055 047 160 080 201
0033 243 020 270 063 060 165 084 204
0034 066 171 087 208 238 044 265 083
0035 071 175 093 211 224 071 258 106
0036 207 111 242 159 089 181 110 217
0037 093 184 113 222 206 130 233 174
0038 100 186 122 223
0039 108 189 127 222 193 189 215 225
0040 111 191 130 227 193 192 213 225
0041 191 195 212 228 111 192 130 228
0042 192 198 213 229 111 194 129 226
