0000 188 222 209 239
0001 190 221 210 239
0002 195 218 218 239
0003 218 211 242 239
0004 242 167 278 192 089 218 112 239
0005 249 106 286 130 087 220 111 239
0006 235 054 261 092 090 214 116 239
0007 095 214 127 239 227 041 251 080
0008 215 032 239 069 096 207 130 239
0009 099 203 130 238 208 027 236 068
0010 206 024 233 063 103 185 142 224
0011 209 024 233 064 104 173 136 205
0012 206 025 232 064 098 173 132 212
0013 206 024 229 057 093 191 122 235
0014 208 023 231 062 107 160 147 183
0015 204 023 229 061 139 092 177 124
0016 203 021 232 060 142 094 182 126
0017 198 021 231 064 140 096 178 125
0018 203 022 228 059 139 095 177 124
0019 202 023 229 061 139 095 178 126
0020 195 020 228 062 139 095 178 126
0021 195 020 226 064 139 096 176 127
0022 200 023 226 065 140 092 181 122
0023 194 022 228 064 112 076 138 111
0024 200 025 232 065 013 164 045 192
0025 201 027 228 065 018 208 056 239
0026 198 027 230 066 029 211 064 239
0027 201 026 236 068 025 209 068 239
0028 202 023 230 062 023 211 064 239
0029 203 027 230 063 026 209 064 239
0030 203 022 237 063 019 211 062 239
0031 202 019 231 061 023 212 062 239
0032 204 023 236 063 020 211 065 239
0033 028 215 062 239 209 026 236 071
0034 215 037 241 076 035 217 066 239
0035 225 061 257 103 048 216 075 239
0036 227 133 263 158 064 221 085 239
0037 215 179 254 215 075 220 097 239
0038 203 207 230 239 080 216 105 239
0039 087 217 110 239 190 224 212 239
0040 086 221 106 239 186 222 214 239
0041 189 220 210 239 089 217 110 239
0042 184 222 214 239 086 217 111 239
