0003 072 218 095 239 166 218 190 239
0004 071 201 100 237 149 222 183 239
0005 121 193 171 233 083 164 119 195
0006 106 156 160 187 093 110 132 154
0007 099 094 145 131 101 127 157 163
0008 118 084 153 120 101 108 152 150
0009 114 082 156 117 100 094 150 146
0010 098 087 152 140 123 091 156 117
0011 100 087 153 139
0012 099 085 153 138 095 097 122 131
0013 100 082 150 134 121 092 152 112 096 097 123 131
0014 095 085 154 132
0015 099 084 150 134
0016 097 083 151 133 122 086 153 111
0017 096 086 153 135
0018 104 089 156 140
0019 096 086 152 134
0020 117 084 158 120 090 088 129 132
0021 118 085 157 120 091 090 129 130
0022 096 087 154 133
0023 097 087 155 132 121 091 153 115
0024 098 084 151 132 120 089 153 113
0025 100 086 151 137 122 092 153 115
0026 094 088 146 136 119 086 158 118
0027 112 093 151 130 089 111 149 155
0028 106 097 149 142 089 135 153 170
0029 105 172 157 210 091 138 136 174
0030 127 207 168 239 087 177 124 212
0031 077 208 101 239 161 218 186 239
0032 165 217 189 239 074 224 096 239
0034 169 224 193 239
0035 168 220 196 239
