0000 079 213 099 239 140 213 168 239
0001 080 218 099 239 143 216 168 239
0002 080 218 098 239
0003 131 214 167 239 081 218 099 239
0004 127 199 166 234 080 220 100 239
0005 125 186 161 220 082 220 102 239
0006 079 211 101 236 123 153 161 184
0007 079 217 098 239 126 117 152 151
0008 125 094 158 135 079 214 101 239
0009 125 079 159 121 078 214 100 239
0010 117 069 158 115 080 216 100 239
0011 118 068 156 109 075 212 097 236
0012 117 063 156 110 074 213 096 239
0013 117 066 158 107 077 219 094 239
0014 115 067 157 107 074 211 096 237
0015 116 067 157 106 078 219 094 239
0016 117 067 158 106
0017 118 060 158 106 080 216 099 239
0018 121 072 160 115 076 216 094 239
0019 129 084 159 126 074 213 096 237
0020 080 214 101 239 123 110 160 151
0021 080 213 102 239 130 152 166 182
0022 135 207 167 239 080 214 100 239
0023 138 214 167 239 078 217 099 239
0024 141 215 172 239
0025 080 220 098 239 139 214 166 238
0026 140 212 166 239 079 216 100 239
0027 077 212 101 239 141 212 166 239
0028 138 213 172 239 080 216 102 239
0029 079 213 101 239 142 212 166 239
0030 142 218 170 239 073 209 105 239
0031 138 215 167 239 082 218 101 239
