0000 096 202 124 239 202 212 229 239
0001 095 203 125 239 202 212 229 239
0002 097 205 121 235 200 215 224 239
0003 094 204 123 238 197 209 229 239
0004 095 206 121 239 198 209 230 239
0005 096 205 119 236 200 213 225 239
0006 096 205 121 239 204 214 228 239
0007 200 212 230 239 095 205 121 239
0008 197 203 235 238 093 204 122 239
0009 093 203 124 239 201 187 242 227
0010 099 205 122 238 205 153 240 186
0011 093 204 122 239 208 129 243 168
0012 093 203 123 239 205 092 247 134
0013 093 203 123 238 203 080 246 122
0014 094 205 124 239 198 062 242 102
0015 196 048 238 088 096 206 121 238
0016 095 203 122 239 197 044 236 085
0017 098 202 122 235 199 042 232 084
0018 094 202 124 239 196 039 234 080
0019 094 205 123 239 195 037 234 082
0020 095 204 122 239 195 037 233 079
0021 094 204 122 239 190 037 233 079
0022 093 203 123 238 198 041 231 083
0023 094 203 124 239 191 037 234 080
0024 094 203 123 239 199 042 231 081
0025 094 203 122 239 191 038 233 081
0026 092 204 123 239 199 043 231 081
0027 093 202 123 239 198 041 232 083
0028 098 203 121 236 196 038 233 078
0029 094 203 123 239 193 042 232 085
0030 092 202 123 238 198 038 231 078
0031 095 202 122 239 198 040 232 083
0032 095 202 122 239 198 041 232 083
0033 096 203 125 239 190 037 233 078
0034 098 202 122 235 198 039 231 083
0035 099 204 122 237 195 037 233 079
0036 095 200 122 239 192 041 232 079
0037 095 202 121 239 192 042 233 085
0038 095 201 122 239 191 040 232 080
0039 098 202 121 235 192 042 232 085
0040 095 203 121 239 192 042 232 085
0041 095 204 120 239 191 041 232 082
0042 094 200 123 239 199 045 231 085
0043 094 206 122 239 192 060 234 101
0044 094 205 122 239 198 080 231 127
0045 098 208 125 239 197 140 231 178
0046 096 207 121 236 204 191 239 229
0047 101 204 125 237 207 220 244 239
0048 097 205 124 239 210 216 242 239
0049 097 202 124 239 209 209 238 239
0050 096 201 124 239 207 211 232 239
0051 097 200 124 239 207 214 233 239
0052 097 202 125 239 204 213 236 239
0053 200 214 230 239 097 210 123 239
0054 200 212 231 239 101 208 126 238
0055 205 208 231 239 099 206 126 237
0056 205 209 232 239 098 207 123 239
0057 201 210 234 239 100 206 126 239
0058 203 208 233 239 101 207 126 238
