0008 143 197 223 235
0009 181 161 230 217 108 195 162 239 144 175 214 232
0010 181 133 231 186 148 129 186 196
0011 172 101 232 155
0012 166 091 225 146
0013 159 078 218 136 118 074 169 129
0014 155 076 215 138 126 047 170 129
0015 160 079 211 137 121 070 166 132
0016 154 079 212 140 122 066 166 130
0017 158 078 209 132 116 067 165 126
0018 159 078 209 132 113 066 163 123
0019 150 076 212 138 115 066 189 117
0020 153 078 211 136 115 069 186 121
0021 154 069 205 145 110 065 161 116
0022 156 069 205 144 120 066 164 120
0023 154 079 210 137 118 065 187 118
0024 155 079 210 138 120 065 164 116
0025 155 078 210 137 118 070 183 116
0026 153 080 211 137 119 070 190 117
0027 157 068 201 150 117 071 165 129
0028 159 082 210 142 128 066 172 130
0029 158 083 209 141 122 086 170 147
0030 150 104 205 146 169 191 207 239
0031 149 137 199 201
