0021 174 196 216 234
0022 173 188 224 236
0023 178 183 227 236
0024 174 175 225 234
0025 175 175 219 236
0026 173 175 220 237
0027 169 181 214 237
0028 162 179 210 238
0029 162 172 207 237
0030 156 169 205 235
0031 148 148 199 237
0032 147 150 202 224
0033 132 142 189 208 160 196 205 239
0034 130 135 188 206 160 176 211 237
0035 118 127 184 191 168 154 207 217
0036 122 096 184 184 177 128 217 168 117 197 171 239
0037 126 094 179 165 181 117 223 164
0038 127 071 173 155 179 109 228 178
0039 130 067 180 145 187 097 231 161
0040 186 104 231 170 117 081 179 143
0041 192 106 237 172 129 074 179 151
0042 200 108 238 169 132 069 185 151
0043 143 071 190 149 196 109 245 176
0044 135 077 194 143 192 111 246 172
0045 138 072 193 140 194 111 246 171
0046 136 075 188 132 199 107 248 165
0047 140 072 192 129 193 112 247 173
0048 188 117 243 180 138 066 198 144
0049 134 081 190 132 199 116 249 172
0050 192 125 236 188 142 078 196 137
0051 148 077 200 136 197 122 244 168
0052 178 127 250 188 141 078 198 133
0053 139 084 197 139 188 131 247 188
0054 191 127 237 190 151 077 199 139
0055 192 127 237 189 144 079 197 135
0056 197 128 245 177 169 094 212 172
0057 144 085 200 138 197 128 245 177 164 096 209 181
0058 197 128 245 177 144 090 201 137
0059 141 087 199 137 198 128 246 178
0060 153 091 198 148 191 129 241 185
0061 141 088 197 138 193 137 238 199 129 188 192 239
0062 153 098 211 188
0063 159 147 203 213
