0004 150 210 195 239
0005 167 169 209 220 112 204 154 239
0006 164 149 214 212 114 194 162 239
0007 188 160 236 225 172 119 219 173
0008 167 132 237 189
0009 168 113 235 172 179 091 224 141
0010 179 100 236 164 185 075 224 120
0011 167 077 235 158 182 068 225 113
0012 175 095 239 160 180 064 223 113
0013 174 093 237 159 183 069 226 114
0014 171 073 229 130
0015 179 084 232 158
0016 171 084 220 163 187 073 232 122
0017 185 080 235 131
0018 188 079 236 130
0019 189 082 235 133
0020 194 086 237 130 137 077 186 129
0021 193 086 237 133 135 075 195 132
0022 193 086 237 132 143 079 187 133
0023 184 088 238 143 146 077 192 139
0024 184 087 239 143 135 079 203 139
0025 190 086 237 135
0026 186 088 237 143 136 076 195 135
0027 187 090 236 144 140 076 195 147
0028 192 087 237 134 138 078 200 134
0029 192 087 237 131
0030 191 087 235 131
0031 186 089 233 139
0032 185 093 222 137 161 101 232 184 181 165 228 236 131 147 186 220
0033 165 115 213 164 115 174 169 237 188 190 227 233
