0003 010 193 050 239
0004 015 189 058 239
0005 020 180 067 239
0006 021 183 067 239
0007 025 181 068 239
0008 020 182 064 239
0009 015 182 059 238
0010 015 178 062 237
0011 026 184 074 239
0012 029 177 077 239
0013 025 176 078 236
0014 038 168 086 239
0015 045 160 093 234 165 218 207 239
0016 050 160 106 229 168 201 213 239
0017 163 180 216 239 050 161 102 228
0018 162 153 217 224 057 142 113 218
0019 158 131 211 204 057 139 110 204
0020 149 107 206 197 063 135 116 205
0021 146 089 203 185 071 126 128 207
0022 137 086 183 180
0023 124 081 178 167 083 127 134 198
0024 117 089 173 158 080 123 149 196
0025 113 076 161 151 084 124 136 188
0026 117 080 159 149 086 128 147 184
0027 114 078 154 140
0028 096 076 148 126
0029 100 079 142 132 100 133 172 187
0030 095 081 146 132
0031 091 074 142 126
0032 088 078 145 138
0033 109 119 174 185 084 076 133 133
0034 083 074 136 142 113 116 175 181
0035 079 076 133 148 117 121 172 184
0036 121 116 174 187 085 083 136 152
0037 079 084 132 149 121 118 180 183
0038 083 083 130 156 114 117 167 186
0039 080 080 130 155 120 117 182 189
0040 084 082 134 150 120 117 177 185
0041 120 114 190 189 079 083 132 148
0042 080 080 131 142 119 119 180 184
0043 079 084 131 149 118 121 175 187
0044 076 081 132 157 119 120 174 187
0045 078 074 130 153 121 124 189 183
0046 086 070 135 157 128 121 183 183
0047 089 073 140 155 123 121 167 186
0048 090 076 144 154 121 113 181 184
0049 091 077 143 155 122 120 172 182
0050 089 075 144 154 127 122 177 178
0051 090 075 138 155
0052 094 078 142 158 129 116 190 184
0053 092 081 138 162 112 116 184 190
0054 089 078 144 153 118 119 177 183
0055 088 084 144 160 121 122 181 184
0056 094 079 144 165
0057 090 081 138 166 126 124 174 188
0058 089 082 137 161
0059 091 081 142 167 127 121 173 186
0060 087 087 143 158
0061 091 079 140 165 122 120 180 183
0062 089 081 144 163 111 093 175 192
0063 091 084 144 154 119 120 182 183
0064 093 074 141 157
0065 091 079 143 152
0066 092 077 144 159 112 109 179 184
0067 092 078 143 160 127 123 177 178
0068 092 076 139 155 126 119 178 181
0069 095 074 142 158 112 110 182 185
0070 094 082 146 155
0071 094 075 144 158 129 114 189 186
0072 094 080 149 153 124 120 196 182
0073 099 078 153 157
0074 096 076 147 158
0075 101 079 156 150
0076 102 081 160 150 143 124 201 179
0077 108 077 162 157 150 120 204 178
0078 107 079 159 150
0079 107 080 159 148
0080 109 082 159 149 146 122 209 185
0081 109 078 159 147 121 118 204 190
0082 107 077 155 158 136 123 207 182
0083 103 083 157 155 141 125 189 182
0084 106 084 160 149 139 118 191 182
0085 106 078 152 156
0086 111 072 158 166
0087 104 078 157 149 140 119 207 175
0088 103 071 155 154 147 114 203 181
0089 102 076 153 155 139 121 204 177
0090 103 076 154 146
0091 100 077 158 154 137 118 199 180
0092 098 076 148 152
0093 096 075 147 152
0094 097 081 144 151
0095 098 084 154 149 125 121 191 181
0096 094 077 145 155 126 118 177 184
0097 097 081 147 151 129 123 174 180
0098 128 121 184 182 089 084 144 157
0099 114 117 188 190 093 085 144 151
0100 090 087 139 159 125 123 183 177
0101 091 082 139 165 104 106 174 184
0102 087 080 140 161 114 120 171 180
0103 089 081 138 165 115 119 172 180
0104 090 080 140 164 123 120 171 182
0105 106 107 180 183 088 085 145 161
0106 088 089 143 159 138 119 186 179
0107 124 122 181 179 091 084 140 152
0108 091 083 143 157 109 109 183 189
0109 090 083 142 166 125 121 177 182
0110 090 081 144 159 124 120 182 182
0111 094 081 148 168 119 120 185 181
0112 090 081 144 164 119 120 186 180
0113 090 079 144 166 128 122 181 181
0114 089 081 145 161 127 120 182 181
0115 093 078 148 167 116 122 188 181
0116 093 081 144 163 108 101 174 190
0117 092 087 148 156 115 101 180 187
0118 091 083 146 164 120 108 186 184
0119 091 083 144 161 112 109 180 187
0120 092 082 146 164 127 120 183 182
0121 095 078 144 163 122 106 184 190
0122 095 079 146 163 111 097 179 187
0123 091 084 144 160 117 112 191 184
0124 089 079 143 163 113 113 188 187
0125 089 084 147 155 106 100 181 185
0126 089 084 143 159 129 123 188 184
0127 090 086 151 159 133 122 184 183
0128 088 084 146 156 126 112 185 187
0129 091 086 145 162
0130 090 082 148 167
0131 092 088 144 163 113 104 179 185
0132 090 087 149 156
0133 087 086 148 158 130 119 181 181
0134 133 123 176 185 088 086 145 156
0135 130 120 179 186 092 088 145 166
0136 092 090 146 152 115 103 180 192
0137 092 086 153 155 127 113 186 189
0138 089 086 145 154 119 104 184 190
0139 093 082 150 160 132 117 185 188
0140 092 087 146 163 125 112 184 188
0141 092 087 145 161 132 123 186 180
0142 094 090 149 152
0143 092 088 151 155 127 113 187 187
0144 093 088 150 157 130 121 179 185
0145 089 081 143 161 130 118 181 179
0146 093 090 151 161
0147 134 111 178 185 094 079 146 160
0148 137 120 178 185 096 085 146 162
0149 096 084 145 159 117 096 181 192
0150 095 083 148 153 124 109 183 194
0151 094 086 146 159
0152 099 089 149 155 125 118 183 194
0153 098 083 141 135 120 112 184 188
0154 094 087 138 160 120 129 172 194
0155 092 095 145 171 106 128 172 213
0156 098 160 161 232 094 107 145 171
0157 069 199 125 239 099 136 145 194
0158 113 187 167 238 033 213 076 239
0159 121 218 161 239 026 219 086 239
0161 026 215 084 239
0163 039 218 082 239
0164 037 217 081 239
0165 042 222 081 239
0166 044 221 082 239
