0000 109 188 131 221 184 210 205 239
0001 114 187 136 224 184 211 206 239
0002 109 184 129 217 184 211 206 239
0003 110 185 131 219 184 208 205 239 195 194 217 229
0004 110 185 132 220 184 210 205 239 197 191 220 224
0005 110 184 131 219 184 209 205 239 200 192 221 227
0006 110 185 131 219 200 195 221 228
0007 109 185 131 219 197 193 218 226
0008 104 184 126 222 202 189 225 230
0009 093 181 114 219 211 187 244 230
0010 084 180 106 215 223 182 254 225
0011 229 181 255 224 077 179 101 217
0012 080 183 103 224 226 178 252 223
0013 098 186 123 227 210 183 243 230
0014 180 192 209 235 119 197 146 235
0015 143 184 184 233
0016 155 182 193 222
0017 163 184 198 219 121 168 160 213
0018 164 186 191 218 131 173 162 215
0019 160 184 194 217 130 172 168 216
0020 160 180 196 218 131 172 160 215
0021 164 182 197 215 130 168 163 214
0022 164 182 199 218 131 170 163 215
0023 160 179 194 215 132 173 160 216
0024 158 178 194 215 132 172 161 217
0025 163 180 198 216 131 170 166 218
0026 160 179 194 215 131 169 167 216
0027 164 180 197 216 131 170 162 216
0028 164 173 192 211 131 166 164 215
0029 159 183 195 216 131 165 163 212
0030 158 179 196 215 130 164 166 212
0031 161 178 198 215 130 164 166 211
0032 162 176 198 213 131 162 166 205
0033 159 177 191 212 129 158 171 206
0034 133 156 177 201
0035 142 170 171 212
0036 162 164 192 202 130 177 156 223
0037 115 184 149 221 177 168 204 208
0038 112 185 135 220 188 177 214 219
0039 108 188 132 222 185 188 221 230
0040 107 193 127 217 196 194 218 230
0041 110 188 130 220 188 218 209 239
0042 109 189 131 221 199 194 220 229
0043 108 188 128 222 197 196 220 233
0044 107 192 129 223 198 194 218 228
0045 109 190 130 222 198 196 219 231
0046 107 190 127 223 198 195 220 230
0047 107 191 129 223 198 195 219 230
