0000 079 182 099 214 201 178 223 216
0001 208 177 234 215 070 178 091 211
0002 061 175 084 206 215 170 241 206
0003 035 164 067 194 227 154 264 190
0004 021 149 046 177 251 136 285 158
0005 267 110 294 133 006 128 034 155 241 158 299 206
0006 264 094 308 120 008 122 026 145 241 158 299 205
0007 262 093 308 120 004 119 028 148 241 157 298 205
0008 010 135 046 171 241 109 288 131 241 158 298 205
0009 041 163 078 206 199 126 236 165 168 092 217 142 241 154 294 203
0010 059 178 096 222 172 146 210 186 241 157 297 206
0011 095 190 131 230 139 161 174 208 241 154 295 203
0012 115 176 151 221 241 158 297 206
0013 104 177 141 220 147 091 184 151 242 158 297 205 137 191 164 227
0014 108 182 138 220
0015 114 178 138 214
0016 118 181 145 216 216 162 242 193
0017 114 186 140 217 215 158 237 189
0018 114 179 141 217 150 183 183 214
0019 119 180 144 214
0020 120 180 145 214 215 158 237 189
0021 144 180 179 215 118 177 144 215 215 158 237 189
0022 115 170 152 213 149 179 183 213 215 158 237 189
0023 118 175 145 210 149 187 178 212 215 158 237 189
0024 148 180 182 214 115 175 141 210 215 158 237 189
0025 114 175 140 210 217 159 242 188
0026 242 156 303 202
0027 118 179 143 211 150 181 182 213
0028 111 178 140 214
0029 111 177 141 213 143 181 171 212 241 156 301 202
0030 118 171 158 211
0031 134 169 175 216
0032 098 192 121 222 171 173 197 216
