0000 273 095 309 118
0001 014 161 038 194 252 129 289 155
0002 036 185 071 224 231 163 275 204
0003 065 199 099 239 202 188 233 234
0004 161 199 201 239 089 209 122 239
0005 133 202 174 239 112 209 137 235
0006 122 201 162 239
0007 114 195 150 235
0008 114 195 147 234
0009 112 191 150 229
0010 118 188 156 228
0011 114 193 150 232
0013 146 193 175 229
0014 146 190 175 228
0015 120 194 147 229 145 190 179 229
0016 115 192 151 228 149 193 184 231
0018 115 191 151 228 148 190 180 228
0019 147 195 181 230 123 194 150 228 243 161 296 203
0020 149 193 184 228 123 193 151 227
0021 146 192 183 229 116 188 151 226
0022 150 192 183 228 119 191 156 228
0023 238 154 298 203
0024 117 188 157 220 239 157 301 204
0025 131 177 168 217
0026 152 182 179 221 102 191 128 225 238 157 300 205
0027 093 187 113 223 175 184 202 225 237 154 295 201
0028 075 187 104 225 198 178 220 217 237 153 296 201
0029 058 187 090 221 215 175 246 212
0030 048 183 089 220 223 169 258 204
0031 040 180 082 216 229 162 266 195
0032 043 181 077 215 228 157 266 192
0033 035 174 074 209 230 152 271 187
