0003 167 198 226 235
0004 162 159 219 207
0005 148 138 201 184 177 143 222 208
0006 149 142 206 184
0007 139 157 205 197
0008 129 178 195 219
0009 115 191 191 239
0010 109 202 180 238
0011 079 207 179 239
0012 063 207 139 239
0013 049 178 113 233 115 189 161 234
0014 041 164 109 221 096 186 167 231
0015 043 157 111 215 096 180 165 228
0016 051 161 116 222 111 188 164 233
0017 065 176 130 233 121 190 171 233
0018 080 189 147 239
0019 099 207 179 238
0020 108 209 191 239
0021 129 202 201 238
0022 140 189 205 231
0023 142 182 209 223
0024 148 171 211 216
0025 142 173 212 220
0026 142 180 205 224
0027 140 191 199 237
0028 135 200 192 239
0029 137 206 204 237
