0011 156 210 216 239
0012 155 199 217 235
0013 150 193 215 232
0014 138 201 209 235
0015 119 204 186 239
0016 103 199 181 239
0017 124 195 173 237 057 211 145 239
0018 036 194 109 239 103 198 161 239
0019 026 169 099 232 082 194 161 238
0020 081 192 158 235 024 166 108 227
0021 035 173 118 233 099 195 162 235
0022 058 197 132 239 125 194 167 235
0023 106 200 177 237
0024 129 196 184 239
0025 142 183 199 238
0026 155 167 201 233 149 218 181 239
0027 158 167 207 226 144 221 172 239
0028 138 182 193 234
0029 109 203 162 239 146 179 194 227
0030 071 208 143 239
0031 041 181 116 236 119 196 175 236
0032 047 180 122 238
0033 061 181 143 238
0034 101 201 161 239
