0013 140 203 184 239
0014 146 178 181 233
0015 149 150 188 212
0016 151 115 194 193
0017 151 091 194 167
0018 154 074 202 165
0019 156 065 199 155
0020 155 057 200 147
0021 156 053 202 142
0022 156 050 203 141
0023 157 043 201 135
0024 160 042 203 137
0025 160 047 207 136
0026 163 047 208 138
0027 161 041 208 134
0028 162 042 208 136
0029 164 042 208 128
0030 163 050 211 139
0031 165 045 211 138
0032 160 044 207 139
0033 161 047 208 138
0034 160 046 209 137
0035 162 042 208 136
0036 163 038 206 129
0037 168 046 207 134
0038 167 037 209 109
0039 163 038 204 121
0040 169 046 208 124
0041 170 038 201 094
0042 170 039 201 095
0043 166 041 207 108
0044 165 044 204 120
0045 168 042 213 137
0046 169 038 201 096
0047 170 037 207 141
0048 169 044 212 139
0049 171 045 208 140
0050 167 048 208 140
0051 164 048 211 143
0052 168 038 210 109
0053 166 042 215 135
0054 166 048 214 143
0055 165 063 207 125
0056 158 109 205 172
0057 149 165 188 211
0058 145 197 190 239
0059 152 209 190 239
