0007 134 185 172 234
0008 146 126 185 206
0009 148 085 195 173
0010 152 060 199 148
0011 157 046 202 142
0012 156 032 205 128
0013 156 024 209 118
0014 161 027 206 122
0015 158 032 208 124
0016 158 031 208 127
0017 157 031 207 125
0018 160 027 209 126
0019 160 032 209 126
0020 160 032 209 126
0021 157 024 207 132
0022 156 032 205 126
0023 155 032 204 128
0024 154 040 197 128
0025 139 069 184 143
0026 128 089 163 153
0027 125 107 161 170
0028 121 133 153 188
0029 106 189 141 229
0030 102 215 158 239
