0000 041 160 102 204 166 168 205 210
0001 164 165 204 205 047 161 102 204
0002 168 168 206 212 046 160 102 206
0003 169 164 207 210 045 161 104 204
0004 160 157 204 202 042 160 103 202
0005 046 158 100 204 166 139 205 181
0006 170 095 217 162 044 157 103 201
0007 173 071 222 149 045 162 100 204
0008 177 049 226 137 045 157 101 201
0009 182 036 229 126 043 161 105 204
0010 184 033 234 118 038 163 106 205
0011 183 025 233 109 046 159 100 203
0012 185 018 235 105 043 162 103 201
0013 188 018 234 107 048 162 101 206
0014 186 017 237 099 045 158 101 202
0015 181 010 234 099 045 159 101 203
0016 183 012 232 101 042 159 105 201
0017 181 014 231 094 044 158 103 204
0018 187 017 236 100 041 159 104 202
0019 183 016 237 093 043 159 105 203
0020 184 010 236 097 043 158 101 201
0021 188 014 234 100 044 158 101 201
0022 182 017 237 096 044 159 102 203
0023 184 016 236 099 044 157 101 201
0024 186 017 234 102 041 156 102 202
0025 183 025 232 106 041 158 101 201
0026 044 157 101 201 183 057 229 124
0027 176 079 223 145 045 160 107 199
0028 175 110 220 157 046 159 102 202
0029 172 138 210 176 042 159 101 205
0030 041 159 102 202 169 154 204 196
0031 169 167 210 209 039 162 105 202
0032 171 168 204 204 044 163 105 203
0033 173 167 210 206 046 162 100 204
0034 041 158 101 203 166 164 217 208
0035 172 169 205 206 045 156 104 200
0036 168 168 211 211 043 159 103 202
0037 168 165 207 210 042 161 102 204
0038 168 167 212 207 047 163 106 204
