0000 123 207 160 239
0001 126 206 162 237
0002 130 199 160 239
0003 135 190 170 237
0004 139 172 185 228
0005 154 156 199 199 123 159 151 184
0006 168 135 219 183
0007 178 116 230 157
0008 179 105 233 143
0009 180 102 239 139
0010 186 095 243 135
0011 190 092 252 131
0012 192 091 256 129
0013 192 091 258 131
0014 196 096 254 130
0015 195 089 258 127
0016 195 090 260 127
0017 195 089 260 128
0018 196 090 260 128
0019 195 090 259 128
0020 195 090 260 129
0021 195 090 260 129
0022 200 087 256 129
0023 200 087 256 129
0024 194 089 253 133
0025 194 088 253 131
0026 201 089 256 127
0027 195 080 251 118
0028 182 082 238 125
0029 176 097 229 139
0030 165 116 214 158
0031 152 144 197 184
0032 142 153 187 196
0033 135 159 179 208
0034 132 177 171 229
0035 130 186 161 237
0036 123 201 164 239
0037 125 205 158 239
0038 121 206 161 239
0039 125 204 159 239
0040 127 208 159 239
