0012 173 202 216 238
0013 180 169 224 232
0014 181 152 219 225
0015 173 125 218 208
0016 148 111 212 177
0017 118 107 194 159
0018 117 097 165 158
0019 112 102 160 164
0020 122 108 167 177
0021 135 116 179 200
0022 152 114 200 195
0023 165 111 205 208
0024 160 112 197 209
0025 150 112 194 200
0026 139 109 183 197
0027 126 106 175 186
0028 123 109 169 174
0029 130 116 178 189
0030 143 117 188 198
0031 162 117 198 203
0032 157 116 199 206
0033 144 114 188 204
0034 134 110 173 192
0035 139 120 183 191
0036 143 125 185 207
0037 159 115 200 199
0038 150 113 192 198
0039 138 109 181 190
0040 141 103 187 200
0041 146 117 185 200
0042 137 117 181 203
0043 131 121 181 196
0044 135 144 183 198
0045 140 164 192 214 180 129 214 179
0046 147 199 188 239
