0000 172 171 204 232 085 138 118 170
0001 169 173 212 231 088 137 117 170
0002 174 185 207 232 087 137 117 171
0003 174 167 216 223
0004 166 150 213 228
0005 157 153 203 221
0006 147 152 192 232 082 137 123 170
0007 134 162 185 226 077 136 122 169 172 140 207 185
0008 133 165 184 228 170 144 218 186 077 135 122 169
0009 136 177 183 238 175 146 220 190 077 135 123 170
0010 151 179 199 233 080 137 124 173 182 149 219 198
0011 164 183 210 236 076 137 122 171
0012 184 184 225 238 084 135 120 170
0013 191 180 226 234 080 137 122 173
0014 192 177 225 238 166 133 205 159
0015 183 166 224 239 165 133 204 162
0016 168 166 210 238 083 135 120 172
0017 137 170 185 235 081 136 119 171
0018 124 170 174 233 169 151 203 195 078 137 121 172
0019 157 152 211 200 122 174 165 233 084 138 117 170
0020 169 152 220 198 128 180 177 234 079 135 121 171
0021 152 179 197 239 171 149 220 199 081 138 118 172
0022 168 178 212 239 079 135 122 171
0023 177 181 215 233 081 138 119 171
0024 184 187 227 238 079 138 121 171
0025 183 204 211 239 081 135 122 174
0026 086 134 118 171 180 190 221 239
0027 189 204 220 237 088 135 118 173
0029 089 137 118 171
0032 088 139 119 173
0033 090 139 120 172
0034 091 137 120 173
