0000 168 203 191 237 080 208 099 239
0001 169 203 191 236 083 203 101 237
0002 168 203 191 237 080 209 099 239
0003 169 204 191 237 080 210 099 239
0004 168 204 191 237 086 209 104 238
0005 170 204 191 237 079 210 099 239
0006 168 208 187 236 079 210 100 239
0007 168 207 187 236 080 207 100 239
0008 170 203 192 238 080 209 100 239
0009 168 202 192 236 080 207 100 235
0010 169 195 195 229 079 210 100 239
0011 079 211 100 239 174 182 198 217
0012 176 163 204 210 079 208 098 235
0013 188 157 216 198 080 209 100 239
0014 081 209 100 238 197 151 228 193
0015 207 156 245 191 081 208 101 238
0016 079 210 100 239 201 154 229 204
0017 081 211 100 239 191 150 215 194
0018 178 148 206 199 075 212 099 237
0019 181 150 209 200 080 208 101 239
0020 081 207 100 239 192 157 218 204
0021 081 207 101 239 201 171 225 213 176 139 212 175
0022 192 173 214 216 080 207 100 239
0023 081 210 101 239 180 172 203 205
0024 180 161 205 210 080 208 100 239
0025 196 169 223 215 080 209 100 239
0026 080 208 100 239 189 168 225 218
0027 082 207 100 239 183 162 209 209 184 142 208 181
0028 081 209 098 238 177 143 202 201
0029 080 210 098 239 175 151 203 206
0030 192 166 217 214 081 208 100 239 177 136 214 176
0031 196 169 222 219 081 208 100 239
0032 179 156 206 212 082 209 102 239
0033 176 151 202 203 083 210 102 239
0034 081 207 102 239 185 162 209 207
0035 193 171 215 215 081 208 100 239
0036 080 208 098 239 192 172 214 220
0037 080 209 098 239 185 177 209 217
0038 080 209 101 239 178 173 203 216
0039 177 179 201 219 081 209 101 239
0040 182 181 207 222 081 209 102 239
0041 185 188 208 231 079 207 100 239
0042 184 192 206 232 081 207 102 239
0043 182 197 204 235 081 208 102 239
0044 178 201 199 236 081 208 102 239
0045 172 209 193 239 078 208 098 236
0046 081 209 101 239 171 207 189 238
0047 080 208 101 238 168 209 187 238
0048 080 207 101 239 167 209 188 238
0049 081 207 100 239 167 208 188 238
