0000 059 208 098 235
0001 065 210 099 236
0002 058 203 096 239
0003 056 203 097 236
0004 053 203 092 234
0005 054 205 088 239
0006 058 198 101 237
0007 064 186 105 239
0008 070 184 111 236
0009 081 183 123 230 049 178 090 211
0010 084 183 130 227 055 180 084 205
0011 090 179 133 223 055 176 096 212
0012 157 184 202 236 102 177 142 218
0013 062 171 104 209 106 174 144 215 153 146 198 196
0014 139 133 204 173 106 164 150 206 062 167 110 206
0015 155 129 214 177 109 157 149 201
0016 153 123 221 168 105 153 148 196
0017 106 154 157 196 156 122 215 167 064 162 106 205
0018 159 119 220 170 112 154 159 194 065 164 114 205
0019 155 107 220 156 115 154 161 196
0020 119 151 157 198 168 107 220 159
0021 155 093 223 138 121 150 163 195 067 163 119 204
0022 174 083 224 136 120 151 157 194 066 163 119 204
0023 162 084 226 129 124 153 159 191 067 162 117 205
0024 121 149 167 194 179 085 225 145
0025 122 149 168 193 168 075 235 120
0026 189 070 233 132 122 150 170 192
0027 123 148 170 194 177 067 236 111
0028 124 149 170 195 181 063 236 112
0029 181 060 235 107 124 147 169 187
0030 176 064 229 108 128 148 168 189
0031 175 064 229 109 123 146 170 193
0032 174 065 229 110 122 146 170 192
0033 174 066 227 113 121 146 168 193
0034 176 069 227 114 120 147 170 191
0035 176 078 231 122 121 148 169 192
0036 176 090 232 141 113 150 160 194
0037 174 112 229 165 105 149 151 197 062 164 110 205
0038 080 166 137 222 174 144 229 201
0039 171 173 227 225 047 176 086 211 061 191 106 236
0040 170 192 223 238 049 215 089 238
0042 039 195 073 233
