0002 050 224 093 239
0003 065 211 104 238 138 214 177 239
0004 118 180 170 231 069 189 109 234
0005 115 158 168 201 080 173 118 221
0006 112 144 169 187 076 161 118 209
0007 074 158 120 209 112 137 170 179
0008 077 159 121 208 110 133 169 177
0009 078 159 123 207 109 137 164 179
0010 074 159 124 208 109 135 165 179
0011 074 158 123 208 109 134 166 176
0012 109 133 165 175 075 158 117 207
0013 074 158 121 208 111 131 165 174
0014 113 119 169 163 077 157 118 207
0015 077 155 116 205 117 114 172 160
0016 076 153 114 206 106 109 171 146
0017 118 104 170 146 076 152 113 205
0018 076 152 114 206 107 105 169 143
0019 076 152 113 206 115 104 170 149
0020 123 097 172 145 075 152 114 207
0021 102 090 173 132 074 155 116 207
0022 125 086 170 136 073 155 117 207
0023 106 081 169 126 074 155 115 207
0024 130 075 164 129 076 155 115 206
0025 117 070 167 116 075 154 113 208
0026 131 062 167 108 072 157 118 207
0027 072 155 115 207 116 059 166 110
0028 129 054 162 100 070 153 112 207
0029 073 153 115 204 120 055 168 105
0030 072 155 114 206 125 046 172 088
0031 122 049 169 100 071 155 114 207
0032 073 156 115 210 137 036 175 077
0033 120 037 176 088 071 157 115 207
0034 148 028 177 073 072 156 114 207
0035 128 031 172 082 072 158 110 214
0036 073 159 110 213 148 024 177 078
0037 134 021 179 066 074 163 115 211
0038 149 016 184 065 070 161 111 212
0039 064 173 105 223 167 013 198 055
0040 172 046 208 100 060 187 095 235
0041 048 205 091 238 176 091 214 163
0042 171 145 212 215 047 219 091 239
0043 158 184 204 238 052 223 087 239
0044 152 208 186 239
