0000 120 192 140 230 193 187 216 223
0001 195 191 216 228 120 192 140 229
0002 120 193 142 231 196 189 216 223
0003 117 192 139 229 194 189 215 223
0004 116 196 138 227 196 192 216 227
0005 117 194 139 230 194 194 216 227
0006 194 193 214 224 118 196 139 225
0007 115 192 136 229 202 190 223 229
0008 113 192 140 229 220 175 246 213
0009 117 192 137 226 221 136 263 159
0010 116 191 137 224 224 092 260 131
0011 201 050 238 096 116 194 136 223
0012 117 194 138 224 191 046 219 085
0013 191 046 228 088 117 194 138 225
0014 193 046 229 084 118 194 137 228
0015 198 046 235 088 116 192 140 227
0016 205 056 240 097 117 195 137 227
0017 117 194 140 229 213 068 249 114
0018 118 196 136 224 220 128 257 157
0019 119 198 140 228 207 161 240 213
0020 118 196 138 229 201 189 222 230
