0002 073 149 100 196
0003 074 149 105 197
0004 073 152 101 197 156 179 177 215
0005 075 156 104 199
0007 157 174 178 212 074 160 101 196
0008 078 157 108 201
0010 078 153 109 195 157 175 177 212
0011 151 172 185 216
0012 152 168 186 212 080 158 106 202
0013 150 173 185 219
0014 150 178 183 221
0015 157 183 180 221
0016 152 171 187 219
0017 157 165 185 208
0018 153 126 189 159
0019 151 098 189 131 071 168 092 209
0020 150 050 188 094 068 163 092 204
0021 145 026 177 063 069 166 095 204
0022 134 012 174 054 067 167 090 202
0023 131 010 173 048 070 169 093 203
0024 132 008 176 047 069 167 093 204
0025 128 007 171 045 068 168 089 201
0026 124 007 170 047 069 166 091 197
0027 128 011 169 051 071 162 094 202
0028 129 012 171 051 068 161 093 201
0029 130 015 171 054 072 164 095 202
0030 121 013 167 048 070 169 094 203
0031 121 011 165 047 073 163 096 202
0032 131 010 167 050 068 167 090 199
0033 122 011 166 045 073 169 094 201
0034 124 012 170 055
0035 125 018 170 065 074 167 095 203
0036 136 067 177 097 071 163 095 206
0037 149 126 186 162 069 167 092 205
0038 156 160 185 210
0039 154 175 183 216
0040 153 179 175 218
0047 078 157 119 209
0048 075 167 099 201
0049 071 147 107 192
0050 071 137 099 178
0051 069 126 106 164
