0008 126 210 168 239
0009 131 165 169 227
0010 135 128 176 195
0011 138 109 180 174
0012 141 092 178 165
0013 144 085 182 158
0014 150 074 189 148
0015 154 073 193 148
0016 156 068 196 146
0017 154 072 200 145
0018 154 068 194 145
0019 156 072 196 154
0020 151 070 198 149
0021 151 070 198 149
0022 151 071 197 145
0023 156 065 198 147
0024 152 073 201 146
0025 153 074 199 151
0026 152 072 197 153
0027 153 079 199 167
0028 150 101 189 172
0029 147 119 186 191
0030 134 151 178 213
0031 138 189 177 236
