0000 073 133 107 177
0001 066 129 109 181
0002 227 137 290 229
0003 206 082 249 152 208 123 252 196 071 120 112 178
0004 182 053 239 126 068 121 110 179
0005 064 131 108 180 175 043 233 135
0006 163 038 224 131 065 128 106 179
0007 158 037 220 113 072 121 108 179
0008 158 040 216 116 071 122 108 179
0009 157 037 217 118 069 124 109 183
0010 156 034 215 127 070 123 108 180
0011 155 041 210 115 070 124 108 180
0012 161 039 215 120
0013 158 039 218 133
0014 163 042 218 123
0015 166 044 219 133
0016 168 041 220 136
0017 165 042 220 133
0018 164 044 222 130 076 130 108 190
0019 167 050 222 130 064 129 111 185
0020 178 059 225 156
0021 174 108 239 199
0031 075 130 117 183
