0000 129 209 155 239 066 208 090 236
0001 129 209 155 239 066 208 090 236
0002 129 209 155 239 066 208 090 236
0003 127 208 154 239 066 208 091 236
0004 126 208 152 239 066 208 091 236
0005 131 199 155 227 066 209 090 236
0006 131 186 156 218 067 207 090 236
0007 135 175 159 212 067 207 090 236
0008 067 206 091 235 137 161 160 197
0009 138 129 165 184 066 207 091 236
0010 144 109 170 168 066 207 091 236
0011 146 095 175 154 066 207 091 236
0012 146 091 177 150 062 212 087 236
0013 148 089 177 150 062 212 087 236
0014 149 088 178 151 066 208 091 236
0015 150 090 178 152 066 208 091 236
0016 145 089 177 152 066 208 091 236
0017 146 092 177 153 062 211 087 235
0018 147 093 176 153 066 208 091 236
0019 146 092 177 157 066 208 091 236
0020 146 092 177 156 063 212 087 236
0021 148 098 178 154 063 209 092 236
0022 144 103 173 162 061 208 092 235
0023 140 113 171 166 062 208 092 235
0024 142 125 168 176 062 208 092 235
0025 134 148 159 194 062 208 092 235
0026 131 168 156 205 063 208 092 235
0027 127 199 152 225 063 213 090 234
0028 121 211 155 237 063 207 093 235
0029 122 211 155 237 064 208 093 235
0030 121 211 157 237 063 207 093 235
0031 122 211 157 237 063 213 090 234
0032 123 211 158 237 063 207 093 235
0033 122 212 157 236 063 210 091 236
