0013 139 218 173 239
0014 138 198 172 239
0015 135 190 173 238
0016 132 172 173 233
0017 133 162 171 225
0018 131 133 173 212
0019 133 118 171 201
0020 136 111 175 193
0021 129 106 166 183
0022 126 104 169 182
0023 122 100 165 181
0024 121 093 163 177
0025 122 083 166 166
0026 118 086 161 173
0027 118 081 162 162
0028 118 078 161 158
0029 115 074 160 156
0030 117 068 160 156
0031 118 068 159 156
0032 118 067 162 155
0033 116 076 164 155
0034 117 071 164 157
0035 117 076 165 154
0036 118 068 160 151
0037 118 069 160 152
0038 117 075 162 150
0039 117 072 165 155
0040 119 070 163 157
0041 118 074 163 157
0042 116 074 163 157
0043 116 073 162 157
0044 119 075 161 153
0045 123 112 165 181
0046 126 171 173 224
0047 133 216 172 239 173 181 217 224
0048 056 178 090 237
