0029 145 203 170 239
0030 138 156 175 223
0031 129 135 171 205
0032 120 118 166 192
0033 121 111 164 181
0034 113 090 163 159
0035 115 083 167 159
0036 123 071 168 147
0037 123 068 174 145
0038 125 064 175 141
0039 122 063 171 146
0040 121 067 172 144
0041 121 069 168 143
0042 124 067 168 151
0043 126 066 170 151
0044 127 064 172 145
0045 125 071 172 146
0046 125 063 171 147
0047 122 073 171 147
0048 122 073 169 144
0049 121 071 170 148
0050 121 073 170 148
0051 121 072 169 149
0052 122 069 169 148
0053 127 070 178 147
0054 128 071 177 146
0055 126 070 175 149
0056 126 078 175 151
0057 133 105 177 175
0058 121 197 172 239
