0001 135 216 175 239
0002 146 191 185 237
0003 166 151 203 214
0004 173 104 208 172
0005 173 080 205 148
0006 163 065 198 136
0007 157 063 197 128
0008 156 056 194 127
0009 157 054 195 126
0010 157 050 195 123
0011 158 051 194 120
0012 159 054 195 121
0013 158 053 196 122
0014 159 052 195 121
0015 159 052 195 121
0016 158 052 196 121
0017 158 051 196 122
0018 158 051 196 123
0019 158 053 196 121
0020 157 049 196 121
0021 156 056 194 127
0022 155 093 187 165
0023 133 157 182 202
0024 130 201 170 238
0025 135 215 174 239
0026 130 223 168 239
