0000 133 210 167 239
0001 133 210 167 239
0002 132 210 167 239
0003 132 210 167 239
0006 119 210 173 237
0007 139 145 190 215
0008 154 102 196 182
0009 161 075 203 155
0010 163 057 203 142
0011 162 050 205 133
0012 165 042 209 128
0013 166 042 210 126
0014 166 040 210 127
0015 165 040 210 128
0016 165 042 209 125
0017 164 043 208 123
0018 163 043 208 124
0019 163 043 208 123
0020 164 043 208 123
0021 165 042 209 127
0022 158 051 197 130
0023 146 079 182 148
0024 130 106 170 165
0025 114 144 156 196 144 173 190 227
0026 104 174 146 220 137 189 184 233
0027 087 210 137 239
0029 125 203 166 237
0030 134 210 168 238
0031 133 209 168 239
0035 135 211 168 239
