0011 123 216 158 239
0012 124 189 172 239
0013 126 168 170 234
0014 127 133 164 214
0015 129 119 167 196
0016 124 113 166 195
0017 125 105 168 185
0018 123 097 163 178
0019 123 092 161 173
0020 122 088 163 168
0021 122 085 163 170
0022 122 080 161 163
0023 117 086 163 163
0024 123 084 163 170
0025 122 076 167 164
0026 123 078 163 166
0027 122 074 164 165
0028 122 077 164 166
0029 122 077 163 166
0030 123 081 163 166
0031 122 081 163 167
0032 122 080 163 166
0033 122 080 163 167
0034 120 084 164 168
0035 119 085 163 168
0036 122 079 161 166
0037 124 083 161 171
0038 129 118 174 190
0039 133 158 181 214
0040 132 193 184 235
0041 140 218 180 239
