0000 175 163 201 200 100 182 126 216
0001 101 138 129 164
0002 094 097 120 140 176 082 210 122
0003 072 091 102 140 214 072 240 108
0004 037 106 074 151 242 086 281 117
0005 011 131 047 165
0006 006 141 042 174
0007 006 148 043 179 233 117 297 147
0008 004 148 043 181
0009 005 147 043 180
0010 007 146 048 180 234 117 295 146
0011 006 144 049 179
0012 007 145 049 180 231 117 297 146
0013 005 144 044 176 234 115 297 144
0014 018 142 060 170 225 114 281 144
0015 208 129 247 157 054 145 090 179
0016 076 162 110 199 186 146 221 185
0017 096 182 123 222 178 172 208 210
0018 100 201 126 237 177 185 200 227
0019 178 188 199 226 102 200 125 237
0020 092 204 118 239 178 185 202 228
0021 091 206 120 236 178 185 202 226
0022 093 204 118 239 180 192 202 229
0023 097 209 124 239 181 189 202 226
0024 100 206 124 239 181 192 201 231
