0004 163 207 244 239
0005 184 153 266 208
0006 182 112 261 184
0007 181 098 259 179
0008 172 084 251 170
0009 174 065 242 168
0010 167 066 243 158
0011 179 061 239 164
0012 165 062 230 163
0013 158 060 229 162
0014 165 065 234 166
0015 163 064 231 165
0016 171 066 233 165
0017 154 068 239 166
0018 171 067 233 170
0019 175 067 232 164
0020 174 065 233 165
0021 172 066 233 169
0022 174 065 232 166
0023 174 066 232 166
0024 172 066 234 166
0025 156 076 235 162
0026 164 086 229 188
0027 149 108 232 201
0028 156 140 210 220
0029 147 180 201 236
0030 143 223 164 239
