0000 120 205 152 239 080 160 120 196
0001 121 207 152 239 080 163 123 196
0002 116 208 154 239 080 163 122 196
0003 116 208 154 239 079 163 121 196
0004 119 209 152 238 080 162 122 196
0005 119 208 153 238 080 164 122 197
0006 119 208 153 238 080 164 122 197
0007 117 209 155 239 079 161 122 195
0008 117 209 155 239 080 164 121 197
0009 117 209 155 239 080 164 122 197
0010 117 209 155 239 080 166 121 200
0011 117 209 155 239 080 166 121 200
0012 116 208 153 238 078 163 118 195
0013 115 210 154 239 078 164 118 198
0014 078 163 117 195 118 202 160 236
0015 115 209 155 239 078 165 117 199
0016 115 209 155 239 078 165 117 199
0017 118 203 160 236 078 165 118 199
0018 119 208 151 236 078 164 118 198
0019 115 210 153 238 078 164 117 198
0020 114 211 153 238 078 164 118 198
0021 113 209 152 238 078 162 117 195
0022 113 207 156 239 079 163 118 195
0023 110 202 155 239 080 163 119 200
0024 110 190 155 235 079 164 122 197
0025 112 186 157 234 079 163 120 195
0026 114 182 150 231 076 166 117 198
0027 117 183 158 228 076 166 116 197
0028 080 164 120 198 120 163 160 206
0029 118 137 160 170 079 162 123 196
0030 123 086 160 137 076 160 125 201
0031 123 063 161 119 080 161 119 196
0032 118 058 155 111 079 165 126 198
0033 118 058 152 112 075 166 119 198
0034 116 060 151 112 079 162 121 196
0035 117 061 151 112 079 162 122 196
0036 121 060 152 113 078 165 120 198
0037 118 060 153 115 079 161 122 199
0038 118 059 152 114 079 161 122 198
0039 116 057 153 116 079 161 122 199
0040 117 058 153 117 077 165 118 199
0041 114 062 158 113 077 163 119 195
0042 115 063 158 113 077 163 118 195
0043 118 058 153 118 077 163 118 195
0044 121 063 153 115 077 164 118 196
0045 116 061 158 114 077 163 120 195
0046 115 061 158 113 077 162 121 195
0047 115 061 160 112 077 162 120 195
0048 124 065 150 117 078 163 121 198
0049 114 102 152 147 080 164 122 197
0050 119 162 161 200 076 166 115 199
0051 121 183 153 224 076 165 117 198
0052 119 200 160 239 074 165 116 198
0053 120 202 162 239 078 162 121 195
