0000 008 132 061 180
0001 009 132 062 179
0012 184 163 261 222 008 126 048 188
0013 197 107 283 176 005 130 053 186
0014 204 093 282 151 004 132 051 186
0015 234 100 310 154 004 133 049 185
0016 243 086 307 154 004 134 049 183
0017 236 094 305 150 005 135 049 183
0018 235 091 299 146 004 131 052 184
0019 233 086 304 143 005 131 052 184
0020 230 085 301 142 007 133 048 186
0021 232 086 298 142 009 137 048 180
0022 228 083 295 140 010 134 048 180
0023 229 083 297 140 007 128 052 187
0024 224 087 295 139
0025 224 086 297 140
0026 222 086 291 143 007 126 055 186
0027 214 106 291 173
0028 190 167 217 226
