0000 031 061 084 100
0003 111 173 140 227
0004 075 133 163 221 034 149 081 212
0005 078 112 175 214
0006 093 094 177 195 087 149 137 200
0007 116 093 161 174
0008 084 103 202 196
0009 093 096 194 198 125 191 167 238 066 145 117 193
0010 079 084 196 201 065 143 120 196
0011 082 087 194 194
0012 089 085 197 190 036 145 080 204 061 147 107 189
0013 098 077 187 199
0014 096 096 200 187
0015 087 098 205 190
0016 101 083 196 199
0017 093 093 199 187
0018 104 074 179 203
0019 098 085 182 206
0020 103 124 168 220
0024 030 063 081 100
