0000 053 165 109 205 169 172 211 210
0001 054 165 107 205 169 172 211 210
0002 053 164 107 205 169 172 211 210
0003 053 164 107 205 169 172 211 210
0004 053 164 107 205 167 174 212 213
0005 053 164 107 205 170 158 212 199
0006 053 164 107 205 171 135 218 182
0007 053 165 111 204 171 109 219 156
0008 053 165 112 204 168 068 221 127
0009 053 165 112 204 170 031 226 110
0010 168 025 233 096 053 165 111 204
0011 173 016 237 094 053 165 111 204
0012 164 014 238 088 054 166 113 204
0013 052 162 110 206 162 010 234 081
0014 055 161 109 205 167 008 235 082
0015 055 161 109 205 166 009 234 082
0016 055 161 109 206 165 007 234 083
0017 055 161 109 206 165 007 233 084
0018 055 161 109 206 165 006 233 082
0019 164 006 234 082 055 161 109 206
0020 055 161 109 206 164 010 237 082
0021 055 161 109 206 167 005 243 080
0022 054 161 110 206 167 005 243 080
0023 054 161 111 206 164 010 235 082
0024 166 006 233 084 054 165 109 205
0025 168 012 232 095 053 165 109 205
0026 053 165 109 206 174 049 221 101
0027 053 165 109 206 174 080 218 129
0028 053 165 109 206 177 111 220 150
0029 054 165 109 206 176 138 221 178
0030 054 165 109 206 173 164 212 204 187 141 220 180
0031 054 165 109 206 169 165 210 208
0032 054 165 109 206 170 171 211 206
0033 053 164 109 206 174 170 208 208
0034 053 164 109 206 174 170 208 208
0035 053 164 109 206 171 169 211 209
0036 056 165 106 206 172 171 209 210
0037 055 165 108 205 171 171 209 210
0038 056 165 108 205 170 172 209 210
0039 056 165 108 205 171 172 209 210
0040 056 165 108 205 171 172 209 210
