0000 162 213 191 239
0001 158 207 196 239
0002 174 158 217 206
0003 189 107 237 150 076 194 139 239
0004 199 065 244 121
0005 213 047 257 105
0006 226 043 264 100
0007 231 040 277 098
0008 234 037 282 096
0009 233 037 277 098
0010 236 032 282 092
0011 244 033 289 088
0012 244 031 290 087
0013 246 032 294 087
0014 244 026 289 091
0015 245 028 289 088
0016 245 026 289 093 080 191 130 238
0017 245 031 293 089
0018 243 029 287 087 086 192 132 239
0019 244 026 287 086
0020 246 029 291 093
0021 243 034 286 087
0022 243 029 289 086
0023 241 034 288 091
0024 239 039 284 094
0025 225 054 269 104
0026 205 098 249 131
0027 189 138 233 179
0028 169 187 216 236
0029 157 209 202 239
0030 168 208 200 239
0033 075 197 131 235
