0000 106 212 129 239 194 211 220 239
0001 197 215 222 239 106 208 131 237
0002 103 210 130 239 195 215 219 239
0003 195 214 219 239 100 210 131 239
0004 196 213 219 239 100 209 131 239
0005 106 214 130 239 200 219 222 239
0006 101 209 132 239 199 219 223 239
0007 099 208 131 239 196 216 220 239
0008 104 212 125 239 199 216 223 239
0009 200 199 231 235 106 187 134 229
0010 200 166 224 200 110 164 146 195
0011 113 132 153 162 189 125 225 167
0012 187 091 223 139 116 109 158 145
0013 194 084 221 138 111 092 158 139
0014 196 086 220 138 115 093 162 135
0015 116 093 161 134 196 085 222 136
0016 114 092 162 134 196 083 221 135
0017 112 093 162 132 197 084 222 136
0018 112 090 162 131 198 086 225 136
0019 113 091 162 131 197 083 221 135
0020 114 093 162 130 197 087 225 134
0021 114 093 162 130 189 083 223 133
0022 112 093 162 135 192 090 219 138
0023 191 097 219 143 114 097 165 140
0024 108 131 158 166 182 144 219 181
0025 185 205 217 239 112 196 140 236
0026 109 208 137 239 185 212 218 239
0027 106 212 127 239 187 211 222 239
0028 187 213 222 239 106 208 130 236
