0000 129 142 157 168 181 216 209 239
0001 129 146 156 168 187 216 210 239
0002 128 145 152 165 192 222 212 239
0003 128 143 153 164 187 216 215 237
0004 128 144 153 166 185 217 213 237
0005 127 145 153 167 185 217 212 239
0006 129 147 154 166 182 218 206 239
0007 150 209 189 239 129 143 167 170
0008 113 174 150 216 144 127 186 158
0009 104 130 137 163 163 106 199 132
0010 165 099 204 125 111 120 141 153
0011 166 096 205 124 118 100 152 131
0012 171 094 205 121 119 103 147 136
0013 167 100 207 128 116 111 146 149
0014 121 138 145 163 168 114 207 144
0015 170 119 206 147
0016 112 125 144 158 172 109 209 134
0017 170 100 209 130 119 105 151 138
0018 172 102 204 133 119 106 147 141
0019 174 104 203 140 117 117 144 151
0020 171 126 204 152 111 135 147 175
0021 159 137 197 162 122 176 152 216
0022 151 197 179 237 148 150 178 180
0023 131 156 159 183 179 214 205 238
0024 126 156 159 188 194 215 216 239
0025 118 158 145 185 201 217 223 239
0026 118 155 146 186 197 217 222 239
0027 116 157 142 184 198 220 220 239
0028 117 158 143 184 196 219 219 238
0029 116 155 141 186 192 215 215 239
0030 116 157 140 188 190 214 217 239
0031 115 155 141 185 191 217 215 239
0032 115 154 142 184 193 219 215 239
0033 117 157 144 187 192 219 215 239
0034 118 157 144 186 192 218 215 239
