0000 187 200 210 235 098 211 124 238
0001 188 202 209 235 098 210 124 237
0002 188 201 210 235 101 209 127 236
0003 105 206 141 235 189 197 210 231
0004 186 194 210 230
0005 150 142 189 170
0006 133 145 174 179 166 121 205 149
0007 117 124 166 163 172 109 201 136
0008 116 108 162 140 163 090 201 125
0009 123 099 165 125 170 093 195 120
0010 122 123 157 154 169 103 208 133
0011 175 115 215 146 123 135 161 181
0012 119 130 162 167 169 112 212 142
0013 116 111 161 144 170 102 201 130
0014 118 104 163 131 167 089 200 125
0015 121 112 164 140 169 097 202 130
0016 115 128 159 173 172 112 211 141
0017 119 124 165 155 171 109 211 139
0018 120 103 162 133 168 097 206 128
0019 122 101 163 130 169 092 198 124
0020 118 124 160 155 174 104 200 136
0021 125 137 166 175 175 115 213 144
0022 123 132 163 166 172 117 211 146
0023 119 134 164 170 175 118 208 145
0024 122 137 166 175 174 122 215 150
0025 121 138 167 177 171 124 211 152
0026 125 152 169 190 175 127 206 155
0027 167 186 201 226 154 156 184 184
0028 126 189 158 221 188 193 211 230
0029 104 207 130 235 194 201 215 232
0030 194 201 215 233 092 213 116 239
0031 190 197 211 233 093 208 116 238
0032 190 201 212 235 100 208 126 237
0033 189 199 211 234 100 208 127 236
0034 189 201 208 230 103 208 129 236
