0002 078 202 112 235 107 211 164 239
0003 075 164 116 212
0004 075 125 114 170 161 180 199 222 093 153 119 196
0005 076 098 111 148 102 141 126 177
0006 079 091 118 138 097 126 128 172
0007 076 093 120 138 098 124 123 170
0008 080 092 121 140 100 129 124 176
0009 079 092 121 139 097 134 120 171
0010 079 093 122 140 102 131 125 170
0011 078 092 122 140 098 134 121 173
0012 079 093 122 141 102 129 125 172
0013 078 097 120 145 101 132 125 180
0014 076 102 120 147 095 141 127 180
0015 099 176 133 217 075 156 107 197
0016 057 196 088 228 099 209 153 239
