0003 043 216 090 239 105 216 151 239
0004 041 162 095 205 099 183 134 221
0005 047 121 101 168 080 144 116 192
0006 057 106 101 151 083 134 120 178
0007 061 088 108 137 087 122 115 171
0008 069 088 118 136 086 124 116 169
0009 070 087 115 134 088 126 115 170
0010 071 088 115 137 092 121 119 170
0011 072 089 116 139 091 115 120 171
0012 079 093 118 142 090 122 119 173
0013 080 094 119 140 096 120 122 176
0014 079 100 118 145 092 129 125 173
0015 079 106 115 153 101 144 126 186
0016 073 152 116 195 101 172 131 213
0017 102 211 141 237
