0004 021 193 070 239
0005 014 175 065 227 100 220 151 239 141 215 186 239
0006 099 189 151 235 015 150 065 216
0007 101 156 149 214 012 134 072 204
0008 011 127 072 196 100 127 142 199
0009 015 128 074 188 097 122 138 190
0010 013 127 077 180 088 141 126 196
0011 016 125 080 183 072 142 115 202
0012 035 122 083 183 062 157 103 208
0013 022 123 079 176
0014 023 123 083 183
0015 024 127 077 179
0016 024 126 079 180
0017 025 126 078 179
0018 025 125 080 179
0019 026 128 079 179 057 153 099 212
0020 030 128 082 183 059 158 096 219
0021 035 129 086 182 060 164 097 217
0022 038 139 083 194 059 167 101 222
0023 060 184 116 232 043 158 083 211
0024 031 181 076 234 072 208 113 238
0025 032 206 073 238
0026 037 217 073 239
0032 152 213 186 236
