0000 187 202 239 239 010 195 057 235
0001 187 200 239 239 025 186 057 228
0002 187 199 238 239 023 177 062 214
0003 191 193 239 239 029 164 066 197
0004 191 187 236 239 028 149 072 186
0005 186 178 238 236 033 129 084 172
0006 178 165 226 222 040 109 095 161
0007 050 075 101 147 161 144 215 196
0008 060 058 112 126 144 127 196 174
0009 062 050 119 118 133 118 191 168
0010 063 037 129 113 132 107 187 155
0011 068 040 128 108 130 104 189 154
0012 071 032 133 109 122 097 180 144
0013 077 032 134 103 123 091 180 138
0014 075 031 132 106 123 087 181 136
0015 073 033 136 106 124 085 178 132
0016 076 031 133 104 125 087 181 133
0017 077 029 136 107 123 085 176 132
0018 076 029 137 108 123 086 181 133
0019 079 035 133 107 124 087 177 132
0020 078 034 133 109 120 088 177 135
0021 081 035 132 110 119 087 177 134
0022 080 031 134 104 118 091 173 136
0023 080 035 133 108 120 089 173 131
0024 081 032 134 106 112 083 174 125
0025 080 030 134 103 118 084 169 130
0026 078 031 131 106 114 083 173 125
0027 079 032 131 105 113 083 174 125
0028 082 030 128 102 116 082 167 126
0029 078 036 131 105 111 075 166 125
0030 078 030 128 102 112 076 169 123
0031 111 069 164 123 083 032 128 099
0032 082 032 125 098 111 070 165 123
0033 078 030 127 103 108 070 165 121
0034 080 029 128 106 109 069 165 123
0035 080 033 130 101 108 070 166 123
0036 077 032 126 103 107 071 164 123
0037 081 030 126 104 105 070 166 122
0038 078 039 133 112 102 064 156 118
0039 076 037 130 110 099 064 157 119
0040 078 042 134 115 100 068 166 116
0041 078 041 134 117 110 067 164 113
0042 077 040 133 113 103 066 162 113
0043 079 032 123 096 099 067 162 114
0044 076 035 131 113
0045 077 033 126 108 110 066 157 117
0046 079 032 124 103 089 070 160 118
0047 111 092 167 138 079 058 121 122
0048 080 102 135 146 128 121 186 162
0049 076 134 119 167 161 151 209 202
0050 176 168 217 229 066 147 107 182
0051 203 193 245 239 039 163 083 199
0052 020 170 070 205 196 195 240 239
0053 197 196 241 239 012 173 058 207
0054 197 200 242 239 009 179 053 213
0055 198 196 241 238 008 186 060 218
0056 188 199 242 239 007 191 057 223
0057 189 200 243 239 007 199 053 239
0058 186 201 239 239 012 202 056 238
0059 188 199 242 239 012 201 056 237
0060 010 203 057 239 200 196 237 237
0061 196 198 239 238 010 204 056 239
0062 001 205 052 239 197 198 241 237
0063 011 203 051 238 196 198 239 235
0064 011 204 052 238 197 197 239 234
