0000 080 213 125 239
0001 083 212 116 239
0002 077 207 115 239 119 210 170 239
0003 114 203 167 239 076 200 114 239
0004 111 193 164 239 081 190 116 239
0005 108 188 162 236 082 183 121 239
0006 113 183 164 234 072 189 120 239
0007 111 178 164 227 070 181 120 237
0008 113 176 165 222 070 176 125 236
0009 112 171 164 216 070 170 122 230
0010 113 166 167 212 070 165 119 225
0011 112 162 167 213 067 166 118 224
0012 111 163 166 213 070 158 124 220
0013 109 161 163 212 070 155 122 216
0014 070 152 115 223 111 159 172 205
0015 111 159 170 208 070 141 121 215
0016 068 149 121 217 113 159 169 206
0017 070 139 119 219 113 156 168 207
0018 114 156 171 207 072 138 117 214
0019 073 141 121 216 110 153 163 204
0020 076 134 119 214 112 156 166 204
0021 075 129 118 214 107 159 159 205
0022 079 131 117 211 113 157 164 206
0023 077 127 118 212 108 153 161 203
0024 078 128 119 211 115 149 161 203
0025 110 151 165 200 075 126 116 208
0026 104 153 159 201 078 131 120 200
0027 103 155 164 199 075 130 115 206
0028 104 154 162 198 082 131 121 204
0029 070 129 113 212 106 150 158 198
0030 069 124 113 211 103 149 159 198
0031 071 122 115 212 102 149 159 199
0032 071 124 113 214 104 149 158 198
0033 071 126 119 201 103 147 159 195
0034 072 126 112 208 104 146 159 193
0035 071 124 110 209 098 139 153 189
0036 071 125 114 204 094 144 160 187
0037 098 139 155 187 068 128 108 198
0038 062 126 105 199 099 138 152 189
0039 068 127 113 207 100 138 151 188
0040 065 126 107 203 097 135 151 184
0041 066 124 112 206 098 139 151 188
0042 065 120 110 204 094 140 151 188
0043 065 118 109 202 094 136 147 188
0044 062 120 114 197 100 138 145 186
0045 059 114 108 190 094 140 144 187
0046 063 116 113 189 094 133 140 189
0047 061 118 109 183 092 142 142 190
0048 063 115 107 183 096 137 140 188
0049 093 139 142 189 065 114 104 195
0050 066 115 107 201 097 140 155 189
0051 067 114 102 200 089 131 145 188
0052 064 114 105 187 092 130 145 187
0053 091 134 145 186 069 111 104 199
0054 090 134 145 186 068 110 102 198
0055 087 139 141 188 073 113 110 188
0056 070 113 110 191 093 144 147 193
0057 070 113 110 197 095 146 145 194
0058 071 112 111 192 097 147 150 190
0059 065 104 105 195 096 150 143 197
0060 070 107 112 187 097 152 144 197
0061 065 109 107 202 094 151 147 198
0062 063 117 106 199 098 150 161 199
0063 060 119 108 195 096 157 156 201
0064 059 115 103 193 105 151 163 199
0065 060 114 103 197 105 145 159 195
0066 059 113 106 197 100 148 155 194
0067 057 110 108 200 105 145 160 192
0068 056 112 109 201 098 143 155 193
0069 057 111 109 201 102 141 155 188
0070 061 111 106 198 100 140 153 189
0071 060 106 103 201 099 139 152 189
0072 058 104 109 200 098 139 152 188
0073 057 110 108 192 099 139 152 187
0074 059 103 104 194 095 138 146 188
0075 060 102 103 196 095 137 145 188
0076 061 102 102 200 097 138 144 186
0077 059 106 104 193 096 136 146 188
0078 061 102 102 197 093 137 145 187
0079 060 102 103 197 093 136 143 186
0080 060 101 103 198 096 137 145 187
0081 061 101 103 192 095 136 144 188
0082 059 102 105 193 096 137 143 189
0083 060 104 102 194 092 133 143 187
0084 059 102 101 195 095 139 137 190
0085 061 103 100 191 089 140 138 193
0086 060 111 100 196 090 139 141 190
0087 061 105 100 197 087 135 143 189
0088 061 103 101 195 085 141 142 191
0089 061 101 102 190 082 140 136 192
0090 065 105 106 188 083 144 141 193
0091 064 099 101 181 082 137 135 191
0092 065 107 106 187 080 138 136 194
0093 066 112 105 185 083 137 129 191
0094 065 103 101 184 081 132 129 192
0095 065 098 101 184 083 137 132 195
0096 067 108 105 184 084 143 138 195
0097 067 103 110 189 081 148 137 198
0098 067 114 116 195 079 164 132 211
0099 067 122 112 206 083 169 139 214
0100 078 180 143 228 063 142 111 201
0101 089 192 137 239 062 160 108 209
0102 060 170 106 222 099 206 152 239
0103 065 183 111 234 111 220 169 239
0104 069 192 117 239
0105 074 198 120 239
0106 077 197 124 239
0107 078 209 133 239
0108 082 213 128 239
