0000 125 167 158 198
0001 130 170 156 198 201 211 235 239
0002 130 169 156 197 205 219 236 239
0003 126 169 154 199 208 211 231 239
0004 206 216 229 239 125 170 152 197
0005 203 209 228 239 126 169 153 197
0006 126 168 159 195 204 215 228 239
0007 126 168 159 196 206 217 226 239
0008 205 212 228 239 126 168 159 197
0009 201 219 227 239 127 164 159 195
0010 203 219 231 239 126 169 152 198
0011 204 217 230 239 126 170 152 199
0012 199 215 226 239 127 168 152 192
0013 200 213 227 239 124 170 148 197
0014 205 218 229 239 124 168 147 196
0015 201 213 230 239 125 170 148 197
0016 200 210 230 239 125 170 148 197
0017 204 217 229 239 126 170 151 198
0018 203 213 229 239 124 169 147 199
0019 204 215 226 239 121 164 155 195
0020 205 220 229 239 125 170 148 197
0021 202 217 236 239 126 169 158 195
0022 226 208 248 239 121 164 154 195
0023 125 168 158 197
0024 127 170 152 196
0025 126 168 158 198 270 127 314 158
0026 122 170 146 200
0027 122 169 146 198 272 092 315 119
0028 121 169 146 200 282 081 315 106
0029 121 169 146 199
0030 121 169 146 197
0031 122 169 147 198
0032 121 169 147 198
0033 121 168 147 199 278 081 315 110
0034 124 171 151 200
0035 121 169 145 198
0036 121 169 146 199
0037 119 167 143 197
0038 123 171 149 201
0039 124 173 150 200
0040 120 166 154 198
0041 121 170 147 200
0042 124 172 151 202
0043 125 174 152 202
0044 125 172 152 200
0045 124 167 158 202
0046 121 170 149 200
0047 128 173 153 197
0048 128 173 154 201
0049 124 171 152 202
0050 125 173 152 201
0051 124 172 151 202 279 071 316 104
0052 120 170 147 200
0053 121 170 146 200 282 063 318 094
0054 121 170 146 201
0055 121 170 147 201 280 067 316 098
0056 120 170 146 201 283 067 317 096
0057 121 168 153 199
0058 120 165 155 198
0059 121 167 155 197 274 107 313 134
0060 121 170 145 200 255 143 297 175
0061 119 169 142 199 241 176 277 226
0062 123 169 147 199 221 203 248 239
0063 201 212 229 239 123 169 146 199
0064 201 211 227 239 125 168 147 197
0065 201 210 226 236 124 170 147 201
0066 203 207 228 239 125 171 149 197
0067 204 206 227 235 125 167 147 198
