0000 064 211 088 239 168 208 189 239
0001 164 205 186 236 064 209 085 236
0002 164 205 186 239 066 210 086 238
0003 066 209 088 238 167 208 189 239
0004 165 209 188 239 068 211 086 236
0005 167 208 188 237 063 210 083 235
0006 067 213 088 239 161 205 188 238
0007 065 209 086 238 160 208 184 238
0008 067 207 090 239 162 206 186 236
0009 164 208 187 239 066 206 090 239
0010 066 210 087 239 175 206 197 239
0011 066 210 088 239 189 196 223 233
0012 061 210 083 238 207 179 247 214
0013 063 208 089 237 215 168 253 202
0014 060 210 082 236 218 145 271 178
0015 058 209 086 239 233 127 275 154
0016 061 211 082 239 239 108 278 134
0017 237 095 280 128 061 210 085 239
0018 238 093 282 124 061 212 086 239
0019 237 088 282 121 062 210 087 239
0020 237 089 281 119 061 211 086 239
0021 237 087 281 120 061 212 086 239
0022 237 088 281 119 057 211 090 239
0023 238 088 282 119 061 212 086 239
0024 238 087 282 120 061 213 086 239
0025 239 087 282 118 060 211 083 239
0026 238 088 282 119 060 211 082 239
0027 238 087 283 119 061 212 086 239
0028 236 089 283 120 062 214 085 239
0029 239 089 283 119 062 209 082 239
0030 239 093 282 125 060 212 083 239
0031 239 106 280 135 060 211 085 239
0032 063 211 086 239 234 131 265 158
0033 062 212 086 239 227 144 260 172
0034 063 209 086 237 213 160 248 194
0035 063 208 086 237 208 172 231 209
0036 062 208 084 239 195 180 219 221
0037 062 207 083 235 182 190 204 231
0038 064 208 086 238 165 205 191 237
0039 152 215 174 239 064 207 084 239
