0000 116 188 139 223 198 186 219 221
0001 197 185 218 220 113 189 136 223
0002 113 186 136 224 200 186 220 217
0003 201 185 220 219 114 187 137 224
0004 114 187 138 223
0005 116 189 139 220 187 147 213 181
0006 202 110 237 141 117 189 139 222
0007 115 189 136 223 237 083 271 117
0008 274 063 314 096 113 188 135 221
0009 109 188 130 219
0010 109 186 132 222 294 071 313 094
0011 109 186 132 223 286 074 315 095
0012 109 182 133 221 293 073 314 097
0013 108 184 130 220 294 075 313 098
0014 110 186 133 223 296 079 316 101
0015 112 186 133 223 296 073 313 096
0016 112 187 133 223 298 076 315 098
0017 111 188 133 223 296 077 313 101
0018 111 188 132 224 296 080 316 104
0019 110 186 132 225 296 078 313 101
0020 109 188 132 223 295 079 314 101
0021 109 187 133 224 297 080 313 101
0022 109 186 132 223 296 077 313 100
0023 110 186 132 222 293 075 316 099
0024 111 187 133 221 295 078 316 102
0025 111 187 132 222 295 079 316 102
0026 111 187 132 222 280 066 310 094
0027 111 188 130 218 260 060 299 091
0028 112 189 132 223 228 074 251 103
0029 113 188 135 223 187 104 226 138
0030 114 189 137 224 183 133 210 165
0031 115 187 138 221 180 157 206 187
0032 115 188 138 222 187 169 212 204
0033 114 188 137 223 193 174 214 206
0034 113 186 137 222 192 177 212 207
0035 113 185 136 221 191 179 213 210
0036 113 185 136 223
0037 112 186 136 223
