0000 142 219 173 239
0001 147 223 168 239
0002 155 214 176 239
0003 182 178 216 215
0004 218 085 261 126
0005 207 026 242 081 035 217 057 239
0006 164 011 211 060
0007 164 010 211 060 033 218 056 239
0008 163 010 211 060
0009 162 010 211 061 033 221 054 239
0010 163 010 211 060 028 216 057 239
0011 163 010 212 061 030 221 050 239
0012 164 012 205 062
0013 164 010 212 060 028 216 055 239
0014 166 009 212 060 029 217 056 239
0015 167 009 212 060 028 216 056 239
0016 167 011 212 061 032 220 052 239
0017 171 010 213 063 030 223 050 239
0018 191 035 229 077
0019 190 118 241 155
0020 184 207 213 239
0021 167 216 188 239
0022 032 216 056 239
0023 032 217 055 239
0026 152 221 174 239
0027 145 223 167 239
