0002 167 211 191 239
0003 192 179 232 214 036 220 061 239
0004 242 099 284 137 034 219 059 239
0005 204 025 242 080 034 221 056 239
0006 169 015 212 067 034 221 060 239
0007 168 016 215 070 032 217 057 239
0008 170 018 216 072 031 221 057 239
0009 171 017 216 072
0010 172 016 216 071
0011 172 015 217 071 029 218 056 239
0012 174 013 216 072 031 222 053 239
0013 173 015 213 067
0014 174 015 215 070 028 216 055 239
0015 176 011 217 068
0016 174 014 217 070 035 215 055 239
0017 178 012 218 066
0018 176 016 217 069 035 217 055 239
0019 176 015 216 069 030 215 056 239
0020 179 015 223 073 030 216 057 239
0021 193 049 230 101 029 216 054 239
0022 029 217 054 239
0023 188 200 217 239 031 216 053 239
0024 171 219 191 239
0025 156 220 178 239
0026 154 224 177 239
