0000 143 200 183 239
0001 146 203 184 238
0002 046 223 090 239 142 206 178 238
0003 054 204 110 239 135 215 179 239
0004 155 167 191 228 076 182 132 221
0005 092 174 154 207 162 124 195 178
0006 116 162 177 191 164 075 196 131 032 161 090 208 175 110 204 180
0007 134 150 191 177 156 039 185 097 051 150 106 201 177 094 209 152
0008 152 030 179 087 141 145 204 174 058 150 114 198
0009 150 028 176 085 143 146 206 175 060 146 120 191
0010 142 148 204 176 143 023 172 081 060 150 118 194
0011 140 145 204 174 137 020 176 080 054 148 121 197
0012 136 140 204 171 136 021 174 079
0013 132 137 198 168 142 019 172 077
0014 141 018 171 076 121 133 188 164
0015 107 131 172 163 131 015 170 074
0016 094 130 161 163 133 014 171 077
0017 085 129 152 163 137 015 167 073
0018 077 128 141 162 131 013 168 073
0019 062 126 127 162 132 018 167 073
0020 134 020 166 075 058 126 120 162
0021 131 019 166 075 052 128 111 161
0022 045 125 106 160 131 018 165 075
0023 133 015 162 073 043 125 096 158
0024 127 015 167 074 038 120 091 156
0025 130 014 162 072 029 118 075 149
0026 128 017 163 073 025 114 071 151
0027 129 011 161 072 010 112 058 144
0028 003 112 051 150 127 017 163 071
0029 000 113 044 145 125 018 167 072
0030 000 115 038 148 129 023 163 069
0031 136 021 164 077 000 125 027 165
0032 000 148 025 190 140 031 170 080
0033 000 167 032 231 141 067 182 109
0034 148 132 195 186 003 208 041 236 001 174 038 220
0035 150 172 194 234 009 180 045 236
0036 147 207 186 234
0037 147 213 181 235
0038 143 219 172 239
