0010 190 189 233 239 071 194 124 239
0011 071 191 129 237 191 150 241 203
0012 179 096 223 134 074 189 139 229
0013 074 187 146 227 171 077 215 110 197 127 227 178
0014 082 185 151 229 175 072 218 104
0015 174 060 222 101 072 177 158 216
0016 179 058 222 098 103 166 161 197 075 171 124 226
0017 181 075 224 112 109 147 164 177
0018 188 085 235 129 107 125 164 162
0019 181 077 227 115
0020 170 060 216 098 109 134 181 169
0021 169 065 218 104 123 156 167 193
0022 171 071 217 104 117 155 176 190
0023 179 075 224 112 063 146 158 185 074 117 144 157
0024 182 075 230 113
0025 062 132 131 173 178 061 223 101 082 154 116 194
0026 173 060 220 100 075 137 127 189
0027 175 073 218 104 067 148 116 194
0028 178 080 229 118 034 113 087 160
0029 179 068 212 100 023 091 081 140
0030 173 064 217 095 004 055 052 101
0031 175 070 218 102 012 041 063 100
0032 174 074 219 105 010 030 057 094
0033 177 071 222 100 013 020 051 074
0034 013 017 048 069 172 059 218 099
0035 011 017 060 076 172 066 217 098
0036 027 050 073 093 175 077 222 113
0037 049 074 088 124 184 091 227 126
0038 061 114 098 163 193 114 227 151
0039 190 154 237 201 053 162 102 208
0040 183 171 238 218 058 179 100 238
0041 060 196 096 237 180 192 232 239
0042 064 201 098 235 192 195 231 235
0043 191 199 226 234
0044 194 199 223 237
