0000 186 212 212 239 103 209 127 239
0001 189 214 214 236 102 208 124 239
0002 188 213 211 238 105 210 126 239
0003 189 214 212 238 109 212 129 237
0004 190 211 214 236 108 212 129 236
0005 190 215 213 237 104 210 126 239
0006 194 211 222 239 102 202 124 238
0007 190 200 226 235 103 187 128 229
0008 099 140 129 190 197 153 223 197
0009 098 106 141 156 191 106 222 148
0010 108 084 149 126 191 082 215 121
0011 108 084 150 121 189 080 215 122
0012 191 079 217 120 115 082 149 124
0013 192 078 218 124 113 087 153 125
0014 193 081 218 125 116 087 149 130
0015 192 081 218 125 116 086 149 130
0016 190 083 216 123 113 083 149 126
0017 188 088 217 131 114 090 154 132
0018 187 133 218 178 117 125 148 164
0019 187 185 222 235 111 175 139 211
0020 190 208 217 239 105 197 128 236
0021 185 215 210 239 108 214 128 235
0022 189 215 215 239 106 213 129 235
