0000 085 190 105 223 166 178 187 221
0001 088 192 111 223 170 183 190 224
0002 088 191 109 224 170 182 191 221
0003 092 191 117 229
0004 092 194 118 228
0005 089 193 113 228
0006 092 193 117 226 172 178 194 216
0007 095 190 117 224
0008 096 192 117 221 180 178 207 229
0009 102 189 123 222 179 179 202 223
0010 106 179 126 214 176 167 201 216
0011 108 169 131 208 172 158 202 201
0012 172 151 198 184 105 148 132 189
0013 174 141 204 175 106 144 133 179
0014 106 141 141 174 174 133 202 170
0015 174 125 200 169 108 132 137 166
0016 174 124 202 169 109 129 136 167
0017 177 135 199 176 104 131 133 175
0018 176 135 200 178 107 130 133 176
0019 176 135 201 178 107 130 131 175
0020 176 135 200 177 106 132 131 177
0021 176 135 200 177 106 134 133 178
0022 176 135 200 177 104 132 130 175
0023 105 136 132 178 176 135 200 178
0024 176 135 199 176 105 137 131 179
0025 173 135 199 177 104 136 131 178
0026 175 137 200 179 100 138 127 174
0027 175 146 201 186 100 141 127 180
0028 175 152 204 202 098 150 125 190
0029 099 164 121 204 182 178 208 220
0030 096 173 121 215
0031 099 186 118 222 191 186 216 227
0032 095 190 114 218
0033 185 178 206 218 099 184 117 217
