0000 131 190 151 225 214 194 233 222
0001 131 188 152 223 211 199 232 225
0002 130 184 160 221 214 190 235 222
0003 135 174 159 209 218 173 239 214
0004 222 157 243 191 135 149 158 191
0005 214 138 248 175 132 144 159 180
0006 132 135 158 169 211 126 246 162
0007 131 128 155 165 210 123 245 162
0008 130 128 155 167 209 124 244 162
0009 207 125 244 163 131 130 154 169
0010 208 126 244 163 130 133 153 168
0011 130 134 153 168 210 125 246 162
0012 130 134 152 167 212 121 248 164
0013 125 129 150 168 207 125 245 163
0014 210 129 246 159 125 132 149 171
0015 207 123 244 163 126 131 152 170
0016 210 129 245 158 126 135 151 170
0017 210 129 245 158 125 132 152 170
0018 210 128 246 160 126 131 153 170
0019 208 127 244 163 127 131 153 171
0020 209 127 243 162 129 135 152 165
0021 208 128 243 161 126 133 152 169
0022 208 129 244 163 126 132 152 169
0023 208 129 244 163 126 132 152 169
0024 127 131 151 170 207 124 244 161
0025 127 130 150 167 208 121 245 161
0026 210 125 242 159 130 135 154 165
0027 135 140 165 173 206 134 231 164
0028 193 150 224 180 141 150 174 189
0029 147 161 181 196 186 162 218 193
0030 152 171 188 203 184 173 211 202
0031 155 175 180 210 186 176 212 208
0032 154 180 178 209 184 184 215 211
0033 153 185 177 216 188 188 212 215
0034 189 189 212 216 150 182 178 215
0035 150 184 179 217 195 188 217 217
0036 195 191 218 222 148 182 177 217
