0000 111 206 135 237 185 188 204 224
0001 111 206 135 237 188 191 205 228
0002 110 206 135 237 187 191 203 227
0003 112 206 135 236 184 189 205 229
0004 114 183 139 211
0005 108 129 129 163 189 123 215 156
0006 106 105 129 133 184 088 208 119
0007 184 084 211 117 102 090 129 121
0008 100 097 129 131 189 101 214 130
0009 106 101 132 131 192 096 220 130
0010 106 101 132 131 190 100 216 133
0011 105 101 131 131 193 096 220 130
0012 104 097 132 132 195 099 217 133
0013 105 100 130 132 195 098 220 134
0014 104 100 130 133 191 098 216 131
0015 177 109 202 138 114 110 140 143
0016 125 129 152 170 171 141 198 170
0017 124 169 152 203 176 164 202 197
0018 122 193 147 223 178 182 200 211
0019 111 207 140 235 181 188 203 224
0020 107 208 133 236 187 189 207 221
0021 105 202 130 234 189 190 210 223
