0000 164 210 191 239 092 209 118 236
0001 092 210 117 236 164 210 191 239
0002 164 210 191 239 091 207 118 236
0003 094 208 121 239 165 214 189 237
0004 165 210 190 239 088 206 117 238
0005 089 206 112 237 174 207 195 236
0006 182 186 203 226 086 195 106 227
0007 081 172 106 209 187 163 210 199
0008 186 132 209 177 079 150 102 182
0009 185 110 209 156 079 119 107 169
0010 182 100 207 142 084 106 107 144
0011 181 095 205 134 084 100 113 138
0012 182 095 207 137 084 100 111 140
0013 183 094 207 137 083 103 109 144
0014 183 094 207 137 084 101 110 141
0015 182 096 207 137 081 103 107 146
0016 183 096 207 137 084 102 108 141
0017 183 096 207 137 080 104 106 146
0018 182 096 207 137 082 105 106 145
0019 182 095 207 138 084 102 106 140
0020 185 102 209 135 083 103 106 141
0021 184 105 206 144 083 113 108 149
0022 188 142 213 177 080 140 115 176
0023 083 164 118 201 187 162 214 214
0024 087 185 115 228 182 190 207 236
0025 088 201 123 235 173 203 198 238
0026 093 210 125 238 167 212 189 235
0027 098 208 120 235 167 208 190 235
0028 166 211 189 235 093 208 119 237
