0006 201 198 223 236 112 191 138 233
0007 182 136 223 181 112 140 148 194
0008 113 127 155 179 185 122 226 178
0009 114 125 159 177 187 123 221 181
0010 116 128 160 180 184 123 231 181
0011 116 126 161 180 186 128 229 181
0012 116 125 161 179 186 127 231 180
0013 115 127 161 180 187 124 230 177
0014 115 127 161 180 187 127 231 179
0015 114 125 162 182 188 127 230 178
0016 116 125 161 179 186 125 230 180
0017 117 125 161 178 194 127 225 177
0018 117 124 161 178 185 121 231 178
0019 117 124 158 182 187 123 231 178
0020 117 126 161 180 193 123 228 179
0021 116 172 161 213 195 157 225 212
0022 194 212 220 239 114 214 143 239
0023 103 209 122 239 187 211 208 239
