0000 192 202 210 237 111 184 134 221
0001 112 189 134 223 192 205 210 238
0002 194 203 216 239 110 188 133 223
0003 201 201 224 236 108 187 132 224
0004 206 200 229 235 107 186 132 223
0005 102 187 128 219 221 187 250 215
0006 227 176 257 201 094 183 121 218
0007 239 156 267 186 083 176 117 211
0008 074 170 111 200 245 144 272 172
0009 062 166 100 190 252 130 281 161
0010 055 160 095 188 259 119 287 151
0011 059 159 089 183 229 118 292 148
0012 058 157 088 180
0013 049 154 090 177
0014 053 157 085 181 235 100 299 132
0015 055 154 092 181 235 102 302 135
0016 054 155 092 181
0017 048 153 087 177
0018 050 150 085 177
0019 038 147 082 168
0020 034 141 080 165
0021 034 131 068 160
0022 027 131 071 157
0023 032 128 063 155
0024 032 130 065 154
0025 034 128 065 151
0026 030 124 069 152
0027 026 107 093 141
0028 026 106 072 139
0029 030 087 070 116
0030 038 075 077 100
0031 045 060 079 090
0032 055 048 077 076
0033 059 038 096 072
0034 070 024 096 060
0035 086 022 109 055
0036 092 014 118 052
0037 112 013 131 047 109 048 131 091
0038 116 010 144 050
0039 119 009 153 047
0040 120 010 152 047
0041 125 010 152 049
0042 125 008 152 049
0043 126 009 151 049
0044 125 010 150 049
0045 124 007 152 050
0046 124 006 151 048
0047 124 013 148 049
0048 119 012 144 052
0049 118 012 144 053
0050 113 015 140 055
0051 112 021 139 062
0052 105 033 130 078
0053 096 065 119 105 236 126 302 157
0054 085 106 113 143 228 137 292 170
0055 084 140 118 179
0056 237 175 274 208 096 158 124 203
0057 100 181 124 221
0058 103 191 129 229 220 190 256 227
0059 220 201 242 234 107 194 133 231
0060 209 202 228 237 112 195 133 231
0061 113 197 131 229 202 204 221 237
0062 198 202 215 237 113 199 131 230
0063 193 206 212 239 112 199 132 230
0064 113 198 135 235 191 206 209 238
0065 111 200 132 232 191 204 209 239
0066 111 200 132 232 190 206 208 234
0067 190 206 207 235 112 198 132 232
0068 112 195 135 236 189 207 209 236
0069 111 195 135 233 188 202 207 236
0070 111 193 135 232 188 203 207 237
0071 111 192 134 223 189 200 209 236
