0000 174 174 192 198 106 167 124 197
0001 106 168 124 196 173 174 190 198
0002 170 175 189 199 107 170 124 196
0003 170 173 187 203 108 170 124 195
0004 170 169 188 203 106 166 124 194
0005 167 167 185 192 105 166 122 192
0006 103 154 121 184 168 156 189 186
0007 100 149 122 179 167 150 187 179
0008 099 142 119 168 170 130 194 168
0009 098 123 119 156 171 117 196 154
0010 093 107 120 136 174 103 197 134
0011 174 098 196 132 095 100 116 126
0012 176 091 199 126 096 099 121 122
0013 176 081 203 118 093 088 120 116
0014 177 080 201 116 090 083 116 113
0015 089 085 113 115 181 077 208 112
0016 079 087 100 116 198 074 220 100
0017 066 086 090 118 217 070 240 103
0018 054 084 081 112 218 071 252 104
0019 047 086 074 114 230 073 254 101
0020 246 074 276 097 032 083 063 110
0021 027 081 056 106 249 076 286 099
0022 260 080 290 102 023 081 054 106
0023 262 084 292 109 026 081 063 105
0024 026 082 062 108 261 088 288 111
0025 262 092 292 115 024 082 057 108
0026 261 093 292 116 024 082 061 104
0027 257 092 290 114 027 078 057 101
0028 262 093 292 116 028 061 057 088
0029 263 092 293 115 038 042 069 078
0030 261 087 297 114 052 033 075 066
0031 263 091 291 113
0032 263 090 294 113 082 029 105 064
0033 261 089 295 112 093 032 115 061
0034 259 088 296 114 105 037 131 066
0035 262 088 295 112 107 040 133 062
0036 264 091 294 112 108 040 133 061
0037 109 039 131 066 263 091 294 112
0038 101 039 124 063 264 092 290 113
0039 260 092 291 116 095 030 115 062
0040 263 093 293 115 073 029 092 064
0041 056 030 080 068 262 093 294 115
0042 047 030 069 063 258 090 292 115
0043 262 090 289 115 037 038 063 072
0044 256 091 292 114 034 046 061 079
0045 028 055 054 081 261 093 292 119
0046 259 092 288 114 028 061 058 089
0047 258 092 288 116 030 066 054 092
0048 259 092 290 114 029 067 053 093
0049 261 091 293 117 026 067 053 093
0050 256 089 285 114 029 069 056 095
0051 250 088 285 113 033 069 060 095
0052 241 082 276 112 039 072 066 098
0053 230 082 266 111 049 074 078 099
0054 220 081 250 108 061 075 086 100
0055 074 080 099 115 205 082 231 115
0056 082 086 105 119 189 091 214 120
0057 176 096 200 131 090 093 112 126
0058 165 109 186 145 097 106 120 132
0059 161 117 183 152 100 113 124 140
0060 101 119 125 147 157 128 183 170
0061 164 149 182 183 101 132 122 167
0062 102 148 120 178 164 158 183 193
0063 104 152 122 186 166 167 183 198
0064 167 168 184 200 102 163 119 192
0065 102 169 120 197 170 169 188 202
0066 102 170 120 198 173 174 189 204
0067 102 168 123 196 173 171 190 204
0068 105 168 122 196 170 170 187 200
0069 103 170 120 198 173 173 189 201
