0000 099 206 120 239 180 189 203 227
0001 097 209 119 239 188 193 210 228
0002 104 199 131 234 208 163 235 205
0003 182 091 225 131 127 145 167 181
0004 135 089 175 143 164 050 213 089
0005 143 069 171 119 129 041 171 066
0006 144 066 171 118 133 045 195 076
0007 139 068 167 119 134 044 196 076
0008 144 069 171 115 132 049 193 077
0009 140 064 167 117
0010 144 068 172 113
0011 148 070 174 116 135 048 197 083
0012 147 069 174 116
0013 143 067 170 117 134 046 175 070
0014 131 077 159 125
0015 118 092 156 136 159 073 199 104
0016 174 127 209 163 103 145 138 176
0017 188 174 208 208 101 180 127 210
0018 099 189 126 225 185 183 208 223
0019 099 203 120 236 190 187 211 224
0020 187 190 209 225 101 204 124 238
0021 100 206 127 239 184 191 205 226
0022 104 203 127 236 185 190 203 223
0023 104 205 128 237 183 188 206 222
0024 102 204 129 238 183 190 205 227
0025 185 191 206 224 101 203 125 238
0026 101 205 127 238 184 192 205 226
0027 103 205 129 238 185 192 204 224
0028 102 206 128 238 182 192 204 227
