0007 060 208 103 239
0012 177 204 198 236
0013 176 204 202 235
0014 183 187 209 234
0015 188 162 214 203
0016 114 159 141 188 182 118 222 153 063 209 105 239
0017 117 126 152 163 171 089 218 121
0018 120 097 150 145
0019 124 087 152 135 162 055 190 080
0020 143 048 194 080
0021 148 049 192 072
0022 144 049 185 073
0023 150 052 190 074
0024 148 052 192 077
0025 149 054 190 079
0026 149 052 190 074
0027 143 053 186 078
0028 144 053 187 079
0029 144 053 186 079
0030 143 050 190 081 063 207 105 239
0031 147 054 190 077 065 208 105 239
0032 145 050 186 075
0033 142 053 185 080
0034 143 050 187 076
0035 144 050 187 076 062 211 102 237
0036 137 045 192 077
0037 144 051 186 080
0038 144 052 186 083
0039 143 053 187 084
0040 142 053 188 085
0041 144 053 186 077 063 205 103 238
0042 144 054 187 084 066 205 103 239
0043 149 071 183 096
0044 159 098 200 127 106 120 149 156
0045 109 152 145 185 168 143 207 182
0046 105 179 132 218 187 179 214 224
0047 192 200 216 239 097 188 131 232
0048 183 207 206 237 109 194 131 235
0056 178 207 197 238
