0011 125 202 173 239
0012 124 183 179 239
0013 136 117 186 164
0014 128 079 190 121
0015 132 054 189 091
0016 141 037 203 093
0017 135 019 190 072
0018 133 018 188 070
0019 136 030 191 083
0020 141 042 199 098
0021 135 081 195 136
0022 133 092 186 159
0023 138 090 191 151
0024 132 089 183 154
0025 132 090 186 154
0026 138 095 197 154
0027 140 093 197 146
0028 152 104 205 162 017 201 074 239
0029 159 111 209 165 024 168 071 219
0030 022 147 076 192 151 120 208 173
0031 034 138 085 187 149 121 199 175
0032 044 131 102 178 140 121 188 168
0033 126 123 173 172 060 124 120 167
0034 119 123 167 171 068 127 125 166
0035 077 126 156 164
0036 069 124 139 167
0037 076 127 154 164
0038 070 124 139 167
0039 076 126 146 163
0040 118 128 164 174 067 131 138 170
0041 115 136 167 192 056 151 128 193
0042 039 175 117 222 116 168 175 225
0043 112 198 168 239 038 204 103 238
