0013 119 205 163 239
0014 145 148 182 185
0015 149 099 200 149
0016 162 040 196 097
0017 123 013 164 055
0018 106 020 157 064
0019 080 069 124 102
0020 073 099 117 137
0021 073 092 118 130
0022 073 093 115 131
0023 077 099 115 134
0024 081 097 120 132
0025 088 098 132 136
0026 094 100 142 135
0027 100 102 153 140
0028 137 126 177 168 038 208 073 239
0029 170 143 199 187 008 198 045 235
0030 180 145 220 188
0031 192 143 244 181
0032 198 142 256 175 006 135 048 168
0033 201 138 257 170 010 134 040 165
0034 185 143 244 179 011 133 043 166
0035 160 152 205 185 015 143 059 174
0036 040 149 077 183 120 154 160 194
0037 094 160 141 199
0038 076 164 126 207
0039 072 165 118 210 096 162 133 199
0040 077 171 121 215 101 161 146 196
0041 071 169 121 213
0042 076 169 125 213
0043 066 174 115 221
0044 056 184 099 231 087 193 135 239
0045 100 212 145 239 055 199 093 239
0046 061 208 095 239 108 217 158 239
0047 068 212 096 239
0049 063 217 091 239
