0003 201 210 255 239
0004 226 144 278 200
0005 235 054 279 125
0006 204 011 260 066
0007 180 010 237 052
0008 163 024 226 069
0009 159 060 213 115
0010 158 073 219 126
0011 166 078 225 130
0012 186 079 242 127
0013 209 083 256 136
0014 229 097 273 148 050 206 092 239
0015 234 109 284 164 032 175 077 220
0016 230 118 278 168 032 159 075 205
0017 049 147 091 195 209 125 250 176
0018 158 141 197 188 082 146 122 193
0019 100 144 148 195 142 141 181 193
0020 099 145 146 196 136 142 178 195
0021 101 146 149 195 134 144 178 196
0022 101 146 147 196 133 143 177 196
0023 134 143 178 196 103 145 147 198
0024 100 149 147 199 138 147 179 198
0025 102 162 147 215 142 157 182 212
0026 090 204 144 239 146 197 194 239
0027 084 206 134 239 166 209 202 239
0028 082 208 128 239 173 219 211 239
0029 087 215 130 239
