0000 148 175 193 222
0001 147 176 191 219
0002 133 183 173 219
0003 156 171 196 216 128 184 165 221
0004 162 165 205 209 123 188 159 227
0005 180 153 222 193 120 196 154 232
0006 112 202 138 238 209 127 246 164
0007 097 211 123 239 227 098 254 129
0008 086 212 114 239 234 047 269 092
0009 238 013 267 067 083 208 114 239
0010 235 005 269 051 084 202 116 239
0011 083 204 116 239 240 004 270 043
0012 095 206 126 239 244 009 274 047
0013 245 005 273 043 096 210 125 239
0014 246 004 278 052 096 206 129 239
0015 245 007 275 047 093 213 123 239
0016 237 008 265 052 093 209 122 239
0017 098 206 120 235 215 011 251 054
0018 204 010 239 052 099 211 125 239
0019 189 011 227 051 102 210 123 236
0020 195 012 235 057 105 210 128 239
0021 200 015 237 056 101 213 127 239
0022 103 212 128 239 213 018 241 062
0023 098 211 123 239 217 017 250 065
0024 224 021 258 073 096 211 122 239
0025 234 019 259 073 088 211 116 239
0026 226 023 254 072 089 213 116 239
0027 216 015 251 066 091 212 117 239
0028 090 211 114 239 196 017 230 064
0029 188 017 226 064 087 214 115 239
0030 092 213 115 239 189 023 227 066
0031 088 214 119 239 197 025 232 072
0032 207 026 241 070 092 214 116 239
0033 214 030 246 074 090 213 113 239
0034 213 026 247 078 085 215 111 239
0035 207 024 235 075 081 214 112 239
0036 190 025 225 072 082 213 107 239
0037 186 025 222 076 086 215 111 239
0038 190 030 226 076 090 217 116 236
0039 199 031 232 075 092 219 113 239
0040 209 039 235 081 092 218 115 239
0041 214 038 240 082 088 219 112 239
0042 214 033 248 081 087 217 113 239
0043 204 032 237 079 081 215 109 239
0044 080 214 112 239 195 027 230 077
0045 190 028 224 073 081 215 109 239
0046 086 214 114 239 198 036 232 075
0047 209 045 236 086 084 215 118 239
0048 226 061 249 100 086 210 118 239
0049 228 079 264 121 085 215 116 239
0050 227 128 268 157 089 219 118 236
0051 221 170 255 209 092 216 114 239
0052 086 214 118 239
0053 200 203 220 235 092 214 117 239
0054 205 195 229 235 094 221 118 239
0055 211 193 236 239 094 220 118 239
0056 210 193 236 234 092 212 119 239
0057 211 195 234 237 093 214 117 239
0058 205 199 228 239 093 217 113 239
