0009 144 190 187 239
0010 141 134 189 185
0011 149 109 199 175 050 205 105 239
0012 074 197 125 237 132 079 188 122 031 190 089 235
0013 079 184 131 223 140 060 191 122 032 186 091 239
0014 125 029 182 085 064 168 137 210
0015 118 034 176 081 076 166 145 204 045 163 107 217
0016 117 037 181 092 088 169 139 202
0017 114 051 182 099 069 163 141 199
0018 071 159 148 196 110 066 171 117
0019 102 081 159 124 077 160 148 196
0020 095 090 156 140 072 160 151 196
0021 103 101 165 154 092 163 152 196
0022 094 112 144 169 079 161 151 199
0023 093 114 145 172 074 165 147 197
0024 080 144 145 197 101 116 155 174
0025 094 121 145 193
0026 090 126 138 191
0027 095 120 145 193
0028 100 118 149 178 070 163 146 201
0029 097 121 147 173 098 174 143 201 052 174 116 226
0030 106 129 161 180 072 201 130 239
0031 117 175 180 233
0032 127 208 161 239
