0000 094 204 119 239 170 196 195 229
0001 095 207 121 239 170 198 194 230
0002 094 204 121 239 172 198 194 229
0003 099 201 126 236 169 188 194 229
0004 100 181 140 214 169 164 205 203
0005 150 143 192 183 104 154 149 185
0006 143 114 182 152 108 124 153 161
0007 107 109 155 152 144 102 180 140
0008 144 099 182 139 115 102 148 141
0009 142 096 182 139
0010 137 097 178 138 118 095 156 130
0011 117 097 159 138
0012 114 098 160 144
0013 112 100 160 145
0015 128 094 171 134
0016 141 103 181 140 118 101 148 140
0017 109 115 150 159 151 120 191 158
0018 104 152 136 184 167 149 200 190
0019 177 175 200 215 095 175 131 216
0020 173 190 196 225 095 194 127 236
0021 097 205 120 238 174 192 194 226
0022 093 202 123 238 179 186 201 228
0023 095 203 120 238 178 193 199 229
0024 171 190 194 227 098 203 121 239
0025 174 191 195 228 095 204 122 239
0026 170 187 196 226 098 206 120 238
