0000 061 209 086 239 150 196 180 237
0001 153 200 181 236 063 208 088 239
0002 057 207 088 239 160 191 187 234
0003 056 211 084 239 162 193 189 234
0004 061 207 085 235 163 194 188 230
0005 062 205 092 239 157 192 183 232
0006 066 201 097 239 154 185 180 227
0007 145 176 182 216 063 189 102 229
0008 076 174 110 205 135 159 171 195
0009 136 151 168 178 077 155 117 190
0010 126 125 166 162 081 132 125 170
0011 122 117 160 154 083 114 126 155
0012 121 106 158 145 089 112 128 147
0013 118 104 158 144 093 108 132 147
0014 115 104 157 142 099 098 129 142
0015 109 100 155 142
0016 114 102 156 142 090 100 132 143
0017 115 097 157 140 096 104 134 144
0018 112 101 155 144 101 105 127 140
0019 112 101 155 143 090 105 131 144
0020 111 100 155 144 096 105 124 143
0021 109 099 154 144 097 103 125 142
0022 115 103 159 144 090 104 130 145
0023 116 100 159 141 093 103 134 144
0024 108 101 156 145 095 105 125 147
0025 114 095 158 142 088 102 133 146
0026 106 097 157 145 095 102 125 145
0027 112 096 159 141 089 102 132 144
0028 106 098 157 144
0029 107 096 155 139 088 104 130 147
0030 111 101 157 144 087 105 132 145
0031 107 099 155 144
0032 111 101 158 146 090 105 130 146
0033 090 112 131 155 115 109 159 154
0034 082 139 131 179 125 143 164 177
0035 080 175 120 213 133 179 167 221
0036 151 203 178 238 069 200 107 235
0037 155 195 187 235 055 212 088 239
0038 048 207 075 239 163 195 185 230
0039 167 199 187 229 041 203 072 237
0040 045 206 070 239 166 198 186 230
0041 045 205 078 239 159 199 183 235
