0000 093 204 115 239
0001 091 202 113 239 170 176 204 223
0002 093 202 117 239 171 186 194 221
0003 089 201 120 238 171 190 194 226
0004 092 198 119 235 169 180 201 223
0005 097 183 128 218 171 174 196 204
0006 100 156 141 197 156 146 197 183
0007 144 109 186 149 103 116 150 157
0008 105 098 152 140 138 098 179 133
0009 108 093 150 135 142 092 181 132
0010 113 094 151 136
0011 111 092 153 135 138 091 182 133
0012 112 092 151 135 139 091 184 132
0013 112 093 150 134 140 089 184 134
0014 139 090 183 133 107 097 149 140
0015 108 094 150 138 137 089 177 132
0016 148 091 180 132 110 096 144 136
0017 102 124 139 161 160 127 201 164
0018 175 163 203 202 093 165 123 199
0019 175 182 199 223 092 188 119 229
0020 089 208 112 239 171 190 196 227
