0000 094 206 121 239 173 195 197 232
0001 097 205 119 235 173 197 196 232
0002 092 200 125 236 174 196 196 231
0003 092 198 125 231 172 191 196 232
0004 173 189 197 228 095 200 125 234
0005 096 194 132 230 174 186 196 226
0006 096 192 132 225 167 185 191 223
0007 097 173 142 206 163 164 200 203
0008 105 161 146 194 157 154 196 188
0009 146 124 190 160 107 133 154 168
0010 152 112 190 151 112 117 157 155
0011 151 101 188 141 110 106 156 146
0012 108 098 154 141 150 099 180 130
0013 147 098 184 138 110 092 155 137
0014 143 094 183 133 111 095 157 135
0015 145 100 184 137 107 097 153 138
0016 111 096 157 139 139 098 183 139
0017 111 096 156 140 140 096 180 134
0018 112 095 156 136
0019 111 096 156 139 141 097 183 142
0020 112 100 156 140 139 096 185 137
0021 107 102 153 144 148 109 190 150
0022 100 133 138 169 172 139 206 173
0023 092 166 119 203 179 165 204 204
0024 091 190 116 227 176 176 201 219
0025 090 202 119 239 175 191 197 227
0026 094 202 120 236 172 187 195 222
