0000 107 207 152 237 147 165 191 201
0001 107 208 152 237 146 130 191 175
0002 107 207 152 237 153 101 189 152
0003 107 207 153 237 151 090 193 138
0004 107 207 153 237 157 083 187 124
0005 107 208 153 237 156 081 188 119
0006 107 208 153 237 157 081 187 117
0007 107 207 153 237 156 081 186 118
0008 107 207 153 237 157 081 187 119
0009 107 207 153 237 158 082 189 120
0010 107 208 152 237 158 086 188 117
0011 107 208 152 237 156 081 185 119
0012 108 207 157 239 155 084 185 121
0013 107 209 153 238 151 083 183 126
0014 108 209 153 238 149 087 178 124
0015 107 206 157 239 143 087 175 132
0016 107 208 153 237 139 087 173 135
0017 107 208 153 237 139 087 173 133
0018 107 208 152 237 141 088 171 133
0019 107 208 152 237 141 087 170 133
0020 107 208 153 237 141 088 170 133
0021 107 208 153 237 141 084 171 130
0022 107 208 153 237 141 084 170 131
0023 107 208 153 237 142 088 171 132
0024 107 208 157 239 137 089 172 139
0025 107 207 157 239 140 102 176 150
0026 141 125 180 169 107 207 156 239
0027 107 207 156 239 140 142 186 189
0028 108 208 158 239 144 171 195 210
0029 153 188 200 223 108 207 156 239
0030 108 206 155 239 154 198 200 231
0031 108 207 155 239 155 197 198 231
0032 108 207 156 239 155 196 200 233
0033 109 208 156 239 156 196 199 232
0034 108 207 156 239 156 197 198 233
0035 108 207 156 239 156 197 198 233
0036 113 209 155 239 154 202 201 235
