0000 108 195 148 236 157 189 197 212
0001 107 195 148 237 161 189 195 215
0002 108 195 147 236 161 189 195 215
0003 108 195 148 236 161 189 195 215
0004 108 195 148 236 161 189 195 215
0005 107 195 148 236 161 189 195 215
0006 107 195 148 236 159 187 199 214
0007 107 195 147 238 164 186 200 212
0008 106 195 148 238 169 172 209 208
0009 109 196 143 235 186 145 217 191
0010 109 196 143 235 192 119 222 169
0011 110 194 145 235 189 096 219 144
0012 110 194 145 235 173 082 212 124
0013 110 194 144 235 171 080 208 118
0014 110 194 144 235 166 081 200 115
0015 110 194 144 235 164 079 202 115
0016 110 195 144 235 162 082 197 115
0017 110 194 144 235 162 081 197 118
0018 110 194 144 235 160 083 195 119
0019 110 194 144 235 153 084 192 120
0020 110 194 144 235 149 089 189 126
0021 109 193 144 236 150 094 181 135
0022 109 194 144 236 144 093 185 131
0023 110 194 144 236 150 095 181 131
0024 110 196 144 235 146 093 184 131
0025 110 196 144 235 151 093 181 134
0026 110 196 144 235 152 092 181 134
0027 110 196 144 235 151 091 181 134
0028 110 196 144 235 145 091 183 133
0029 111 194 146 238 147 101 187 142
0030 111 194 145 238 146 117 187 158
0031 111 194 145 238 148 130 189 170
0032 111 195 145 238 147 155 193 191
0033 110 196 144 235 153 175 199 207
0034 107 196 149 237 155 186 196 214
0035 107 196 149 237 153 188 198 213
0036 108 196 148 236 150 187 197 214
0037 108 196 148 236 153 189 198 212
0038 108 196 148 237 151 187 195 214
0039 108 196 148 237 151 187 195 214
0040 108 196 148 237 151 187 196 214
