0000 187 214 205 239
0001 184 211 206 239
0002 180 209 204 239 109 217 132 239
0003 117 176 149 217 173 176 197 220
0004 169 153 191 179 126 151 164 183
0005 127 140 162 167 169 131 194 179
0006 182 125 211 173 097 121 136 155
0007 077 108 101 138 202 116 226 151
0008 009 079 049 117 241 099 278 130
0009 266 093 296 117
0010 266 090 302 117
0011 273 092 300 115
0012 267 087 306 116
0013 268 086 303 113
0014 274 074 307 103
0015 257 044 296 078 004 032 041 065
0016 215 041 241 073 061 028 099 058
0017 208 041 234 070 059 028 092 058
0018 014 026 041 073 237 041 260 080
0019 273 062 302 093
0020 269 067 308 097 016 060 058 108
0021 242 050 265 080 088 031 131 077
0022 094 030 137 060 190 041 228 070
0023 076 030 107 051 196 041 228 068
0024 009 025 045 068 239 041 263 076
0025 266 059 293 093
0026 013 067 061 113 266 067 303 099
0027 230 048 253 080 104 036 133 080
0028 192 043 221 072 113 036 158 067
0029 177 041 210 066 098 035 136 061
0030 060 023 087 059 197 036 224 064
0031 237 034 260 074 006 030 037 077
0032 256 055 281 088 002 083 028 123
0033 262 081 296 114 004 154 043 198
0034 262 124 293 162
0035 248 194 266 221
0036 207 206 244 239
0037 192 213 214 239
0038 185 210 207 239
0039 183 208 213 236
0040 184 204 218 239
0042 185 205 215 237
0048 179 205 207 235
