0000 190 203 210 235 139 203 157 230
0001 137 205 157 236 194 206 214 234
0002 138 204 157 231 193 203 211 235
0003 136 205 157 235 190 202 210 235
0004 137 205 157 235 193 203 211 235
0005 137 208 155 235 193 203 211 235
0006 191 203 211 235 136 207 156 234
0007 133 206 150 230
0008 119 188 144 228 211 196 235 223
0009 092 184 118 216 236 175 272 203
0010 253 134 289 156 059 153 092 182
0011 043 106 080 132 261 101 290 121
0012 056 069 078 094 250 067 271 092
0013 066 048 091 074 243 056 266 086
0014 073 037 095 067 239 052 262 078
0015 077 035 099 065 238 049 260 077
0016 077 035 100 065 236 049 269 084
0017 079 036 100 063 240 052 263 083
0018 074 039 095 064 243 053 264 084
0019 074 039 099 075 244 056 264 084
0020 072 043 102 076 248 062 275 088
0021 079 047 117 074 244 063 277 083
0022 111 037 139 071 236 049 268 076
0023 132 023 157 058 218 028 240 066
0024 206 021 224 057 146 019 168 056
0025 153 018 175 052 194 023 213 057
0026 190 025 209 057 157 020 178 050
0027 191 027 209 057 157 020 177 049
0028 191 026 210 057 158 021 179 052
0029 192 026 212 058 159 023 179 053
0030 191 031 213 061 158 026 176 055
0031 194 049 214 082 153 040 174 071
0032 193 068 214 097 153 055 170 084
0033 192 100 215 128 155 087 181 125
0034 148 128 174 159 196 142 214 176
0035 144 171 168 197 196 189 215 222
0036 141 193 160 224
0037 137 200 156 229
0038 137 199 155 231
0039 136 202 154 231 190 196 210 229
0040 136 202 155 235 193 196 212 229
0041 135 201 155 234 192 195 214 232
0042 136 204 155 232 191 196 213 232
