0000 233 126 275 151
0001 240 088 262 110 201 093 267 140 082 080 101 107 113 109 147 136
0002 103 066 122 101 230 076 254 107 114 092 142 142
0003 223 074 245 109 118 071 142 102 119 092 146 143
0004 198 089 236 143 113 090 144 134 218 088 241 118
0005 114 109 148 154 208 107 236 152
0006 202 126 237 169 118 125 154 165
0007 125 153 153 202 193 156 242 192
0008 136 198 162 236 193 189 222 236
0009 137 196 161 231 188 196 209 228
0010 193 193 214 229 129 156 156 214 134 191 158 230
0011 200 192 225 229 117 156 158 224
0012 207 181 233 223
0013 207 175 235 220 107 187 128 224
0014 207 183 244 216 105 181 128 219
0015 093 180 120 213 220 177 254 210
0016 081 163 116 196 233 170 271 198 104 142 144 181
0017 075 138 144 171 206 144 274 175
0018 202 131 277 161 244 133 274 152
0019 237 116 278 146
0020 239 094 267 124 093 088 116 124
0021 231 087 254 118 113 086 137 118 195 102 242 149
0022 118 087 145 129 224 085 245 115 198 092 242 145
0023 201 097 238 142 119 087 143 131
0024 203 103 242 148 117 086 147 123
0025 107 083 136 137 206 096 247 145 228 092 248 121
0026 097 077 117 110 237 089 261 120
0027 244 095 267 121 084 085 106 112
0028 240 100 277 130 082 090 107 121 098 108 138 131
0029 244 106 271 132 073 093 107 123
0030 244 107 271 133 071 091 106 123
0031 247 106 275 129
0032 249 107 279 129 074 091 112 125
0033 240 105 277 127 084 092 117 127
0034 232 094 268 124
0035 118 096 154 130 203 106 231 147
0036 121 103 150 146 198 101 234 138
0037 119 104 151 149 197 105 235 147
0038 118 105 148 146 201 112 229 155
0039 115 109 148 153 199 112 237 151
0040 114 114 146 160 202 127 235 168
0041 112 134 154 171 205 143 245 172
0042 121 171 156 206 196 159 236 203
0043 201 185 226 229 129 158 155 220
0044 194 194 213 223 135 201 157 233
0045 189 194 207 228
0046 192 195 208 226
0047 192 195 211 228
0048 193 195 210 229
0049 189 196 207 229
