0001 127 219 184 239
0002 140 189 190 239
0003 144 144 185 217
0004 151 106 193 188
0005 155 087 198 160
0006 156 072 201 138 061 216 104 239
0007 158 056 204 130 062 215 105 239
0008 158 063 216 117 058 216 109 239
0009 164 057 221 114
0010 167 051 225 107 063 216 105 239
0011 167 050 226 113 062 215 106 239
0012 180 050 226 112 062 216 106 239
0013 179 052 227 112
0014 174 059 230 113
0015 173 055 221 114
0016 175 056 213 111
0017 164 056 212 117
0018 162 057 218 119
0019 159 057 218 117
0020 174 056 217 111
0021 179 049 225 110
0022 179 048 232 104
0023 181 047 218 103
0024 172 053 219 108
0025 156 051 215 108
0026 156 054 211 111
0027 169 057 213 110
0028 171 051 214 110
0029 173 050 210 115
0030 168 065 209 129
0031 159 082 212 137
0032 159 093 207 148 061 220 109 239
0033 159 117 208 171 062 215 106 239
0034 158 139 205 194 059 218 104 239
0035 153 176 198 230 056 216 089 239
0036 139 218 186 239
