0000 115 194 172 239 048 211 084 239
0001 102 170 160 237 047 207 081 239
0002 096 135 148 201 045 209 084 239
0003 089 110 156 178 043 206 085 239
0004 092 090 148 167 040 210 084 239
0005 100 083 155 164 045 209 085 239
0006 106 079 154 164
0007 107 087 165 168 040 218 087 239
0008 110 077 162 162 041 218 081 239
0009 107 084 177 155 040 216 079 239
0010 109 077 178 165 045 217 090 239
0011 102 082 169 153
0012 091 082 159 150
0013 084 085 145 151 043 202 079 239
0014 082 095 140 151
0015 088 096 143 152 039 207 083 239
0016 089 098 143 150 044 209 082 239
0017 090 098 144 152 042 205 079 239
0018 091 099 144 155 041 212 086 239
0019 087 099 145 155 044 209 085 239
0020 086 094 142 150 045 208 085 239
0021 092 080 145 148 042 201 081 239
0022 097 085 162 148 045 210 084 239
0023 101 080 173 153 039 213 087 239
0024 116 083 188 154
0025 126 084 193 152
0026 133 083 193 172 149 147 179 189
0027 134 106 210 174 046 206 084 239
0028 139 114 207 191 038 208 082 239
0029 147 141 200 212 040 202 087 239
0030 148 174 197 237 036 198 079 239
0031 143 190 194 239 021 189 067 239
0032 140 206 186 239 005 171 041 227
0033 139 213 176 239
0034 135 208 180 239
0035 136 208 181 239
0036 136 207 180 239
0037 135 212 186 239
0038 136 209 180 239
0039 135 208 181 239
0040 138 208 181 239
0041 137 209 179 239
0042 137 209 180 239
0043 137 210 180 239
0044 137 210 180 239
0045 137 210 180 239
