0013 200 168 246 234
0014 212 125 255 207
0015 225 111 279 171
0016 240 111 297 162
0017 251 115 303 172
0018 259 119 302 171
0019 257 117 301 168
0020 240 108 290 162
0021 228 097 273 175
0022 213 112 254 188
0023 208 135 249 199
0024 205 129 250 197
0025 209 114 251 187
0026 217 107 260 188
0027 235 104 281 165
0028 250 104 290 172
0029 256 116 291 164
0030 256 118 293 164
0031 255 104 293 162
0032 239 130 292 172
0033 234 133 297 172 245 113 307 152
0034 230 132 298 169 128 208 182 239
0035 232 138 298 173 182 161 218 211
