0000 043 219 080 237
0001 043 220 080 237
0002 093 207 147 239 042 216 079 239
0003 102 163 154 210
0004 112 102 160 153 046 218 080 237
0005 119 061 168 125 043 219 081 237
0006 126 040 171 117 042 220 080 237
0007 130 038 179 109 041 221 080 239
0008 131 031 176 104 044 219 080 237
0009 127 036 174 103
0010 132 032 172 103
0011 130 032 171 101 044 219 080 237
0012 129 031 171 101
0013 128 031 172 103
0014 128 034 175 096 042 220 076 238
0015 127 035 174 099
0016 124 066 169 119 042 222 080 239
0017 113 106 164 154 043 219 079 237
0018 098 190 154 235 042 219 079 237
0019 099 218 158 239 043 219 079 237
0020 043 220 079 237
0021 043 219 079 237
0022 043 220 079 237
0023 043 220 079 237
