0011 175 185 222 236
0012 177 151 227 208
0013 180 121 223 177
0014 188 096 218 152
0015 187 067 216 129
0016 186 059 216 119
0017 185 052 214 109
0018 185 042 216 106
0019 182 043 212 104
0020 180 038 212 106
0021 179 039 212 106
0022 180 042 211 106
0023 181 044 213 107
0024 182 045 213 111
0025 182 045 212 111
0026 184 049 214 109
0027 183 047 214 111
0028 183 047 213 107
0029 184 048 216 110
0030 184 048 217 111
0031 181 050 212 111
0032 181 050 212 111
0033 181 050 212 110
0034 184 049 213 110
0035 182 049 212 115
0036 182 047 213 113
0037 177 062 208 119
0038 159 100 204 153
0039 149 137 197 195
0040 126 195 169 235
0041 119 209 159 238
