0000 019 207 065 237
0001 018 208 063 238
0002 012 206 054 236
0003 002 201 046 239
0004 000 191 032 239
0005 000 184 034 233
0006 002 190 039 236
0007 002 198 048 234
0008 006 201 050 235
0009 009 209 050 237
0010 006 213 050 239
0011 006 215 048 237
0012 007 215 047 238 100 212 149 239
0013 126 184 183 229 009 216 048 239 072 036 127 090
0014 150 158 192 199 011 216 049 238 069 039 122 095
0015 165 122 208 177 011 215 048 239 068 036 122 093
0016 168 100 210 167 011 215 049 239 068 037 122 094
0017 169 074 210 146 011 215 049 239 075 037 124 094
0018 173 063 213 137 011 214 049 239 075 032 127 092
0019 175 050 218 125 010 214 049 239 075 031 126 092
0020 174 044 215 117 010 213 049 238 068 034 129 092
0021 174 037 213 111 010 214 049 238 075 032 127 091
0022 172 034 211 101 010 213 049 238 075 032 126 092
0023 175 032 215 105 010 214 049 238 075 032 126 091
0024 171 031 210 101 014 212 048 236 072 033 123 092
0025 171 029 215 106 013 212 048 238 073 033 123 092
0026 171 027 211 105 012 212 048 238 071 032 125 090
0027 172 032 212 101 012 212 048 238 071 031 126 090
0028 170 031 210 101 012 212 049 237 074 036 124 095
0029 170 032 211 101 012 212 049 237 074 036 124 095
0030 171 029 214 102 013 212 049 237 070 036 128 093
0031 169 032 210 105 013 212 049 237 071 031 126 091
0032 171 027 214 104 013 212 049 237 070 035 128 093
0033 168 033 209 103 013 212 049 237 070 035 128 093
0034 169 034 208 102 013 212 049 238 071 031 126 091
0035 169 034 208 102 012 212 049 238 069 035 128 093
0036 168 038 212 100 011 214 048 238 070 032 123 090
0037 167 039 213 101 011 214 048 238 074 035 122 093
0038 167 038 213 102 011 214 048 238 074 034 123 093
0039 170 031 211 103 011 214 048 238 068 035 127 092
0040 169 036 210 103 011 214 048 238 069 035 127 092
0041 169 036 210 102 011 214 048 238 073 034 123 094
0042 170 034 210 102 011 214 048 238 073 034 122 094
0043 167 035 205 102 011 213 048 239 072 034 122 095
0044 164 050 204 111 010 210 051 235 071 033 123 097
0045 005 212 041 237 164 088 207 143 071 034 124 094
0046 000 205 024 239 069 033 124 098 150 132 197 176
0047 129 180 188 226 000 202 033 239
0048 005 200 043 236 121 202 170 239 071 027 124 084
0049 010 202 059 239
0050 017 202 067 239
0051 019 208 065 237
0052 020 209 065 235
0053 020 211 065 236
0054 021 213 066 236
0055 022 213 066 236
0056 022 213 066 236
0057 021 212 066 236
0058 021 212 065 237
