0006 131 202 182 239
0007 145 142 202 216
0008 155 101 218 174
0009 160 082 221 158
0010 172 055 223 135
0011 176 044 226 121
0012 178 039 226 115
0013 180 036 228 109
0014 182 025 230 104
0015 181 033 231 103
0016 177 028 233 100
0017 179 026 229 099
0018 179 028 227 098
0019 179 026 226 098
0020 179 028 227 101
0021 182 033 229 110
0022 178 032 229 107
0023 180 037 224 112
0024 181 032 221 109
0025 173 054 210 131
0026 160 078 198 147
0027 148 111 187 179
0028 138 137 176 200
0029 118 181 165 234
0030 107 214 145 237
