0000 020 213 061 237
0001 024 219 057 239
0002 024 219 057 239
0003 024 219 057 239
0004 024 219 057 239
0005 024 219 057 239
0006 024 219 057 239
0007 024 219 057 239
0008 021 205 053 239
0009 102 213 166 239 021 204 053 239
0010 123 170 169 222 021 204 053 239
0011 132 130 185 190 021 206 053 239
0012 143 079 183 153 021 216 061 239
0013 145 052 183 122 021 215 060 239
0014 143 041 184 109 021 213 054 239
0015 145 035 183 101 021 213 054 239
0016 148 030 185 094 021 213 055 239
0017 149 027 186 089 021 215 060 239
0018 149 027 187 091 020 214 059 238
0019 149 028 186 090 020 214 059 238
0020 149 028 187 094 020 214 059 238
0021 148 027 187 094 020 214 060 238
0022 144 029 183 094 021 214 060 239
0023 145 028 189 094 020 209 066 236
0024 148 027 187 095 021 211 056 239
0025 144 028 189 095 021 210 055 239
0026 147 027 187 096 021 210 055 239
0027 147 028 182 095 021 214 059 237
0028 147 028 187 097 023 213 057 239
0029 141 037 186 099 021 214 060 237
0030 138 059 182 111 023 216 061 239
0031 021 214 060 237 142 076 182 129
0032 017 211 057 235
0033 022 215 060 237 118 167 173 217
0034 109 204 177 237 021 215 059 239
0035 021 214 060 237
0036 016 213 062 239
0037 016 213 060 239
0038 019 216 061 238
0039 019 216 061 238
