0000 085 179 103 207 144 171 167 207
0001 080 182 102 215 144 174 165 210
0002 131 169 161 213 066 173 088 211
0003 055 149 076 187 113 150 149 191
0004 047 101 083 137 097 122 133 158
0005 056 057 095 096 095 086 130 124
0006 061 041 114 079 105 065 132 113
0007 068 038 117 069 108 053 134 104
0008 069 040 118 072 106 055 132 109
0009 074 045 121 068 101 057 130 107
0010 099 057 126 104 081 041 125 065
0011 099 047 131 107 074 040 130 066
0012 098 048 132 107 073 039 128 063
0013 076 040 126 062 100 052 127 103
0014 075 042 130 066 100 053 125 103
0015 073 041 132 068 101 059 122 101
0016 074 041 129 071 100 055 124 103
0017 075 043 133 068 098 054 124 105
0018 074 042 129 070 101 057 122 103
0019 076 043 135 068 101 058 122 102
0020 081 043 128 068 099 057 125 107
0021 072 047 121 081 092 061 131 111
0022 094 082 132 129 069 064 116 094
0023 108 121 152 163
0024 130 157 158 199 050 146 073 190
0025 145 174 170 216 054 166 075 206
0026 060 172 081 216 151 180 171 217
0027 148 179 169 213 078 176 095 212
0028 145 177 166 209 084 175 104 205
0029 145 177 167 209 086 174 104 204
0030 145 178 167 209 084 174 104 205
0031 144 178 167 210 084 173 104 202
0032 145 180 168 213 084 175 104 205
0033 082 177 104 209 149 176 170 210
0034 086 176 108 211 156 154 175 197
0035 098 169 126 202 164 142 188 166
0036 118 158 149 190 166 129 212 159
0037 144 147 180 173 185 130 228 159 098 131 137 158
0038 143 053 184 093 193 138 239 163 123 128 166 156 163 141 216 162
0039 154 055 192 093 187 141 243 166 144 122 182 153
0040 160 053 202 090 199 145 240 166
0041 168 057 207 090 205 151 242 168
0042 170 057 210 092 193 146 247 172
0043 177 057 212 094 214 150 242 175
0044 178 059 212 095 215 150 241 174
0045 180 060 214 095 214 149 241 175
