0008 078 214 122 239
0009 055 201 101 239 066 165 137 216
0010 063 158 112 213 062 119 116 156
0011 072 117 116 211 077 089 148 136
0012 078 093 121 191 071 071 146 110
0013 078 089 122 182 064 062 146 112
0014 079 087 124 181 063 057 138 093
0015 077 089 123 183 062 054 137 088
0016 077 079 124 182 055 054 136 089
0017 076 075 120 178 059 054 154 101
0018 079 085 122 184 054 055 137 090
0019 074 071 121 185 057 056 130 092
0020 077 073 121 177 060 056 147 095
0021 082 074 120 177 061 059 133 093
0022 076 073 126 185 060 056 145 096
0023 084 079 123 181 057 057 143 089
0024 084 078 123 180 066 057 147 097
0025 084 079 122 180 061 056 136 093
0026 073 070 129 185 061 058 144 098
0027 056 062 136 100 073 071 124 191
0028 057 066 134 103 075 084 119 187
0029 073 098 123 193 058 065 123 106
0030 062 111 116 194 058 081 133 123
0031 053 125 110 205 065 095 127 141
0032 040 158 091 215 091 131 137 201
0033 028 179 077 233 089 156 138 228
0034 080 216 113 237
