0000 077 208 104 237 124 213 154 239
0001 077 208 104 237 124 213 154 239
0002 077 208 104 237 125 213 154 239
0003 077 208 104 237 125 213 154 239
0004 077 208 103 237 120 215 159 236
0005 077 208 103 237 120 215 159 236
0006 078 208 105 237 121 215 159 236
0007 078 208 105 237 121 215 159 237
0008 121 215 159 237 078 208 105 237
0009 121 215 159 237 078 208 103 238
0010 124 210 158 237 076 205 102 235
0011 122 206 157 239 079 207 103 236
0012 124 197 163 235 079 198 103 230
0013 126 183 153 216 078 188 106 226
0014 115 164 152 196 076 170 110 217
0015 115 142 152 172 085 157 112 206
0016 084 143 112 196 104 117 153 153
0017 088 130 117 185 101 102 143 138
0018 094 094 143 132 093 122 121 175
0019 093 092 143 127 093 108 119 169
0020 094 089 137 122 099 115 123 156
0021 096 091 135 131 099 110 126 153
0022 101 091 133 149
0023 101 092 133 151
0024 103 086 135 147
0025 101 083 136 139
0026 102 085 135 138
0027 102 083 136 136
0028 102 083 136 138
0029 103 086 136 139
0030 099 084 140 141
0031 102 087 137 143
0032 101 087 141 143
0033 103 083 152 114
0034 087 114 123 163 111 093 163 127
0035 082 127 112 177 122 114 165 151
0036 128 156 158 186 081 142 107 197
0037 125 183 154 222 074 163 112 215
0038 122 200 153 235 071 186 105 228
0039 122 209 153 239 074 198 100 231
0040 078 204 101 234 119 215 156 237
0041 078 208 105 237 124 212 152 239
0042 077 207 105 238 124 214 152 239
0043 124 214 152 239 078 209 107 239
0044 078 209 107 238 124 213 152 239
0045 124 213 152 239 078 209 106 238
0046 074 206 102 237 124 213 152 239
