0008 139 190 180 234
0010 167 187 214 231
0011 139 186 193 239 179 156 246 204 238 196 260 225
0012 146 163 216 222 193 120 255 188
0013 166 117 221 178 187 076 244 126 051 170 128 220
0014 173 063 233 161 058 154 108 207
0015 171 065 214 139 169 049 235 099
0016 171 042 234 086 163 051 206 132
0017 167 035 229 078 157 039 207 135
0018 164 030 220 079 160 050 191 119
0019 158 026 229 066 158 048 188 117
0020 159 032 224 076 157 053 190 119
0021 161 032 216 079 155 056 184 125
0022 160 033 230 076 157 064 184 123
0023 155 034 222 075 155 058 185 124
0024 153 037 227 079 154 058 182 126
0025 151 035 226 078 154 057 184 127
0026 151 036 226 079 151 057 181 133
0027 150 035 224 076 149 057 180 131
0028 151 035 223 076 149 061 179 131
0029 150 035 223 076 150 061 179 129
0030 150 035 223 077 150 062 179 129
0031 151 035 223 078 149 062 179 131
0032 151 037 224 082 148 062 180 133
0033 156 049 225 093 151 072 184 141
0034 152 083 193 165 157 074 225 115
0035 164 114 227 173 139 142 200 201
0036 130 170 199 229 169 143 233 208
0037 125 204 166 239 159 172 204 214
0038 028 190 061 232 109 220 148 239 161 188 204 236
0039 016 193 063 236
0040 012 195 060 237
