0000 065 208 090 239 152 194 179 236
0001 066 207 092 239 154 190 181 238
0002 066 206 093 239 151 196 177 239
0003 145 194 175 238 062 203 098 238
0004 141 192 171 236 068 196 096 239
0005 136 189 164 234 070 176 099 222
0006 073 167 105 210 128 169 164 223
0007 124 155 165 195 076 154 111 190
0008 083 133 113 177 120 134 166 162
0009 093 116 119 161 117 108 160 141
0010 097 109 124 158 107 090 151 120
0011 099 106 126 156 103 094 146 119
0012 101 111 127 158 105 092 156 122
0013 105 095 156 121 103 106 132 154
0014 104 097 155 119 101 107 136 154
0015 101 099 152 121 100 107 134 154
0016 101 107 128 158 106 097 159 123
0017 101 107 128 155 100 096 158 125
0018 101 106 128 155 105 099 154 123
0019 099 105 128 155 103 099 154 121
0020 100 109 126 153 105 100 154 123
0021 098 114 124 158 102 099 160 125
0022 099 110 126 156 102 100 159 123
0023 097 110 124 154 101 100 150 123
0024 098 112 122 156 103 101 151 125
0025 098 110 125 154 101 100 150 125
0026 093 110 125 157 101 101 149 126
0027 097 112 121 156 102 101 149 126
0028 096 111 122 157 100 102 150 125
0029 097 111 122 156 099 102 150 125
0030 099 109 124 152 100 102 151 125
0031 097 105 125 152 099 102 151 125
0032 097 105 125 152 099 102 150 125
0033 097 106 126 152 099 100 146 122
0034 097 107 124 155 098 103 145 124
0035 095 107 124 154 099 102 150 126
0036 096 108 123 154 098 102 148 125
0037 096 107 123 154 099 101 147 125
0038 095 107 122 154 098 101 148 124
0039 096 106 122 154 099 100 147 121
0040 096 107 122 154 098 100 148 120
0041 096 107 122 153 098 101 147 123
0042 090 109 125 152 100 100 144 122
0043 092 111 118 157 097 101 145 125
0044 089 119 118 162 097 106 153 132
0045 079 130 121 172 101 119 152 148
0046 102 141 163 181
0047 070 177 104 222 123 171 164 221
0048 058 200 095 239 133 191 165 239
0049 061 209 087 239 143 190 173 235
0050 148 192 177 236 059 205 084 239
