0008 174 214 231 239 063 214 103 239
0009 076 197 115 237 170 176 232 228
0010 086 179 126 236 150 143 223 183
0011 103 160 143 226 133 114 216 156
0012 113 148 145 212 065 187 112 228 115 090 161 128
0013 112 093 172 123 117 136 148 204 063 183 116 223
0014 124 120 151 195 106 089 185 119 059 179 124 220
0015 121 114 153 189 099 087 176 114 064 172 125 219
0016 096 084 169 120 122 114 150 176 075 168 127 216
0017 095 088 164 115 120 106 156 178 073 167 129 217
0018 090 085 163 117 120 105 155 177
0019 093 088 164 116 122 105 156 176
0020 093 087 165 115 123 106 156 181
0021 093 086 165 115 123 108 153 176
0022 094 086 165 115 123 110 156 179
0023 096 085 169 115 121 108 156 178
0024 097 088 167 116 122 108 155 178 164 091 237 147
0025 097 088 167 116 122 108 155 178
0026 096 086 163 121 121 107 155 177
0027 097 085 169 115 122 108 156 177
0028 122 108 156 178 097 087 169 116
0029 122 108 156 178 094 086 165 115
0030 122 108 156 178 095 086 166 115
0031 122 110 155 179 098 088 168 115
0032 121 115 155 180 099 093 177 120 173 102 243 167
0033 116 124 157 187 115 100 188 132 176 116 240 184 058 181 116 224
0034 129 120 206 164 094 171 144 221 182 121 238 198 063 187 111 228
0035 075 196 127 239 150 161 217 211
0036 067 216 106 237 192 132 221 204 170 219 232 239
