0000 117 216 139 238
0001 117 216 139 238
0002 117 221 141 239
0003 118 219 140 239
0004 115 219 136 239 207 217 229 236
0005 098 182 127 213 192 177 227 210
0006 194 100 226 140 089 116 120 161
0007 093 073 121 118 195 046 230 102
0008 192 040 231 085 110 055 133 090
0009 192 073 226 117 125 074 152 099
0010 122 079 155 109 189 079 232 115
0011 119 073 145 096 193 065 229 110
0012 191 046 233 098 097 063 126 111
0013 199 102 236 163 068 106 106 149
0014 201 166 232 203 070 159 115 199
0015 201 157 231 195 073 162 111 198
0016 198 088 232 142 071 106 110 143
0017 089 054 114 095 192 028 230 088
0018 191 034 227 077 112 046 136 082
0019 196 058 224 090 120 057 146 086
0020 186 072 225 109 128 076 152 102
0021 122 069 151 099 187 067 224 104
0022 124 066 150 094 187 059 226 095
0023 195 054 226 086 117 061 142 090
0024 200 051 235 091 099 059 126 102
0025 200 055 240 110 083 075 116 118
0026 209 112 253 167 070 119 101 168
0027 084 195 113 236 220 204 244 235
0028 215 215 236 239
0029 114 220 134 239
0030 117 220 139 239
0031 116 221 138 239
0032 118 220 140 239
0033 116 221 139 239
0034 118 220 147 238 211 221 231 239
