0000 203 188 223 223 113 188 132 220
0001 205 188 225 224 113 189 133 222
0002 204 191 224 227 117 185 137 222
0003 206 187 227 224 116 187 137 221
0004 206 189 228 228 116 188 137 223
0005 206 189 226 228 116 189 137 223
0006 206 186 227 225 115 188 134 223
0007 206 188 228 226 115 190 132 223
0008 206 188 228 228 114 186 133 220
0009 209 192 232 232 109 187 131 220
0010 219 175 254 224 101 177 134 210
0011 219 165 264 207 096 168 133 199
0012 202 108 260 151 093 120 135 156
0013 095 094 136 134 212 079 258 131
0014 215 034 244 087 104 054 131 097 114 087 141 132
0015 203 026 232 071 114 029 141 073 112 075 140 124
0016 195 027 224 060 123 026 144 063
0017 128 031 149 061 189 041 220 064 111 077 138 112
0018 195 056 231 103 109 057 146 113
0019 196 062 230 107 109 059 147 114
0020 194 057 232 112 132 053 156 077
0021 198 057 231 107 120 047 155 078
0022 123 042 144 070
0023 204 042 238 081 112 038 139 077
0024 106 048 131 093 221 058 251 106
0025 086 088 115 130 230 105 270 143
0026 240 131 275 164 076 115 116 152
0027 237 165 277 206 077 158 115 192
0028 230 174 269 227 084 177 123 210
0029 228 181 263 226 094 177 125 218
0030 226 177 265 225 095 179 127 218
0031 228 164 273 206 089 169 125 206
0032 211 117 274 151 089 119 122 146
0033 094 071 122 111 218 067 257 113
0034 209 032 236 078 108 040 133 081
0035 197 029 232 074 117 031 140 069
0036 182 037 220 069 124 033 154 064
0037 134 043 155 067 181 048 221 072
0038 191 060 234 103
0039 192 064 234 109 106 062 145 109
0040 190 063 236 113
0041 098 067 140 113 187 061 223 078 129 060 152 080 193 058 235 101
0042 127 054 152 078 189 050 235 077
0043 117 055 145 082 200 044 232 081 099 073 133 130
0044 110 058 139 092 203 070 251 108
0045 207 103 252 138 103 072 132 109
0046 207 140 246 181 092 105 123 143
0047 208 160 241 207 095 122 128 168
0048 106 168 128 204 205 179 230 226
0049 109 180 130 216 207 191 227 228
0050 205 189 229 234 111 183 132 219
0051 204 191 225 229 115 185 135 220
0052 202 187 223 230 118 187 139 221
0053 116 189 136 217 200 185 225 226
0054 200 191 222 231 115 189 136 218
0055 201 187 224 226 116 189 137 220
0056 198 190 221 229 121 186 141 218
0057 195 190 220 231 119 188 142 221
0058 194 190 220 231 121 189 141 217
0059 194 191 219 231 118 190 139 219
0060 195 190 222 230 115 188 135 218
