0000 146 180 166 205 080 171 099 203
0001 146 181 166 205 080 171 099 203
0002 146 181 165 206 080 171 100 203
0003 146 181 166 206 080 171 099 203
0004 150 180 167 210 080 171 099 203
0005 149 184 165 216 080 172 100 203
0006 140 174 161 216 079 171 099 204
0007 116 148 145 181 080 171 099 203
0008 097 106 127 134 079 172 099 204
0009 080 172 099 204 087 070 129 094
0010 080 172 099 202 108 060 145 096
0011 080 171 099 202 112 062 150 094
0012 080 172 099 204 112 068 150 097
0013 080 171 099 201 110 057 149 093
0014 078 175 098 203 111 063 149 098
0015 078 176 097 204 117 063 146 096
0016 079 176 099 204 116 073 146 099 096 064 133 087
0017 079 175 099 203 106 070 144 099
0018 079 174 099 204 105 068 145 095
0019 079 174 098 204 117 069 145 095
0020 079 174 098 205 111 071 140 097
0021 079 174 099 205 107 066 146 093
0022 079 174 099 205 107 067 146 094
0023 079 174 099 206 107 068 146 094
0024 079 173 098 203 114 074 149 100
0025 079 174 098 203
0026 078 175 098 205
0027 110 097 147 119 078 177 098 206
0028 111 120 149 145 078 177 097 206
0029 123 148 152 176 078 177 097 206
0030 134 165 161 197 078 177 098 206
0031 144 174 165 206 079 176 097 203
0032 079 177 098 204 150 178 171 209
0033 154 178 172 209 079 177 098 204
0034 154 177 172 207 080 177 098 205
