0000 168 212 191 237 089 208 113 239
0001 169 215 190 239 090 207 115 239
0002 168 212 196 236 089 207 110 235
0003 182 212 205 235 088 208 115 239
0004 197 202 223 238 088 209 114 239
0005 205 172 243 228 088 206 110 239
0006 088 209 115 239 196 142 238 202
0007 179 118 222 154 088 209 115 239
0008 146 094 204 122 088 208 113 236
0009 120 088 169 111 088 207 112 235
0010 117 093 157 114 089 206 112 237
0011 090 207 112 237 116 096 154 118 155 095 206 141
0012 090 207 112 237 119 093 153 118 156 096 206 140
0013 089 205 115 239 116 095 157 117
0014 089 205 115 239 115 096 157 119
0015 089 205 115 239 115 095 157 118
0016 089 205 115 239 114 094 156 115
0017 090 206 115 239 154 098 201 141
0018 090 208 114 239
0019 089 206 114 239 104 096 156 123 156 094 208 141
0020 088 208 115 239 114 096 154 118 161 098 203 140
0021 115 101 157 131 088 209 115 239 161 107 207 148
0022 088 210 114 239 114 120 162 155 163 121 208 154
0023 140 157 176 211 086 208 113 239
0024 153 190 193 239 089 210 114 234
0025 161 208 189 239 089 211 115 235
0026 160 211 186 239 087 212 114 239
0027 160 210 185 238 087 209 110 239
0028 156 214 185 239 088 210 112 238
0029 160 212 187 239 091 212 114 237
0030 160 212 187 239 090 212 113 235
