0000 157 182 174 211 082 176 099 203
0001 161 183 178 212 082 175 099 203
0002 163 183 179 215 084 177 100 206
0003 161 186 179 216 085 177 101 206
0004 158 188 176 213 084 176 100 205
0005 149 168 170 210 084 177 101 207
0006 116 125 149 155 084 177 100 206
0007 083 176 100 206 102 101 133 128
0008 088 066 142 094 084 175 100 205
0009 114 068 147 096 084 174 100 206 097 057 129 079
0010 120 067 148 094 084 174 100 206
0011 120 065 148 094 084 176 100 206
0012 116 067 149 095 083 175 100 206
0013 121 072 149 098 083 176 100 206
0014 118 073 147 097 083 175 101 206 092 058 132 080
0015 115 074 150 100 082 175 100 207 094 061 126 087
0016 082 175 100 206 115 070 152 095 095 061 129 084
0017 090 058 130 084 082 175 100 206 116 072 152 097
0018 121 073 148 097 083 175 100 206 092 061 127 086
0019 092 058 132 080 117 073 151 097 083 175 100 205
0020 083 175 100 206 095 063 141 093 119 073 148 099
0021 083 175 100 205 099 070 139 097
0022 108 087 146 115 085 176 102 203
0023 107 106 145 138 085 176 102 203
0024 122 137 156 171 084 177 100 205
0025 138 160 162 200 084 177 100 206
0026 147 176 167 208 083 176 100 207
0027 154 177 172 209 083 176 100 207
0028 157 178 176 209 084 177 100 206
