0003 075 218 115 239
0004 073 214 114 239
0005 073 215 114 237 172 223 208 239
0006 070 206 120 239 164 214 211 239
0007 159 196 207 239 076 202 124 237
0008 156 175 205 223 090 193 138 231
0009 151 171 206 213 087 184 142 226
0010 100 177 148 216 151 165 199 204
0011 152 157 202 201 095 169 147 215
0012 151 155 197 199 103 163 149 203
0013 148 153 194 197 107 157 151 198
0014 150 148 195 194 107 153 151 194
0015 153 145 199 192 107 151 152 193
0016 153 144 200 194 109 150 156 193
0017 157 144 196 196 107 151 156 194
0018 152 144 198 192 109 153 154 194
0019 152 143 199 188 109 150 158 195
0020 152 142 199 188 111 147 158 194
0021 152 141 199 187 108 146 159 187
0022 110 149 153 192 161 145 198 191
0023 106 145 155 193 155 139 197 184
0024 155 139 195 185 108 142 154 193
0025 108 141 153 193 156 139 196 186
0026 107 141 158 192 156 138 195 185
0027 106 142 157 193 152 138 201 187
0028 154 139 197 185 109 141 152 190
0029 108 139 153 190 154 138 195 184
0030 108 139 151 188 154 135 191 183
0031 106 138 149 189 161 131 195 184
0032 104 139 143 190 158 130 196 179
0033 151 132 215 179 102 136 145 193
0034 159 126 208 177 102 127 149 183
0035 104 127 149 182 153 126 216 175
0036 097 124 149 187 154 127 214 175
0037 095 125 148 187 152 128 213 175
0038 099 124 147 183 154 124 207 175
0039 097 124 145 184 153 124 206 176
0040 100 124 152 180 155 124 210 176
0041 098 125 151 182 154 125 212 176
0042 098 121 152 180 152 126 208 173
0043 096 123 146 184 156 137 215 180
0044 091 143 141 196 157 154 205 199
0045 159 187 213 239 081 177 130 219
0046 164 199 215 239 070 186 123 236
0047 067 208 115 239
0048 071 218 112 239
