0000 197 196 220 227 128 188 150 226
0001 129 186 150 226 194 193 219 226
0002 192 187 214 218 134 179 158 219
0003 181 163 210 207 140 154 165 204
0004 180 149 202 188 136 146 172 188
0005 180 126 207 167 143 131 181 170
0006 181 115 205 154 148 122 179 151
0007 149 098 186 129 198 115 223 152 179 102 202 132
0008 151 084 178 113 199 106 228 150 182 088 208 118
0009 177 072 208 099 144 068 183 101
0010 142 046 171 089 179 048 216 078
0011 173 024 215 058 137 030 159 075 105 084 133 113
0012 100 070 133 106 160 018 200 048 131 030 168 070
0013 097 067 132 105 157 020 186 046 137 032 162 059
0014 097 064 129 101 163 024 187 044
0015 095 065 132 103
0016 093 067 130 101
0017 126 039 152 075 091 066 132 101
0018 143 026 208 049 094 075 127 111 125 040 151 076
0019 169 027 216 053 132 037 155 077
0020 161 026 213 054 133 026 179 057 096 082 132 115
0021 146 025 211 055 098 086 129 118
0022 166 029 211 051 097 081 134 119
0023 155 024 208 052 097 089 128 120
0024 159 028 208 053 097 088 129 120 128 042 153 086
0025 162 028 208 053 097 087 125 120 127 042 153 087
0026 146 028 212 055 095 088 128 120 132 038 153 086
0027 148 029 211 054 096 088 128 120 128 039 151 088
0028 148 028 212 055
0029 147 028 213 055
0030 144 026 211 055
0031 147 029 212 054 097 083 135 120 122 044 155 085
0032 139 022 206 055 127 049 149 087 097 084 127 119
0033 139 025 206 054 097 083 128 118 131 040 153 085
0034 092 081 125 117 131 040 153 083
0035 127 037 161 079
0036 093 080 123 112 131 040 155 077 146 030 211 054
0037 149 028 191 050 127 041 153 076 098 083 125 111
0038 157 031 189 047 097 074 134 107 131 040 155 076
0039 131 039 158 077 158 029 189 049
0040 133 038 158 079 160 030 195 065
0041 139 043 162 089 161 038 196 080
0042 144 056 171 098 163 046 189 092
0043 148 069 176 115
0044 144 080 177 125 169 090 193 122
0045 173 101 194 130 148 091 171 132
0046 147 109 173 147 169 119 193 146
0047 146 132 182 164 113 134 158 161 174 144 198 170
0048 145 154 172 185 174 160 209 189
0049 179 177 204 201 142 168 169 199 200 137 224 174
0050 139 179 165 214 182 185 207 213
0051 132 188 157 223 191 194 214 226
0052 127 192 150 229 197 196 220 228
0053 200 192 220 224 125 191 145 227
0054 120 192 143 228 201 194 219 223
0055 121 191 146 224 197 196 222 230
0056 196 195 220 229 123 193 144 227
0057 193 195 217 230 122 190 144 229
0058 193 195 218 230 123 193 144 225
0059 195 196 214 227 125 194 146 227
