0000 190 183 218 230 098 187 118 222
0001 093 188 114 220 188 183 210 225
0002 189 182 211 225 096 189 119 223
0003 189 184 215 228 092 189 117 227
0004 188 187 211 227 092 189 116 227
0005 097 190 116 226 188 188 209 225
0006 094 189 119 225
0007 100 172 124 214 189 192 211 231
0008 097 138 128 178 187 185 219 227
0009 102 091 144 133 189 186 215 229
0010 116 062 150 105 189 189 212 229
0011 118 036 159 082 188 177 216 229
0012 124 026 156 070
0013 129 019 160 062 201 150 226 197
0014 198 120 226 153 131 017 162 059
0015 127 023 167 059 183 077 224 108
0016 176 046 216 086 131 014 160 055
0017 159 033 205 072 127 008 158 056
0018 147 028 196 066 125 006 155 049
0019 146 024 185 062 124 017 154 056
0020 125 017 178 059 189 190 213 224
0021 122 015 175 055 188 191 213 225
0022 124 016 172 058
0023 116 019 174 059 188 191 214 224
0024 115 024 173 062
0025 116 023 174 061
0026 120 025 169 065
0027 121 026 169 065
0028 118 017 172 061
0029 117 018 173 061
0030 119 019 174 061
0031 111 026 172 058
0032 113 020 140 060 130 029 179 061
0033 149 029 181 065 105 032 134 067
0034 094 041 127 087 157 043 202 085
0035 086 066 118 118 180 073 209 110
0036 074 083 113 131 190 106 228 133
0037 075 119 103 163
0038 077 169 100 210 079 147 115 181
0039 078 184 103 222
0040 087 189 109 222
0041 094 184 115 221
