0000 016 204 058 239
0001 011 200 056 239
0002 007 188 046 233 139 224 174 239
0003 006 185 045 228
0004 138 224 175 239
0005 139 224 175 239
0006 011 213 056 239
0007 009 210 058 239 139 224 176 239
0008 007 214 049 239 138 224 176 239
0009 134 221 170 239 012 215 063 239
0010 134 191 170 236 008 209 037 239
0011 138 154 177 199 005 210 039 239
0012 147 092 184 149 006 211 039 239
0013 151 053 186 116 005 207 040 239
0014 150 041 181 094 011 215 057 239
0015 146 039 175 091 012 214 058 239
0016 139 041 175 095 007 212 036 239
0017 136 043 175 093 007 210 036 239
0018 139 041 175 095 006 211 038 239
0019 148 040 178 086 005 213 038 239
0020 144 045 174 089 006 211 037 239
0021 140 042 172 092 006 206 039 239
0022 138 044 168 086 006 208 043 239
0023 137 040 173 091 014 216 063 239
0024 136 040 172 090 008 213 047 239
0025 136 041 170 087 007 209 039 239
0026 136 041 170 090 014 218 064 239
0027 134 040 172 089
0028 137 043 167 086 008 213 051 239
0029 136 040 173 091 004 208 040 239
0030 135 038 173 088 005 208 043 239
0031 136 042 173 094 006 211 037 239
0032 140 050 175 103 006 207 037 239
0033 140 076 180 127 008 208 038 237
0034 141 112 175 154 009 204 038 235
0035 132 168 187 216 007 201 040 239
0036 132 199 176 239 030 217 068 239 007 192 037 234
0037 140 216 182 239
0038 009 185 044 234
0039 013 198 060 239
0040 016 210 063 239
0041 015 207 061 239
0042 016 205 061 239
0043 016 207 061 239
