0008 129 223 185 239
0009 135 192 176 233
0010 145 149 186 196
0011 157 112 195 173
0012 155 092 200 156
0013 149 079 198 142
0014 147 068 191 134
0015 148 058 193 127
0016 139 056 188 122
0017 139 055 190 117
0018 136 057 186 114
0019 143 057 187 116
0020 137 057 185 118
0021 137 057 181 116
0022 139 060 184 117
0023 136 060 181 115
0024 139 060 176 114
0025 136 054 180 116
0026 134 060 178 116
0027 139 060 176 117
0028 136 062 182 111
0029 139 060 180 115
0030 137 061 178 116
0031 136 057 179 116
0032 138 056 180 116
0033 139 060 179 116
0034 139 062 179 115
0035 135 060 179 119
0036 144 088 187 143
0037 143 131 186 183
0038 131 180 183 227
