0000 125 178 146 214 195 172 217 213
0001 125 178 146 214 195 172 218 215
0002 125 178 146 214 195 171 218 213
0003 125 178 145 214 197 172 218 212
0004 125 178 145 215 202 173 223 212
0005 125 178 145 215 205 175 229 212
0006 125 181 145 216 210 172 230 205
0007 124 179 144 215 215 170 240 209
0008 125 179 144 212 222 178 249 209
0009 124 180 144 216 221 172 251 207
0010 124 181 144 216 225 175 251 208
0011 125 180 144 215 221 171 247 207 190 141 230 180
0012 125 179 143 212 222 172 250 209
0013 115 178 137 215 217 171 245 207
0014 093 181 120 209 220 174 247 208
0015 073 166 110 200 225 176 250 209
0016 057 148 093 179 224 173 250 208
0017 224 170 249 203
0018 053 079 085 107 220 171 247 210
0019 220 171 247 210 073 051 101 082
0020 105 025 131 070 219 170 246 207 099 078 120 109
0021 224 173 247 205 131 033 159 073
0022 221 174 249 209 140 055 183 087 112 080 140 112
0023 221 172 247 207 143 071 181 100 106 084 142 118
0024 219 171 243 208
0025 125 100 165 130 218 171 245 210
0026 108 098 153 131 218 171 244 208
0027 222 170 249 209 086 093 111 124
0028 058 080 097 112 221 171 250 209
0029 052 072 083 101 226 173 250 209
0030 059 053 091 081 219 168 247 209
0031 225 174 248 209 073 037 099 069
0032 112 010 137 054 219 170 244 209
0033 218 171 243 208 112 057 145 086 134 011 159 051
0034 216 168 241 209 155 030 188 076
0035 152 048 195 075 220 170 244 212
0036 161 055 191 087 218 170 241 204
0037 151 065 194 093 217 169 243 207
0038 148 071 190 098 217 168 242 207
0039 142 073 187 099 221 169 242 208
0040 136 072 179 101 217 169 242 208
0041 136 077 166 106 214 166 240 204 099 086 140 119
0042 116 084 160 115 216 171 242 211
0043 210 166 235 202 100 102 134 132
0044 091 129 120 158 210 171 235 206
0045 083 155 118 179 207 172 233 207
0046 098 173 122 201 209 170 235 210
0047 107 179 129 210 207 178 230 210
0048 203 172 229 215 119 181 138 217
0049 127 183 146 216 201 175 223 213
0050 126 181 146 216 200 171 222 214
