0000 120 189 141 219 210 193 231 228
0001 120 188 142 219 211 194 231 227
0002 122 193 140 220 208 195 230 226
0003 121 194 140 221 214 196 233 226
0004 121 193 139 219 210 198 231 230
0005 120 187 140 221 210 195 233 227
0006 119 188 139 221 214 198 234 230
0007 119 189 140 221 213 197 233 231
0008 120 192 142 220 208 194 230 224
0009 121 194 139 220 209 193 232 226
0010 121 192 140 216 203 203 224 234
0011 119 187 142 220 209 195 234 224
0012 219 188 238 223 120 189 142 223
0013 119 192 140 222 215 168 248 208
0014 119 187 140 224 213 126 249 158
0015 122 190 141 222 219 094 252 129
0016 219 044 246 092 116 188 139 223
0017 207 033 246 076 118 193 140 221
0018 209 027 244 068 114 192 134 221
0019 211 028 240 071 114 187 134 220
0020 204 024 240 070 113 189 134 222
0021 212 025 239 066 117 191 136 221
0022 203 024 240 069 115 190 135 222 294 207 317 239
0023 209 028 236 069 113 189 134 222 294 207 317 239
0024 207 026 235 069 115 186 135 219
0025 211 024 241 068 116 185 136 217
0026 211 026 240 073 117 189 137 219
0027 204 024 241 069 117 190 136 224
0028 210 026 241 072 116 190 137 222
0029 203 023 241 068 116 189 135 221
0030 208 026 238 070 117 188 139 223
0031 214 030 243 077 116 192 134 217
0032 218 048 249 093 123 188 142 218
0033 118 192 139 222 220 084 253 120
0034 117 185 137 219 217 122 251 150
0035 118 187 139 221 220 155 256 196
0036 118 194 137 222 219 174 243 211
0037 217 185 241 228 115 194 135 223
0038 116 188 136 220 217 195 236 225
0039 118 189 139 220 208 200 228 233
0040 118 186 138 217 194 213 215 239
0041 122 188 140 218 195 208 220 235
0042 122 192 140 218 195 209 219 237
0043 121 187 141 221
