0000 126 187 150 221 213 190 235 225
0001 127 189 149 222 205 185 229 221
0002 127 187 148 221 202 172 224 205
0003 128 187 151 223
0004 128 186 152 221
0005 128 188 151 222
0006 128 188 151 222 179 099 220 139
0007 185 081 230 116 128 188 150 223
0008 127 192 147 221 203 071 229 100
0009 199 045 233 086 126 188 149 225
0010 210 040 246 087 126 188 148 223
0011 214 041 241 083 126 187 148 222
0012 220 041 247 087 126 187 147 222
0013 226 042 253 081 126 188 147 223
0014 126 186 146 222 224 043 249 078
0015 126 186 146 222 223 040 249 081
0016 226 043 252 087 127 188 146 223
0017 226 042 252 087 128 188 148 222
0018 225 040 253 085 127 188 149 224
0019 227 041 252 084 127 188 149 224
0020 224 041 249 082 127 188 149 222
0021 227 041 252 087 126 188 149 224
0022 227 040 253 085 127 190 149 225
0023 226 040 252 081 127 187 149 222
0024 127 188 149 222 215 039 251 082
0025 127 189 149 223 207 061 234 091
0026 128 188 150 223 182 075 223 103
0027 128 188 150 223 183 085 224 114
0028 128 189 151 223 178 103 217 131
0029 129 189 151 221 173 107 212 141
0030 128 187 151 222
0031 128 187 150 223 186 147 211 170
0032 127 188 150 223 185 158 221 188
0033 128 188 151 224 196 164 218 195
0034 127 189 147 218
0035 127 189 147 218
0036 214 190 234 217 131 183 153 217
0037 213 188 236 222 125 189 146 218
0038 126 189 148 222 216 187 239 222
0039 215 187 238 220 126 189 147 223
0040 215 187 235 221 126 189 148 223
