0003 043 185 087 232
0004 163 211 208 239
0005 177 180 224 231
0006 181 155 228 202
0007 200 109 241 177
0008 207 076 246 151
0009 204 052 247 127 168 220 189 239
0010 193 045 247 106
0011 191 037 247 096
0012 194 032 246 094
0013 192 029 243 089 168 219 190 237
0014 194 029 242 088 167 219 191 239
0015 194 030 245 094 046 183 083 235
0016 193 030 245 095
0017 193 030 245 094
0018 191 028 245 088
0019 199 029 245 095
0020 199 029 245 095
0021 195 032 248 092
0022 194 033 245 094
0023 194 033 245 094
0024 194 032 245 094
0025 200 030 245 096
0026 200 031 245 095
0027 194 031 248 094
0028 199 034 242 099
0029 202 045 244 101
0030 202 069 243 120
0031 194 099 236 145
0032 178 132 225 179
0033 157 166 222 220
0034 150 190 204 239
0035 148 208 190 237
