0000 148 207 186 235 086 215 128 238
0001 148 207 186 235 086 215 128 238
0002 148 207 186 235 088 214 129 238
0003 148 207 186 235 090 216 132 237
0004 146 210 183 238 093 220 126 239
0005 144 209 186 237 093 214 129 239
0006 146 209 184 235 092 215 129 239
0007 160 206 197 237 092 218 134 239
0008 177 197 214 239 091 214 131 239
0009 206 191 261 230 090 215 132 238
0010 226 168 301 205 091 218 137 239
0011 258 115 315 162 092 218 132 239
0012 250 079 306 138 091 219 138 239
0013 235 047 283 119 091 219 138 239
0014 220 035 260 098 092 219 138 239
0015 204 027 242 095 092 219 138 239
0016 197 032 232 094 092 219 138 239
0017 190 027 230 095 092 219 138 239
0018 192 032 228 095 091 219 138 239
0019 189 030 228 096 092 219 132 239
0020 190 029 229 096 092 219 132 239
0021 191 030 230 096 092 219 132 239
0022 191 029 230 096 092 219 138 239
0023 192 028 229 094 092 219 138 239
0024 191 031 228 094 091 216 132 239
0025 196 030 236 096 091 216 132 239
0026 206 034 249 096 091 216 132 239
0027 221 044 258 112 092 218 132 239
0028 227 063 270 127 092 218 132 239
0029 227 101 270 156 092 218 132 239
0030 217 139 261 186 092 218 132 239
0031 091 216 133 239 214 168 249 217
0032 204 183 238 230 091 216 133 239
0033 193 199 232 239 091 216 133 239
0034 188 210 227 238 091 216 133 239
