0000 065 205 106 238
0001 069 199 102 237
0002 064 204 105 238
0003 069 199 101 236
0004 069 199 101 236
0005 068 198 104 237
0006 066 198 102 237 145 219 198 239
0007 141 187 195 239 067 198 102 236
0008 134 134 204 198 070 199 102 237
0009 150 089 201 161 072 198 104 237
0010 147 057 203 137 071 195 102 235
0011 146 036 202 121 072 197 103 236
0012 144 030 196 118 068 200 107 239
0013 142 027 195 117 067 203 105 237
0014 140 026 194 118 071 197 101 236
0015 131 035 202 121 072 194 105 234
0016 125 041 197 124 071 194 105 234
0017 128 038 189 131 071 197 101 235
0018 128 039 197 128 071 196 101 235
0019 133 043 191 130 071 196 101 235
0020 134 043 189 135 071 198 100 235 112 053 146 115
0021 132 043 190 136 070 197 100 235
0022 132 041 189 137 070 197 100 235
0023 130 040 185 133 070 197 100 235
0024 132 039 189 137 070 194 104 235
0025 126 043 189 126 070 196 104 234
0026 130 041 189 137 070 196 103 234
0027 127 040 186 135 072 201 101 235
0028 130 039 188 133 072 201 101 235
0029 130 040 189 133 071 197 104 235
0030 127 039 186 134 071 198 104 234
0031 130 041 186 133 070 197 104 235
0032 128 059 183 148 071 197 105 236
0033 071 199 102 236 126 138 178 197
0034 131 209 176 239 069 200 102 239 135 158 179 234
0035 069 202 102 239
0036 069 202 101 239
0037 070 200 102 238
0038 070 200 107 239
0039 072 203 105 237
0040 072 201 107 237
0041 072 201 107 237
