0001 150 214 188 239
0002 158 215 191 236
0003 165 202 207 239
0004 184 159 229 206
0005 187 082 237 154
0006 184 050 229 125
0007 182 037 221 107
0008 180 026 215 092
0009 172 026 210 090
0010 171 022 217 084
0011 177 011 219 086
0012 176 020 217 087
0013 174 024 211 090
0014 175 023 211 091
0015 174 023 211 092
0016 175 022 216 090
0017 174 023 215 091
0018 176 025 216 094
0019 173 028 213 102
0020 172 045 212 115
0021 175 096 209 156
0022 161 151 205 202
0023 146 203 196 239
0025 151 219 188 238
0026 147 218 186 238
