0000 152 196 199 239 006 205 035 239 029 209 071 239
0001 151 196 199 239 008 196 036 236 030 207 072 239
0002 153 196 200 239 004 189 043 232 027 205 077 239
0003 151 196 200 239 017 179 052 224
0004 039 185 069 220 151 205 199 239
0005 039 182 084 235 150 196 200 239
0006 153 203 200 239 035 185 079 239
0007 151 205 202 239 035 189 079 233
0008 151 196 199 239 042 187 086 238
0009 150 198 201 239 042 187 086 239
0010 151 202 199 239 035 182 085 235
0011 147 198 201 239 036 183 082 234
0012 163 197 207 238 037 185 084 239
0013 175 180 217 223 040 194 083 239
0014 186 172 232 210 038 192 087 239
0015 038 191 088 239 198 153 243 195
0016 200 131 247 181 039 191 087 239
0017 039 190 088 239 214 097 258 153
0018 214 066 252 126 040 188 089 239
0019 208 035 246 099 039 189 088 239
0020 200 020 243 076 037 183 084 236
0021 200 015 239 064 043 188 086 239
0022 195 007 235 063 038 190 085 239
0023 038 190 085 239 193 007 232 058
0024 194 007 234 053 038 191 086 239
0025 193 008 231 053 031 196 080 239
0026 192 009 234 050 040 183 081 225
0027 191 007 229 057 034 190 079 234
0028 187 007 225 054 037 192 084 239
0029 183 007 221 054 034 187 082 234
0030 180 007 218 054 038 192 085 239
0031 178 011 212 055 038 189 082 237
0032 176 008 213 057 037 189 086 239
0033 172 008 212 053 036 186 084 238
0034 172 005 208 051 038 191 086 239
0035 173 006 209 049 039 191 086 239
0036 037 184 083 239 173 008 208 051
0037 174 008 215 052 039 187 082 236
0038 174 008 211 052 039 190 084 238
0039 174 008 211 051 038 188 085 239
0040 173 010 209 053 041 189 081 239
0041 174 008 212 053 037 186 088 237
0042 174 007 213 054 038 189 085 239
0043 175 007 213 054 042 186 089 236
0044 175 009 213 059 043 186 089 236
0045 176 010 215 055 039 188 088 235
0046 179 017 216 065 037 184 085 237
0047 181 023 219 074 040 188 088 235
0048 176 053 220 102 042 187 086 239
0049 034 184 082 234 173 106 215 147
0050 035 188 082 235 163 156 201 201
0051 037 189 087 239 153 199 198 239
0052 036 188 088 239 157 199 201 239
0053 155 198 197 239 038 189 088 239
0054 037 188 088 239 155 199 198 239
0055 035 187 084 239 155 201 197 239
0056 155 200 197 239 028 183 072 232
0057 007 167 048 214 153 199 201 239 031 206 077 239
0058 029 206 085 239 158 206 198 239 004 174 027 213
0059 030 201 077 239 154 199 199 239
0060 157 207 196 239 028 206 078 239
0061 153 200 198 239 029 205 079 239 003 194 034 230
0062 148 196 198 239 029 205 072 239 005 198 035 237
0063 152 199 196 239 004 201 031 238 029 206 072 239
0064 147 195 197 239 005 199 035 238 030 208 068 239
0065 004 203 038 238 147 201 198 239 026 204 076 239
0066 004 203 037 239 154 197 199 239 031 206 074 239
0067 154 202 200 239 004 205 035 238 026 204 078 239
