0000 091 201 117 239 171 188 193 225
0001 093 205 119 238 174 191 197 228
0002 093 206 119 239 184 158 215 198
0003 092 202 119 238 191 106 226 148
0004 093 202 118 238 176 057 215 098
0005 093 202 118 237 173 052 205 090
0006 093 205 117 239 175 046 213 088
0007 093 202 118 239 184 038 217 076
0008 090 205 114 239 188 042 225 085
0009 094 203 119 239 184 041 219 081
0010 094 202 119 239 183 040 217 080
0011 090 203 119 239 184 040 220 079
0012 090 204 119 239 184 048 218 086
0013 090 203 117 239 173 078 209 121
0014 091 204 116 236 182 138 210 167
0015 093 204 118 239 173 160 207 198
0016 093 203 119 239 171 191 196 226
0017 090 202 121 239 175 184 196 219
0018 092 203 118 236 177 194 198 225
0019 093 203 117 236 177 192 196 228
0020 092 202 119 236 172 190 194 227
