0000 169 216 188 239 099 215 124 238
0001 169 216 188 239 098 214 123 239
0002 099 213 124 239 163 211 185 237
0003 163 212 186 238 097 213 122 239
0004 168 216 188 239 097 213 122 239
0005 098 213 122 239 168 218 187 239
0006 098 214 125 239 165 211 186 235
0007 097 216 122 239
0008 173 196 205 238 101 220 126 239
0009 099 215 127 239 192 169 225 204
0010 095 213 122 237 206 114 237 152
0011 095 214 128 239 200 083 222 116
0012 099 211 127 239 175 070 212 111
0013 099 213 128 239 168 067 205 107
0014 099 213 127 239 170 069 207 103
0015 098 212 125 239 176 074 202 105
0016 100 216 123 239 170 069 207 104
0017 099 211 127 239 170 071 207 111
0018 099 211 127 239 164 072 206 112
0019 100 215 124 239 182 074 209 113
0020 099 211 124 239
0021 100 213 126 239 192 150 236 185
0022 178 185 211 234 100 211 124 239
0023 163 214 188 238 098 212 123 239
0024 099 210 122 239
0025 100 211 121 239 163 214 188 239
0026 099 213 120 239 163 215 189 239
0027 098 209 121 239
0028 167 218 186 239 098 209 123 238
0029 167 219 188 239 103 214 126 239
0030 167 218 189 239 100 210 127 239
