0000 197 207 234 239 074 212 118 239
0001 217 204 249 238 076 216 125 239
0002 230 191 274 229 075 214 118 239
0003 252 160 293 197 077 218 124 239
0004 268 121 302 162 075 215 118 239
0005 258 068 296 110 076 215 118 239
0006 241 041 272 087 077 215 126 239
0007 218 025 251 072 075 218 119 239
0008 198 022 239 067 076 219 119 239
0009 193 024 234 066 076 221 120 239
0010 194 025 232 070 076 221 120 239
0011 193 024 234 067 076 220 119 239
0012 192 022 235 068 077 216 125 239
0013 194 021 235 065 077 216 125 239
0014 196 022 234 065 078 217 118 239
0015 197 018 234 067 077 220 123 239
0016 199 022 235 069 077 220 121 239
0017 199 020 236 068 077 220 121 239
0018 200 022 235 066 079 217 120 239
0019 205 022 242 070 073 210 119 239
0020 217 029 249 073 073 207 120 239
0021 234 044 265 089 070 208 119 239
0022 243 065 275 110 071 209 121 239
0023 241 087 282 130 075 213 117 239
0024 240 114 282 157 071 208 120 239
0025 241 132 280 170 071 208 120 239
0026 227 156 270 195 071 208 120 239
0027 219 177 258 211 071 208 120 239
0028 202 193 241 233 076 213 117 239
0029 192 206 223 239 076 214 117 239
0030 186 205 220 237 076 220 120 239
0031 185 208 224 239 076 220 118 239
0032 188 209 222 239 075 221 124 239
0033 187 207 219 237 078 213 119 239
