0000 095 209 140 239 150 168 206 207
0001 096 210 143 239 158 080 221 138
0002 163 059 211 115 071 214 116 239
0003 170 054 219 109 071 215 115 239
0004 167 059 214 114 076 210 123 238 021 191 066 227
0006 097 212 144 239
0007 085 211 138 239
0008 124 067 179 124 078 210 124 237
0009 119 071 173 122 073 214 132 239
0010 119 068 176 125 068 213 127 239
0011 118 069 184 134 079 211 124 238
0012 121 085 183 141 092 214 138 239
0013 134 132 188 176 095 214 149 239 178 143 236 207
0014 147 176 209 235 093 209 134 239
0015 169 200 225 239 079 209 124 239
