0000 139 206 165 239 228 222 255 239
0001 138 209 162 239 231 217 252 239
0002 140 210 163 239
0003 138 209 163 239 232 217 252 239
0004 138 209 161 239
0005 131 208 160 239 226 223 255 239
0006 130 203 164 239
0007 127 194 161 238
0008 130 181 158 225
0009 135 163 166 202 231 217 254 239
0010 141 143 183 173 231 223 259 239
0011 148 120 191 147
0012 146 100 206 126
0013 149 095 204 122 232 222 255 239
0014 152 091 200 119
0015 156 095 202 122
0016 153 093 200 122
0017 152 091 201 119
0018 162 097 201 116
0019 162 099 201 122 231 215 257 239
0020 163 097 201 122 232 218 256 239
0021 231 216 258 239 163 098 204 119
0022 163 095 207 120 231 217 258 239
0023 231 216 258 239
0024 231 218 261 235
0025 232 210 259 239 142 090 187 123
0026 234 219 258 239 140 100 184 125
0027 234 220 260 239 139 092 188 125
0028 233 219 260 239 141 096 191 125
0029 234 219 259 239
0030 233 219 259 239
0031 232 217 256 239 140 096 186 124
0032 233 220 259 239
0033 233 218 259 239
0034 233 219 259 239
0035 233 221 259 239
0036 232 214 260 239
0037 232 216 260 239 142 094 189 126
0038 232 214 260 239 143 095 187 126
0039 233 218 259 239 136 098 196 130
0040 142 102 199 131 234 216 259 239
0041 155 122 197 149 232 214 257 239
0042 157 148 198 176
0043 154 172 195 211 229 214 256 239
0044 152 209 183 239 231 220 253 239
0045 143 212 169 239 231 221 253 239
0046 228 217 254 239 140 210 165 239
0047 130 212 161 239 232 219 255 239
