0000 153 219 180 239
0001 157 216 182 239
0002 152 217 180 239
0003 112 160 155 192
0004 092 080 148 104 047 222 071 239
0005 097 061 152 087 046 220 069 239
0006 100 061 157 086
0007 100 059 154 085 045 217 067 239
0008 102 056 148 081
0009 108 058 166 090
0010 103 055 159 083
0012 102 060 163 092
0013 101 056 154 083
0014 102 059 147 081
0015 102 055 159 084
0016 100 056 154 084
0017 101 059 145 080
0018 098 062 146 088
0019 094 068 151 096
0020 078 110 142 140
0021 112 204 148 239 046 221 073 239
0022 142 217 177 239
0023 156 223 180 239 044 218 069 239
0024 160 220 183 239
0025 154 216 187 239
0026 155 223 179 239
0027 157 223 179 239
0028 155 219 186 239
