0000 124 206 160 239 077 197 109 229
0001 120 202 164 239 078 190 107 230
0002 120 202 164 239 078 191 106 230
0003 121 203 162 239 078 189 106 231
0004 119 202 163 239 078 188 107 225
0005 115 201 161 238
0006 113 181 165 223 074 196 101 227
0007 112 156 167 189 073 190 110 227
0008 115 139 164 176
0009 111 126 162 161 075 188 104 228
0010 103 112 167 143 073 194 108 227
0011 099 105 162 135 073 193 109 227
0012 112 095 163 131 073 193 109 227
0013 109 091 167 125 073 193 109 227
0014 113 091 163 126 073 193 109 227
0015 116 090 162 123 073 190 106 230
0016 117 091 163 124 073 190 107 230
0017 118 089 160 122 099 090 136 126
0018 121 087 165 120 099 092 137 130 074 187 108 226
0019 079 192 105 224 123 091 169 125 105 086 136 127
0020 079 195 109 229 122 091 168 123 107 091 137 135
0021 079 195 109 229 110 089 164 122
0022 079 194 109 229 108 104 167 141
0023 111 131 170 171 079 195 109 228
0024 117 153 165 205 079 192 108 227
0025 115 181 160 230 076 193 106 229
0026 122 207 152 239 078 191 105 229
0027 118 206 159 238 079 191 107 227
0028 118 207 157 238 080 194 107 229
0029 120 207 156 238 075 195 107 228
0030 120 207 156 238 075 196 107 229
0031 116 207 158 238 076 196 106 228
0032 116 205 160 237 075 191 108 228
0033 117 205 160 237 075 191 108 229
0034 117 208 157 238 075 192 108 229
0035 116 208 157 238 075 192 108 228
