0004 121 214 173 239
0005 124 189 173 234
0006 118 177 175 222
0007 115 152 165 203 159 185 196 230
0008 108 133 162 182
0009 106 116 159 176
0010 105 108 158 168
0011 105 104 156 157
0012 104 098 157 151
0013 102 093 158 143
0014 102 087 156 138
0015 100 090 155 140
0016 102 083 158 139
0017 102 084 158 138
0018 102 086 158 137
0019 107 088 158 136
0020 106 088 159 137
0021 106 089 158 135
0022 101 090 161 132
0023 101 091 162 133
0024 106 092 163 137
0025 106 091 162 137
0026 105 093 162 137
0027 104 093 160 138
0028 107 094 161 137
0029 108 098 160 137
0030 098 093 154 134
0031 101 094 155 136
0032 105 098 160 136
0033 102 098 158 137
0034 103 102 159 139
0035 104 096 161 135
0036 104 095 160 135
0037 101 091 159 136
0038 101 091 159 136
0039 100 093 151 138
0040 101 091 159 136
0041 107 099 161 137
0042 099 094 152 140
0043 107 096 162 137
0044 108 096 162 137
0045 109 097 159 141
0046 108 097 162 137
0047 108 096 162 137
0048 105 100 163 139
0049 104 100 161 142
0050 107 103 167 156
0051 117 125 170 177
0052 118 163 178 215 172 191 202 233
0053 119 187 174 235 177 184 204 230
0054 131 222 180 239
0055 046 204 075 236
0062 093 095 144 122
0063 093 095 143 122
0064 093 094 143 123
0065 094 095 143 123
