0035 103 211 153 236
0036 113 200 147 236
0037 109 174 148 217
0038 110 145 144 194
0039 111 141 140 184
0040 111 119 143 173
0041 110 114 148 170
0042 110 108 150 168
0043 113 108 145 164 104 095 133 140
0044 113 103 144 157 093 098 131 140
0045 106 096 141 152
0046 099 088 141 148
0047 098 083 141 140
0048 099 086 140 139
0049 097 084 139 138
0050 096 084 139 139
0051 095 082 137 136
0052 096 085 136 140
0053 094 081 137 137
0054 093 083 138 138
0055 094 087 137 141
0056 095 083 138 141
0057 095 083 137 141
0058 094 081 138 143
0059 094 083 137 143
0060 095 084 136 143
0061 095 085 136 140
0062 094 085 136 140
0063 094 085 136 140
0064 094 083 137 140
0065 094 083 137 140
0066 094 085 136 140
0067 094 088 138 143
0068 094 089 138 143
0069 094 087 138 145
0070 094 090 137 146
0071 093 088 138 144
0072 090 090 135 142
0073 097 088 134 141
0074 096 091 136 145
0075 095 084 137 142
0076 095 089 138 145
0077 095 086 136 140
0078 094 095 138 146
0079 097 097 142 161
0080 108 156 139 210
0081 108 187 142 230
0082 106 214 144 239
