0000 061 183 099 238
0001 061 185 099 237
0002 062 185 098 238
0008 148 198 216 239
0009 147 169 215 211 189 183 239 235
0010 133 136 196 185
0011 131 119 193 171
0012 130 114 187 160 182 134 227 217 063 183 095 236
0013 122 094 182 149
0014 127 099 185 147 180 128 227 210
0015 124 091 181 143
0016 123 091 180 141 180 125 224 205
0017 129 096 184 140 182 123 225 207
0018 128 091 185 140 182 124 226 207
0019 128 095 185 139 181 117 224 205
0020 126 092 179 137
0021 129 092 186 137 183 122 225 203
0022 129 091 185 137
0023 125 090 181 140 181 114 225 199
0024 125 088 182 137 064 179 097 233 181 117 225 198
0025 126 089 181 137 182 121 225 199
0026 122 090 181 137 182 121 226 199
0027 125 089 180 139 182 120 225 198 064 185 095 238
0028 125 089 181 142 064 185 095 238
0029 125 090 181 140 181 116 226 202
0030 127 099 191 137 063 186 094 237
0031 127 091 181 140 064 182 094 237
0032 124 104 193 146 123 096 168 122 063 186 094 237
0033 126 114 197 164
0034 134 145 205 192 063 193 097 236
0035 137 166 211 210 194 167 241 234
0036 149 187 216 238 062 181 095 236
0037 170 220 234 239 063 175 098 235
0038 064 180 094 236
0039 061 185 099 238
0041 061 187 098 238
