0002 004 221 040 239
0003 005 219 038 239
0004 010 211 050 239 085 221 127 239
0005 082 213 126 239 012 206 054 239
0006 081 176 121 215 027 183 070 221
0007 041 156 084 194 081 146 122 188
0008 074 097 125 156
0009 067 072 120 140
0010 078 059 121 134 056 076 101 137
0011 077 047 120 124 057 070 101 131
0012 078 043 126 119 058 069 102 127
0013 074 043 114 114
0014 069 046 121 114
0015 068 047 120 117
0016 067 047 122 116
0017 067 047 122 115
0018 066 046 122 116
0019 066 047 123 115
0020 069 046 117 119
0021 066 049 123 119
0022 070 056 129 125 054 077 101 133
0023 091 079 132 143 047 089 086 150
0024 086 136 129 171 021 149 064 190
0025 007 193 048 239 087 180 135 226
0026 088 216 134 239
