0000 097 184 135 228 143 178 199 218 056 190 107 225
0001 144 175 201 215 059 183 122 222
0002 148 164 194 199 071 173 119 216
0003 067 164 116 215 140 146 204 176
0004 062 163 110 210 140 133 204 166
0005 058 159 106 210 133 136 198 164
0006 056 155 098 205 123 137 190 175 162 137 230 176
0007 051 156 103 205 120 145 207 182
0008 054 151 108 205 115 153 181 186
0009 052 155 105 207 096 148 171 178
0010 055 152 107 205 095 145 165 175
0011 048 152 110 205 090 153 147 191
0012 049 151 107 201
0013 047 152 110 202
0014 045 151 107 202
0015 049 150 104 208
0016 045 153 108 209
0017 042 157 109 209
0018 042 159 114 201 094 151 194 191
0019 038 156 107 199 095 152 183 195
0020 037 158 103 206
0021 037 153 099 207 079 154 176 194
0022 043 150 092 204 074 153 176 194
0023 042 152 096 208 089 155 182 195
0024 039 151 110 201
0025 040 147 103 203 065 156 140 192 101 160 196 201
0026 051 149 092 208 082 155 148 188
0027 065 157 099 210 107 150 162 187 140 161 212 204
0028 072 161 113 209 112 153 169 190 148 168 214 208
0029 071 168 117 213 111 158 175 195
0030 086 172 127 212 119 155 171 195
0031 091 171 134 214 121 156 171 196 069 187 108 225
0032 099 175 137 214 121 157 172 193 064 184 110 218
0033 092 165 150 214 121 155 176 192
0034 121 158 173 194 068 184 141 220
