0007 036 206 079 239 208 195 248 237
0008 216 162 262 209 047 170 090 209
0009 217 116 257 193 077 121 114 173
0010 213 095 258 169 080 101 122 162
0011 213 094 261 172 089 095 125 158
0012 209 098 265 169 095 088 133 157
0013 211 091 253 167 093 087 133 157
0014 215 091 258 173 091 085 133 159
0015 215 094 257 169 095 088 135 164
0016 207 097 253 160 094 087 136 163
0017 213 098 262 164 094 086 134 162
0018 215 094 257 168 093 094 131 162
0019 093 107 136 166 207 105 257 166
0020 209 150 255 201
0021 186 196 233 239 097 206 138 239
