0000 094 222 120 239
0001 091 209 125 239
0002 093 213 121 239
0004 092 214 128 239
0005 094 216 126 239
0006 093 213 129 239
0008 099 208 131 239
0011 102 204 144 239
0012 212 196 257 237 100 177 151 224
0013 217 172 265 223 100 151 150 202
0014 095 122 146 184
0015 091 087 135 164 228 105 274 184
0016 088 067 128 145 229 088 276 169
0017 080 065 127 135 236 076 283 162
0018 074 060 120 141 247 073 293 166
0019 253 084 303 169 061 071 111 156
0020 052 083 100 166 253 083 305 177
0021 048 091 096 167 253 086 306 173
0022 042 088 092 175 255 086 306 177
0023 254 087 307 177 043 094 090 175
0024 039 094 086 173 253 091 302 175
0025 041 094 087 170 248 086 302 181
0026 036 090 089 174 248 088 299 179
0027 036 090 090 170 245 082 299 181
0028 035 090 088 174 246 088 297 169
0029 036 094 087 174 246 087 297 173
0030 039 090 084 170 246 085 297 171
0031 040 090 083 169 245 085 296 170
0032 044 092 087 163 244 079 293 167
0033 045 090 092 158 236 082 286 169
0034 056 088 094 167 225 096 278 172
0035 066 101 108 159 212 110 268 183
0036 206 134 261 206 074 118 119 176
0037 197 171 243 222 081 143 126 200
0038 084 165 136 218
0039 096 193 139 239
0040 089 203 127 236
0041 094 213 122 239
0043 091 216 122 239
