0001 164 207 207 239
0002 179 199 211 239
0003 098 190 173 239 185 142 211 190
0004 101 156 162 221 189 122 230 193
0005 188 102 228 176 091 137 147 200
0006 084 110 126 191 165 093 216 152
0007 158 081 203 143 073 089 116 204
0008 184 090 228 149 085 115 136 188
0009 174 086 217 156 083 107 123 199
0010 076 108 120 199 151 086 196 141
0011 088 120 136 201 174 096 220 159
0012 169 095 215 160 075 104 118 211
0013 164 094 212 162 083 120 126 197
0014 176 102 221 164 088 120 127 199
0015 159 093 202 164 080 116 121 202
0016 085 125 131 210 173 089 215 164
0017 163 096 211 158 079 118 119 205
0018 077 122 124 202 163 095 203 166
0019 084 133 137 213 176 111 226 174
0020 084 130 128 209 175 109 220 180
0021 179 113 221 182 088 150 132 230
0022 182 130 222 202 087 184 147 239
0023 192 175 233 235
