0000 146 171 167 205 082 127 101 152
0001 146 172 167 206 075 122 105 155
0002 146 172 167 206 079 129 102 158
0003 145 168 168 207 078 131 100 158
0004 145 167 168 207 076 130 101 161
0005 072 127 105 163 144 172 167 209
0006 076 132 100 161 143 168 167 207
0007 144 158 168 194 060 129 099 157
0008 046 103 084 136 153 113 175 139
0009 157 068 182 110 037 065 075 108
0010 156 039 183 082 042 052 066 089
0011 153 011 185 059 042 030 069 069
0012 157 011 183 045 048 014 071 053
0013 049 010 075 045 159 008 185 040
0014 053 009 077 043 159 009 180 037
0015 055 010 080 037 161 010 180 036
0016 054 008 080 037 160 010 180 037
0017 053 010 077 041
0018 055 009 081 038
0019 055 009 080 042 155 009 183 042
0020 048 021 074 057 148 012 182 058
0021 042 043 068 082 147 055 183 094
0022 156 102 186 133 040 075 065 103
0023 155 141 179 177 032 114 072 141
0024 152 162 177 204 048 145 081 177
0025 153 171 174 206 059 157 082 184
0026 152 173 173 209 070 162 091 192
0027 076 169 093 199 154 168 171 202
0028 079 170 096 200 150 168 171 203
