0000 175 216 209 239 086 220 111 238
0001 074 201 099 237 191 199 215 238
0002 054 164 091 196 201 150 228 178
0003 196 086 233 135 047 107 085 138
0004 201 036 227 091 058 058 089 101
0005 065 038 097 084 195 026 228 080
0006 064 033 099 077 197 020 223 078
0007 062 034 095 077 197 022 223 079
0008 067 034 095 078 200 023 228 079
0009 061 032 098 075 201 022 226 078
0010 200 021 227 080 065 031 095 076
0011 066 031 095 078 200 023 226 079
0012 066 034 095 076 200 022 228 080
0013 066 033 095 080 200 024 229 079
0014 067 033 096 080 199 023 227 082
0015 200 022 227 081 062 030 094 080
0016 200 022 227 081 067 034 097 076
0017 200 022 227 077 066 033 095 080
0018 199 020 227 079 065 030 095 081
0019 202 024 230 079 057 035 094 078
0020 205 035 236 093 057 048 095 093
0021 043 084 078 128 212 088 247 133
0022 212 149 241 176 038 122 078 157
0023 053 187 087 218 199 198 227 237
0024 067 201 093 235 189 209 219 239
0025 083 211 104 237 184 221 210 239
0026 084 218 105 239
0027 083 218 108 239
0028 081 212 104 239
0029 082 220 107 239
0030 080 217 104 239
0031 083 216 103 239
