0005 082 184 106 218 170 181 190 218
0007 069 174 094 206
0008 060 157 095 190
0009 195 125 229 155 051 128 087 158
0010 052 091 088 134 191 086 229 129
0011 188 048 217 095 061 060 098 102
0012 073 042 103 083 168 037 202 080
0013 088 035 114 075 167 040 192 075
0014 167 039 201 074 092 038 115 074
0015 165 039 199 072 088 034 124 075
0016 165 038 199 072 093 037 117 074
0017 165 042 191 072 088 031 123 070
0018 160 041 195 074 090 037 118 079
0019 161 041 195 074
0020 169 040 197 074 090 035 118 080
0021 159 041 194 074 091 038 115 076
0022 092 036 119 079 160 041 194 074
0023 093 038 117 071 164 040 192 072
0024 093 039 117 072 169 040 197 073
0025 161 034 195 070 091 038 117 076
0026 164 038 192 071 089 034 118 084
0027 092 039 117 076 165 039 193 073
0028 087 037 114 079 169 037 196 075
0029 166 038 194 073 090 037 117 077
0030 161 033 197 071 090 032 119 078
0031 169 033 196 074 090 036 117 071
0032 090 033 117 077 161 032 196 071
0033 089 030 118 080 165 037 193 073
0034 091 036 116 077 169 036 197 074
0035 089 034 115 076 169 037 197 074
0036 090 033 117 081 169 036 196 074
0037 168 035 196 075 090 037 118 080
0038 083 038 112 087 169 035 196 075
0039 080 046 106 086 175 041 203 080
0040 071 083 096 115
0043 077 181 100 216
