0000 189 212 225 239 106 213 130 239
0001 189 210 225 239 103 213 127 239
0002 188 210 225 239 101 214 125 239
0003 188 210 225 239 104 210 127 237
0004 189 210 225 239 105 209 128 235
0005 187 214 223 239 106 212 128 239
0006 188 211 225 239 106 213 128 239
0007 188 211 225 239 104 211 128 239
0008 188 211 224 239 104 213 130 239
0009 194 210 221 239 103 213 129 239
0010 188 209 225 239 101 214 128 239
0011 096 187 119 227 194 211 232 239
0012 091 142 126 174 213 170 240 208
0013 210 131 246 164
0014 098 059 128 106 212 060 245 116
0015 096 042 135 089 207 034 239 092
0016 205 022 234 075 106 029 137 072
0017 200 023 229 072 108 025 144 069
0018 191 024 228 067 118 028 144 065
0019 192 025 229 067 117 024 144 060
0020 114 023 140 058 198 026 230 070
0021 114 022 139 057 192 024 230 068
0022 115 023 139 057 191 023 228 064
0023 115 024 139 057 191 023 228 065
0024 113 018 149 057 191 023 228 063
0025 113 018 149 057 191 023 228 064
0026 116 019 140 055 191 023 228 063
0027 116 020 139 056 191 023 229 064
0028 116 019 140 056 190 022 229 064
0029 116 020 139 056 191 024 228 063
0030 116 020 140 054 191 024 228 063
0031 116 021 139 054 191 022 228 064
0032 200 022 230 072 111 024 147 066
0033 103 043 143 089 206 049 235 097
0034 209 126 245 163 097 097 126 142
0035 202 209 231 239 100 163 124 207
0036 106 201 130 239 190 213 225 239
0037 194 210 220 239 104 214 126 239
0038 185 208 220 239 107 216 130 239
