0001 136 187 156 225 203 189 228 230
0002 131 187 153 224 209 189 232 230
0003 131 189 155 224
0004 206 190 229 227 131 184 155 225
0005 132 189 155 226 208 192 229 227
0006 132 187 156 224 207 190 229 225
0007 132 187 155 224 204 191 229 230
0008 132 186 155 223 204 183 237 227
0009 132 187 155 223 205 193 230 228
0010 133 188 156 224 210 189 232 226
0011 138 186 161 220 200 186 223 224
0012 141 181 163 215 195 180 219 214
0013 145 164 171 199 188 162 213 197
0014 150 147 178 177 182 140 207 172
0015 150 119 190 146 184 108 218 147
0016 141 095 180 120 192 080 233 112
0017 203 051 238 097 133 066 160 100
0018 206 034 244 081 128 046 154 087
0019 218 032 249 078 118 037 143 085
0020 222 029 249 073 114 033 146 079
0021 110 032 135 075 226 029 254 074
0022 226 025 257 074 107 032 133 073
0023 228 028 256 074 106 028 131 074
0024 230 027 259 074 105 021 131 074
0025 232 025 258 073 103 022 128 068
0026 105 022 132 073 231 024 258 074
0027 227 023 256 071 108 027 135 067
0028 228 024 256 073 106 027 130 065
0029 231 027 259 072 107 026 135 067
0030 230 023 258 073 105 021 132 070
0031 230 023 257 074 105 023 131 063
0032 228 025 258 073 106 022 132 068
0033 229 024 257 074 108 026 134 068
0034 222 024 260 071 107 026 134 068
0035 230 028 258 074 108 027 134 066
0036 231 026 259 073 109 027 134 066
0037 228 021 256 070 108 028 134 067
0038 229 022 256 068 108 028 134 066
0039 227 023 255 072 109 027 135 067
0040 228 026 255 073 108 025 134 069
0041 219 026 256 076 112 028 136 067
0042 214 047 239 077 124 039 148 075
0043 136 054 160 082 196 058 232 097
0044 181 079 221 108 143 065 169 103
0045 145 075 174 113
0046 190 114 232 148
0047 152 121 188 151
0048 150 140 179 169
0050 152 157 180 185
0051 152 162 180 195 183 166 213 199
0052 148 173 185 206
0053 140 173 178 215 206 182 227 216
0054 213 183 236 223 135 184 161 222
0055 124 183 146 221 221 185 244 221
0056 118 186 142 224 223 183 246 219
0057 116 188 140 224 218 188 240 218
0058 119 186 141 223
0059 120 188 142 224
0060 124 187 144 222 215 193 235 225
0061 125 188 147 222 215 186 237 226
0062 128 188 152 221 218 191 240 224
