0000 106 184 126 221
0001 107 186 128 223
0002 105 185 125 221
0003 107 187 127 220
0004 107 187 127 220
0005 106 184 128 220
0006 107 186 127 220
0007 106 180 129 217
0008 107 186 128 222
0009 107 181 130 219
0010 108 187 129 223
0011 173 204 192 234 105 190 126 229
0012 182 182 206 225 094 182 118 220
0014 082 091 117 133 182 105 221 149
0015 083 051 118 098 183 052 221 095
0016 085 029 121 079 174 024 211 066
0017 091 016 118 063 173 015 204 061
0018 166 012 201 052 084 015 121 062
0019 170 011 207 058 089 014 128 061
0020 169 012 206 057 091 014 128 064 064 210 104 239
0021 166 010 201 053 093 016 121 067
0022 173 014 202 056 088 015 124 066
0023 166 013 202 056 090 017 128 065
0024 168 013 205 058 097 017 125 067
0025 169 012 205 058 096 015 125 065
0026 166 014 200 057 097 018 126 067
0027 165 011 201 051 097 018 125 068
0028 168 012 206 058 097 018 125 068
0029 168 016 203 064 090 019 129 073
0030 175 029 210 079 089 041 116 085
0031 082 075 119 121 185 060 220 104
0032 186 115 222 147
0033 201 168 226 204 091 172 114 207
0034 193 191 215 230
0035 184 191 214 231
0036 178 193 197 229
