0000 178 191 199 224 097 208 124 239
0001 097 208 124 239 179 191 198 222
0002 096 209 119 239 179 194 199 226
0003 178 191 198 224 096 208 120 238
0004 092 203 124 238 182 186 205 226
0005 187 169 222 211 099 191 125 229
0006 192 127 227 159 098 147 134 178
0007 185 072 219 114 102 101 142 146
0008 168 063 197 110 111 069 136 108
0009 107 066 132 103 172 063 199 101
0010 173 064 203 116 106 064 133 107
0011 175 066 203 116 107 068 134 097
0012 174 069 205 114 108 064 135 109
0013 169 066 205 113 103 068 135 119
0014 170 061 205 107 108 065 132 100
0015 106 064 131 105 180 065 208 109
0016 101 083 132 129 184 096 222 140
0017 100 144 133 174 184 144 218 178
0018 095 179 130 215 181 174 205 211
0019 099 202 128 237
0020 096 201 124 239 175 182 197 217
0021 097 200 125 239 176 179 198 215
0022 097 205 123 239 177 184 197 215
0023 095 201 120 239 173 176 205 218
0024 098 206 122 237 180 184 199 216
