0002 160 219 189 239
0003 165 171 195 210
0004 158 118 210 158
0005 199 093 233 133
0006 213 121 259 155
0007 203 171 238 215 155 128 210 178
0008 169 195 195 228
0009 149 159 180 196
0010 165 125 215 167
0011 202 173 245 211 156 127 206 176
0012 186 193 219 239
0013 149 209 177 239
0014 144 174 174 212
0015 168 134 213 173
0016 203 149 242 183
0017 176 195 206 232 043 221 064 239
0018 133 134 170 187
0019 123 147 157 193 043 220 064 239
0020 147 118 194 157 040 218 061 239
0021 195 149 230 184 156 123 203 167 040 221 062 239
0022 175 188 203 234
0023 122 191 155 232
0024 117 143 154 189
0025 148 118 195 156
0026 178 168 215 213 151 131 187 176 040 222 060 239
0027 155 213 180 239
0028 144 220 167 239
