0000 096 207 120 239 176 191 197 224
0001 096 207 119 239 174 187 196 226
0002 097 207 119 239 176 189 196 225
0003 097 207 119 239 170 175 190 207
0004 096 208 119 238 152 122 188 151
0005 178 078 212 109 097 204 118 236
0006 214 081 249 116 102 208 120 237
0007 096 203 118 236
0008 095 208 118 239 161 181 182 210
0009 141 123 167 152 094 208 118 239
0010 094 207 119 239 169 089 196 118
0011 099 206 119 235 219 102 249 135
0012 095 207 116 238 209 164 232 190
0013 096 208 118 236 166 167 187 197
0014 099 207 119 236 143 111 180 143
0015 182 071 219 103 097 210 120 236
0016 207 083 243 127 093 208 120 239
0017 209 143 236 163 094 206 119 239
0018 094 208 118 239 160 149 187 174
0019 155 104 184 131 095 208 120 239
0020 098 208 120 235 181 092 204 121
0021 101 206 121 238 206 125 228 149
0022 098 209 117 237 195 166 230 192
0023 096 204 117 237 192 184 214 219
0024 100 207 120 237 174 189 196 224
0025 098 205 118 236 174 190 196 227
0026 098 205 117 236 177 192 197 223
0027 098 204 117 236 178 189 200 223
0028 096 208 120 239 174 189 196 230
