0000 085 204 109 238 168 209 192 239
0001 085 204 109 238 172 206 195 239
0002 084 204 108 238 172 207 195 239
0003 084 204 109 239 172 208 193 239
0004 084 202 108 239 167 210 190 239
0005 083 203 108 239 166 207 196 237
0006 080 203 112 237 170 209 191 239
0007 080 204 105 236 170 209 191 239
0008 083 203 109 239 167 209 191 239
0009 081 202 104 238 164 207 194 237
0010 083 207 108 234 163 209 193 237
0011 083 203 105 235 165 209 195 237
0012 085 206 108 236 164 208 191 239
0013 084 205 108 239 160 191 189 233
0014 082 205 108 239 148 171 189 203 174 149 202 182
0015 081 205 108 239 147 141 203 178
0016 084 207 107 236 170 089 204 123
0017 081 203 108 237 191 072 224 114
0018 209 081 246 129 078 200 103 237
0019 071 204 098 237 226 125 257 159
0020 071 201 095 236 209 172 253 208
0021 065 201 089 236 189 195 220 238
0022 067 201 090 236 131 185 175 228
0023 072 201 092 235 122 168 159 203 147 153 194 184
0024 078 201 100 235 128 126 158 145 154 128 196 156
0025 083 200 106 237 143 077 181 115 173 108 212 148
0026 182 066 209 104 083 197 107 236
0027 209 077 244 121 081 199 109 237
0028 080 204 104 235 231 126 263 161
0029 078 201 099 235 218 173 254 209
0030 075 202 096 234 191 188 220 230
0031 139 184 189 227 074 203 095 235
0032 074 202 095 236 116 150 171 177
0033 078 205 100 237 153 122 194 153
0034 081 202 104 235 145 076 181 108
0035 087 202 112 237 175 076 199 115
0036 205 094 234 135 086 200 110 235
0037 085 203 109 236 208 135 251 173
0038 077 201 111 237 200 178 239 213 174 151 212 191
0039 080 204 104 239 190 184 216 228
0040 162 200 191 238 080 205 098 235
0041 155 203 184 239 081 206 099 238
0042 155 209 186 239 077 204 103 237
0043 157 207 183 235 081 203 107 239
0044 082 203 108 235 154 208 186 239
0045 082 203 107 235 162 209 188 238
