0000 180 202 214 235
0001 177 202 214 239
0002 179 200 211 234
0003 182 202 209 235
0004 182 202 209 235
0005 181 199 208 235
0012 172 201 213 237
0013 154 222 197 239
0014 154 203 208 234 059 200 107 239
0015 075 180 119 229 146 184 200 229
0016 140 160 187 220 079 160 133 218 160 194 209 231
0017 137 144 175 197 106 135 136 198 067 176 112 224
0018 137 117 164 177 111 120 137 176
0019 135 092 163 167 112 099 144 155
0020 134 090 163 162 118 087 145 162
0021 135 089 161 161 118 091 142 160
0022 136 085 161 169 117 092 140 160
0023 135 084 161 166 114 087 148 158
0024 131 082 159 157 114 090 142 161
0025 132 083 159 157 112 086 143 157
0026 110 088 139 149 137 084 163 149
0027 112 086 139 143 132 084 160 144
0028 107 086 142 141 131 082 160 139
0029 106 089 136 145 131 082 159 139
0030 105 088 143 145 137 090 167 150
0031 105 087 143 146 131 089 175 151
0032 106 090 137 151 131 089 174 150
0033 105 087 145 147 137 089 166 149
0034 105 087 145 148 136 089 166 150
0035 106 086 144 146 133 093 176 151
0036 106 087 145 147
0037 106 087 144 146 131 086 159 145
0038 106 088 144 144 131 087 159 145
0039 107 087 140 153 130 084 159 144
0040 107 092 145 150 127 087 161 143
0041 105 100 145 157 120 102 167 138
0042 099 125 152 169 137 117 174 166
0043 141 144 183 182 089 157 135 193
0044 141 162 187 201 083 171 138 212 054 183 113 224
0045 141 169 194 210 083 182 133 220 057 193 108 227
0046 077 189 139 229 143 176 194 215
0047 097 190 143 230 145 182 195 222 060 192 110 231
