0007 063 219 105 237
0008 061 218 101 237
0009 062 209 104 237
0010 057 188 109 231 164 209 204 236
0011 160 167 199 214 063 165 114 216
0012 152 137 192 200 080 139 121 195
0013 145 119 189 177 088 113 128 176
0014 148 110 183 169 096 106 130 160
0015 145 110 189 161 099 099 141 156 120 094 149 133
0016 102 097 151 151
0017 103 092 154 151
0018 104 092 154 151
0019 104 093 152 150
0020 105 092 150 148 131 093 173 152
0021 101 096 142 150 131 096 180 163
0022 102 096 142 149 133 094 181 157
0023 108 092 145 153 133 095 181 157
0024 107 094 142 154 131 096 176 153
0025 107 096 142 153 131 096 176 153
0026 102 097 152 156 131 096 176 153
0027 102 097 150 156 130 098 177 153
0028 103 097 150 154 131 101 179 159
0029 103 098 150 154 131 101 179 159
0030 105 099 150 153 133 099 181 158
0031 106 102 152 152 143 104 174 159
0032 103 114 146 162 132 111 179 162
0033 142 139 189 182 088 140 139 181
0034 150 164 195 200 055 171 124 211
0035 059 196 105 237 154 190 211 230
0036 157 211 205 238
0037 167 224 202 239
0041 181 197 216 235
