0004 174 187 221 237 080 203 144 239
0005 076 159 133 214 182 146 222 199
0006 175 137 215 195 084 151 131 211
0007 172 130 211 193 085 153 132 211
0008 172 129 211 189 086 143 132 207
0009 172 127 211 186 088 141 137 201
0010 174 117 213 184 089 133 130 197
0011 171 120 211 181 090 133 129 191
0012 171 119 210 182 091 132 130 192
0013 170 118 214 179 092 132 131 189
0014 170 121 214 182 091 132 132 190
0015 167 119 213 181 091 131 133 191
0016 163 113 211 177 094 128 134 185
0017 165 107 208 170 094 123 137 180
0018 159 095 201 162 107 108 140 166
0019 157 086 197 153 112 098 152 151
0020 156 074 201 144 115 089 153 147
0021 157 071 194 139 112 080 155 147
0022 155 072 199 137 112 082 155 144
0023 156 070 193 137 112 080 155 143
0024 156 066 195 135 116 079 155 143
0025 155 065 195 135 116 079 155 144
0026 157 069 197 137 114 080 154 143
0027 156 068 195 137 114 078 155 144
0028 156 067 197 138 112 078 155 144
0029 156 068 197 138 112 079 155 144
0030 156 068 197 138 113 080 155 144
0031 156 069 196 138 113 082 154 144
0032 154 070 196 140 113 081 154 142
0033 157 080 196 153 109 084 151 158
0034 160 125 198 191 101 142 162 203
0035 102 192 159 239 159 175 204 229
