0000 162 198 206 239 058 210 095 237
0001 161 197 203 239 065 208 095 239
0002 171 175 210 235 068 214 102 238
0003 198 153 238 205 063 213 099 237
0004 217 128 266 174 060 214 094 235
0005 231 104 275 155 059 216 093 239
0006 231 096 279 146 059 216 094 239
0007 242 087 290 138 059 216 094 239
0008 245 081 292 129 058 217 091 239
0009 243 083 289 134 058 217 090 239
0010 244 087 291 136 057 216 091 239
0011 245 087 283 134 058 218 091 239
0012 244 090 288 137 056 218 091 239
0013 249 090 284 139 057 218 091 239
0014 244 087 283 139 057 218 091 239
0015 244 088 287 137 056 218 091 239
0016 244 081 283 128 055 219 088 239
0017 235 080 287 123 054 216 088 239
0018 222 092 273 132 057 216 089 239
0019 218 114 256 152 059 216 090 239
0020 197 142 244 192 060 216 092 239
0021 189 157 231 214 055 213 093 239
0022 060 215 092 239 182 178 218 233
0023 171 187 209 237 064 213 099 236
