0000 063 203 104 239 179 197 214 238
0001 180 191 212 236 070 213 113 238
0002 065 212 109 237 185 173 225 234
0003 063 207 105 237 198 139 246 187
0004 063 213 104 238 219 123 257 163
0005 063 212 105 237 229 106 272 150
0006 234 098 276 143 062 210 103 238
0007 244 092 282 139 062 212 104 238
0008 242 087 290 137 062 215 105 238
0009 243 096 291 143 063 215 107 238
0010 245 100 291 150 061 213 109 239
0011 246 103 292 154 061 212 109 239
0012 246 104 283 154 062 212 111 239
0013 245 103 291 154 063 215 110 237
0014 246 101 287 153 062 212 110 239
0015 249 103 286 154 061 213 109 238
0016 246 102 292 151 061 213 109 238
0017 243 097 291 149 061 213 110 238
0018 061 215 107 238 246 092 291 143
0019 245 087 293 127 062 214 107 238
0020 237 089 285 126 063 215 108 236
0021 225 097 278 137 065 216 109 238
0022 222 115 265 157 063 215 107 236
0023 060 208 109 239 200 139 246 186
0024 069 207 111 239 190 153 235 202
0025 081 191 132 238 171 171 215 222
