0000 158 200 203 237 102 213 137 239
0001 158 200 203 237 102 213 137 239
0002 158 200 203 237 102 213 137 239
0003 158 200 203 237 102 213 137 239
0004 158 201 203 237 102 213 137 239
0005 158 200 203 237 102 213 137 239
0006 157 202 200 238 102 212 137 239
0007 158 193 200 232 104 211 140 237
0008 174 166 207 206 099 213 138 239
0009 188 128 233 172 104 213 135 239
0010 099 212 140 239 216 106 251 147
0011 100 213 141 239 223 092 261 138
0012 227 076 280 124 100 213 139 239
0013 099 213 139 239 240 071 286 112
0014 246 065 298 114 095 211 142 238
0015 100 219 139 239 246 072 296 122
0016 251 080 297 134 098 215 140 239
0017 254 089 299 142 099 214 140 239
0018 255 095 300 148 099 214 140 239
0019 099 214 141 239 256 097 304 146
0020 253 092 301 147 099 214 141 239
0021 252 096 305 147 099 214 141 239
0022 257 095 300 149 099 214 141 239
0023 259 093 306 142 099 214 141 239
0024 256 088 303 138 101 219 140 239
0025 101 219 140 239 253 085 304 133
0026 252 082 302 127 101 219 140 239
0027 244 090 301 127 099 214 142 239
0028 099 215 140 239 230 108 287 145
0029 203 138 263 176 098 214 139 239
0030 167 173 219 218 100 213 139 239
0031 152 190 201 234 099 212 135 239
0032 147 202 190 238 099 212 134 239
0033 145 205 187 237 105 213 132 239
0034 146 206 187 237 100 211 135 239
0035 146 206 186 237 100 210 135 239
