0001 143 212 185 239
0002 160 203 205 238
0003 185 180 220 223
0004 188 154 233 208
0005 197 124 244 190
0006 213 115 255 180
0007 225 108 262 159 180 082 231 129
0008 231 099 276 153 175 073 231 118
0009 229 092 277 147 176 069 228 111
0010 232 094 279 149 177 070 227 114
0011 238 090 277 150
0012 236 087 283 137
0013 238 087 282 140
0014 236 088 282 149
0015 237 087 280 149
0016 240 087 285 138
0017 242 090 288 146
0018 243 091 281 138
0019 246 088 281 148
0020 245 092 281 149
0022 243 091 281 147
0024 241 092 279 147 174 073 232 114
0025 173 073 232 114 239 088 287 151
0026 245 093 282 150 174 074 234 116
0027 246 093 288 150
0028 247 095 286 155
0029 247 092 294 156
0030 247 097 288 155
0031 235 102 283 153
0032 205 113 255 163
0033 193 129 237 180
0034 174 150 216 201
0035 150 178 197 227
0036 131 200 187 239
