0000 076 221 103 239
0001 080 218 105 239
0002 079 217 103 239
0003 081 222 099 239
0005 209 205 235 236 077 220 104 239
0006 075 223 101 239 252 140 291 163
0007 259 075 296 104 075 224 101 239
0008 251 045 291 081 074 218 103 239
0009 247 035 285 072 073 215 105 239
0010 243 035 285 071 079 220 099 239
0011 247 030 288 067 074 218 101 239
0012 241 030 283 067 079 219 101 239
0013 245 025 286 065 074 218 101 239
0014 239 024 281 063 082 220 105 239
0015 242 026 279 065 079 220 102 239
0016 242 026 280 066 079 223 103 239
0017 241 027 281 067 082 224 103 239
0018 240 024 282 062 076 215 101 239
0019 239 029 281 067 075 220 101 239
0020 244 025 284 063
0021 243 024 284 063 080 222 101 239
0022 243 024 283 062
0023 243 024 282 063 074 218 101 239
0024 246 030 286 065 072 218 105 239
0025 255 084 297 110
0026 248 152 285 183 079 224 102 239
0027 224 194 246 232 075 224 098 239
0028 073 221 100 239
0029 077 222 099 239 169 221 190 239
0030 170 219 194 239 076 219 106 239
0031 177 214 202 239 078 221 102 239
0032 178 213 202 239 075 216 101 239
0033 176 214 196 239 077 220 105 238
