0000 166 201 206 234 083 212 120 239
0001 166 200 207 235 084 215 122 239
0002 166 201 207 239 085 218 125 239
0003 166 202 207 239 080 215 125 239
0004 167 200 207 238 083 214 123 239
0005 167 199 209 239 083 213 123 239
0006 080 215 125 239 165 200 206 238
0007 080 214 126 239 175 185 214 231
0008 076 215 133 239 188 172 233 215
0009 079 214 133 239 203 152 253 189
0010 214 131 266 169 080 210 130 239
0011 228 112 291 146 084 215 132 239
0012 233 103 297 141 080 215 124 239
0013 240 100 303 138 083 214 130 239
0014 244 098 301 137 081 215 130 239
0015 243 094 305 131 082 215 130 239
0016 249 094 309 133 084 215 123 239
0017 247 098 305 135 083 217 125 239
0018 241 097 305 134 080 214 125 239
0019 248 095 307 134 080 215 125 239
0020 248 095 308 135 080 214 125 239
0021 246 095 307 133 081 215 125 239
0022 250 093 307 134 081 215 124 239
0023 240 094 303 129 081 214 124 239
0024 225 094 291 132 081 208 125 239
0025 078 212 124 239 218 105 271 141
0026 078 212 122 239 197 127 244 166
0027 180 153 214 207 080 213 123 239
0028 079 216 129 239 160 186 203 232
0029 154 202 198 238 076 218 126 239
0030 080 216 129 239 155 204 198 239
0031 156 205 200 239 083 216 129 239
0032 155 205 198 239 083 216 129 239
0033 155 204 198 239 083 216 123 239
