0002 158 213 193 239
0003 178 209 226 239
0004 193 176 253 216
0005 205 161 263 203
0006 199 157 268 197
0007 204 149 268 187
0008 206 148 271 188
0009 205 149 270 184
0010 207 152 275 189
0011 203 151 270 187
0012 206 145 275 183
0013 205 144 276 183
0014 206 143 276 182
0015 201 147 273 186
0016 206 143 276 181
0017 204 145 275 184
0018 206 143 273 182
0019 204 143 275 182
0020 207 149 276 185
0021 205 149 273 188
0022 197 158 253 203
0023 182 176 233 230
0024 168 188 210 239
0025 142 207 179 239
0026 132 217 169 239
