0000 062 208 102 237
0001 062 206 103 238
0002 060 206 101 239
0003 062 207 103 239
0004 061 205 102 239
0005 060 206 102 239
0006 061 205 103 239
0007 060 206 102 239
0008 061 207 104 239
0009 063 207 101 239
0010 062 207 104 239
0011 061 206 101 239
0012 063 205 099 237 113 187 160 236
0013 063 209 098 238 108 160 163 216
0014 109 133 162 203 057 207 099 236
0015 060 205 102 238 103 119 156 182
0016 059 206 101 238 105 106 156 171
0017 060 206 100 238 095 100 158 160
0018 061 208 098 239 097 092 154 157
0019 061 209 098 239 100 086 153 162
0020 059 205 100 239 098 083 150 155
0021 059 208 100 238 090 091 156 153
0022 060 207 101 238 091 093 155 152
0023 059 207 099 239 095 086 152 161
0024 059 205 098 237 095 087 148 162
0025 096 087 150 161 059 206 100 238
0026 095 085 152 162 060 209 105 238
0027 096 085 152 162 062 208 100 238
0028 097 087 149 163 060 206 101 238
0029 095 096 155 159 062 207 100 238
0030 063 209 100 238 098 095 151 164
0031 062 208 100 238 097 090 151 161
0032 060 206 102 238 096 094 152 158
0033 095 087 151 162 063 211 101 238
0034 096 094 152 157 061 208 100 239
0035 098 091 150 159 059 204 100 239
0036 059 207 101 239 092 093 152 158
0037 095 089 150 159 063 208 098 238
0038 097 088 151 160 060 204 101 239
0039 098 093 155 157 058 202 099 239
0040 103 125 153 181 061 208 098 238
0041 113 185 161 226 061 209 096 239
0042 060 208 098 239
0043 061 207 098 239
0044 062 207 103 239
0045 061 206 102 239
0046 060 207 100 238
0047 061 209 100 238
