0000 100 211 138 239 162 209 206 239
0001 100 211 138 239 156 210 205 237
0002 100 211 138 239 156 210 205 237
0003 100 211 138 239 156 210 205 237
0004 100 211 138 239 156 210 205 237
0005 100 211 138 239 156 210 205 237
0006 100 211 138 239 156 210 205 237
0007 100 211 138 239 156 210 205 237
0008 100 211 138 239 156 210 205 237
0009 100 211 138 239 156 210 205 237
0010 100 211 138 239 156 210 205 237
0011 100 211 138 239 156 210 205 237
0012 101 211 139 238 155 209 204 238
0013 100 203 139 238 155 207 204 238
0014 164 197 204 235 103 184 157 231
0015 190 182 228 226 116 140 193 176
0016 138 102 211 137 205 155 251 205
0017 218 131 264 182 164 078 235 115
0018 228 111 269 165 186 063 256 100
0019 234 099 271 161 205 061 271 093
0020 233 095 268 164 204 057 272 092
0021 228 096 261 163 206 061 282 087
0022 223 098 256 159 216 061 285 089
0023 224 098 253 152 213 062 285 092
0024 217 062 279 093 226 091 258 150
0025 234 092 269 151 214 064 278 094
0026 235 100 278 160 210 060 273 089
0027 212 058 277 088 223 096 254 163
0028 224 099 250 148 211 057 277 089
0029 230 094 263 157 209 058 274 089
0030 240 100 272 162 207 062 277 088
0031 232 105 267 163 204 054 278 084
0032 209 054 276 085 227 104 261 158
0033 232 102 265 161 207 052 273 084
0034 242 101 274 161 203 053 270 083
0035 200 057 268 087 241 108 277 169
0036 237 116 276 166 205 055 269 087
0037 229 124 262 168 206 061 273 089
0038 191 071 256 106 212 138 251 182
0039 175 097 238 134 196 163 235 208 166 214 207 239
0040 184 175 226 226 156 134 220 177
0041 167 187 215 233 139 171 182 217 118 169 156 209
0042 162 197 201 233 113 190 158 238
0043 153 202 198 235 097 201 130 239
0044 154 201 201 238 097 202 130 236
