0000 082 180 099 207 147 179 165 211
0001 082 180 099 207 150 178 168 209
0002 081 176 098 206 153 181 170 209
0003 156 180 174 208 080 176 097 205
0004 160 182 177 211 080 176 097 205
0005 158 181 175 210 080 175 097 205
0006 148 182 170 220 080 176 097 205
0007 139 182 162 219 080 176 097 206
0008 124 172 153 215 080 175 096 204
0009 112 157 142 190 079 175 096 203
0010 105 143 134 168 080 175 096 204
0011 093 119 133 145 080 175 097 205
0012 079 176 097 205 092 111 129 131
0013 097 105 132 125 081 176 098 205
0014 089 086 125 113 080 175 098 204
0015 080 176 098 205 094 086 128 109
0016 092 079 117 100 081 176 098 205
0017 091 079 123 103 080 175 098 204
0018 095 078 124 100 080 176 098 205
0019 094 078 129 106 080 177 098 205
0020 089 091 129 123 080 176 097 204
0021 080 175 098 204 100 131 136 157
0022 114 150 144 180 080 176 097 204
0023 124 169 148 210 080 175 098 204
0024 142 181 160 217 080 177 098 205
0025 146 184 166 215 080 176 098 205
0026 149 179 168 210 081 176 099 206
0027 149 178 167 209 082 176 099 204
