0000 198 187 217 216 123 186 146 221
0001 196 188 217 215 121 184 145 222
0002 190 169 215 202 124 186 143 217
0003 185 137 225 166 125 186 146 219
0004 184 112 225 151 125 187 144 219
0005 202 112 240 149 123 184 144 217
0006 206 130 247 153 125 188 144 219
0007 123 185 144 216 205 133 249 157
0008 201 135 245 159 121 184 143 217
0009 201 133 245 157 120 186 145 218
0010 204 131 249 157 120 185 143 218
0011 120 185 143 218 198 131 246 156
0012 199 122 245 155 121 186 145 219
0013 201 112 243 151 119 189 142 218
0014 120 188 142 218 204 098 242 133
0015 203 087 243 123 120 188 142 217
0016 123 188 143 222 204 081 243 114
0017 213 083 241 112 122 184 145 217
0018 214 085 241 107 121 184 145 219
0019 121 188 141 220 205 080 243 112
0020 210 085 247 116 121 185 144 219
0021 121 184 144 218 210 086 247 117
0022 212 074 239 105 122 185 145 219
0023 122 184 145 218 198 073 221 108
0024 192 084 216 114 124 188 143 217 203 114 225 152
0025 123 186 145 219 180 110 209 137
0026 180 141 220 169 122 187 142 218
0027 184 161 210 189 123 189 144 222
0028 193 177 213 205 123 188 144 222
0029 194 186 215 208 122 184 144 220
0030 193 188 215 217 124 188 143 218
0031 122 184 145 220 198 190 218 218
0032 196 190 216 220 121 187 142 217
0033 196 190 216 221 121 186 142 216
