0000 157 164 184 203 047 202 071 233
0001 157 155 184 191 049 199 072 232
0002 156 152 185 187 050 201 072 233
0003 157 152 190 182 050 201 072 233
0004 161 148 191 179 049 200 072 232
0005 163 145 193 170 048 201 072 232
0006 158 136 196 165 046 202 071 232
0007 046 202 071 232 162 129 202 150
0008 046 201 073 231 147 107 204 145
0009 048 198 071 232 165 098 204 133 145 105 175 140
0010 048 198 071 232 168 100 208 132 149 104 180 139
0011 048 197 071 231 149 104 208 140
0012 049 200 072 231 161 115 203 143
0013 049 199 072 230 159 123 202 144
0014 049 199 071 230 158 116 203 143
0015 048 196 070 231 170 109 209 135
0016 048 196 070 231 166 100 209 128 147 105 177 140
0017 048 202 072 231 167 098 210 127 149 106 180 141
0018 048 201 072 231 162 105 203 132 146 104 172 135
0019 050 200 073 230 146 104 200 142
0020 048 202 072 231 146 105 201 143
0021 048 201 071 231 165 107 202 134 146 103 170 136
0022 051 197 072 229 170 099 207 126 149 105 176 139
0023 047 202 072 231 166 100 204 132 147 103 172 136
0024 045 200 072 231 170 111 205 140
0025 048 200 072 231 163 136 195 162
0026 050 199 072 229 158 144 188 191
0027 050 200 072 232 157 177 174 212
0028 050 199 072 231 147 184 166 222
0029 051 200 073 231 148 181 169 219
