0001 206 183 226 214 143 180 160 215
0002 140 174 162 213 212 180 233 213
0003 147 172 172 213 202 161 226 202 137 130 164 170
0004 196 154 221 187 145 166 181 202
0005 183 136 218 173
0006 176 130 221 166
0007 175 125 221 160
0008 171 125 224 159 137 117 172 151
0009 173 129 220 159 143 120 169 158
0010 175 129 221 159 136 116 172 151
0011 180 128 221 162
0012 181 127 221 160
0013 177 129 220 161 136 116 171 151
0014 177 127 219 157 141 116 171 156
0015 176 126 220 157 136 115 172 152
0016 176 126 219 157 136 115 172 151
0017 177 127 217 155
0018 177 127 217 155
0019 177 127 217 155
0020 177 125 217 154
0021 173 128 216 155
0022 172 129 215 155
0023 174 128 217 157
0024 172 125 216 156
0025 173 130 215 157
0026 177 132 218 165
0027 189 142 226 172 155 153 190 185
0028 149 166 177 202 200 158 234 196
0029 218 174 241 220 142 178 164 218
0030 221 182 241 219 138 179 157 218
0031 211 176 228 211
