0000 142 196 183 237 061 202 108 239
0001 141 192 184 238 065 200 102 237
0002 141 187 182 238 064 197 098 239
0003 060 200 098 239 137 178 175 230
0004 059 198 098 238 136 166 176 213
0005 060 199 098 239 138 149 177 189
0006 139 116 182 161 060 198 097 239
0007 138 090 174 145 059 199 097 239
0008 136 075 175 135 059 199 097 239
0009 059 199 097 239 132 057 173 127
0010 058 199 101 238 126 056 171 115
0011 058 198 101 239 129 049 170 116
0012 058 201 099 239 129 046 162 109
0013 059 202 099 238 123 053 160 115
0014 058 203 098 238 125 050 163 115
0015 058 203 098 238 124 051 163 113
0016 119 051 159 113 058 201 100 239
0017 058 202 100 239 122 054 159 114
0018 058 202 100 239 124 049 158 113
0019 058 202 100 239 126 049 159 112
0020 058 202 100 239 127 048 158 114
0021 058 202 100 239 127 049 158 114
0022 058 201 100 239 129 050 158 113
0023 061 203 092 239 129 049 158 114
0024 059 201 098 239 125 044 159 114
0025 059 201 099 239 125 044 160 114
0026 059 201 099 239 125 044 160 115
0027 059 201 099 239 125 047 157 110
0028 122 053 158 112 058 201 098 239
0029 058 201 099 239 128 044 160 116
0030 061 200 094 238 126 057 167 120
0031 058 202 099 239 125 073 164 140
0032 123 121 170 160 061 200 094 238
0033 125 145 178 190 061 200 095 238
0034 135 170 182 224 061 200 094 238
0035 143 191 180 238 061 200 094 238
0036 146 197 189 237 059 201 100 239
0037 145 195 190 238 060 202 100 239
0038 146 199 187 236 059 201 100 239
0039 144 198 190 238 059 202 099 239
0040 144 198 190 238 059 202 099 239
