0000 017 211 058 237
0001 114 209 163 239 018 212 059 237
0002 017 210 058 237 114 167 157 220
0003 019 211 058 236 111 135 162 187
0004 020 211 059 237 107 098 170 162
0005 024 208 064 236 110 094 158 150
0006 023 208 064 236 112 086 157 148
0007 115 081 154 146 024 208 064 236
0008 118 078 154 145 024 208 064 236
0009 119 081 155 145 023 208 064 236
0010 024 208 065 236 119 079 155 148
0011 022 208 065 236 123 076 157 142
0012 023 208 065 236 120 073 156 142
0013 022 208 065 236 117 074 156 142
0014 022 208 066 236 123 072 157 137
0015 022 208 065 237 122 078 155 137
0016 023 208 066 236 118 073 155 139
0017 023 208 065 236 121 076 154 140
0018 023 207 066 236 119 074 155 139
0019 023 207 066 236 120 075 152 143
0020 022 208 066 236 121 077 155 140
0021 023 207 066 236 118 084 155 142
0022 021 208 066 236 111 101 161 162
0023 017 213 060 237 109 130 161 182
0024 021 210 063 238 113 162 164 212
0025 117 191 169 237 019 211 063 238
0026 019 210 065 238 117 210 175 239
0027 019 210 064 238
0028 020 211 062 238
0029 020 211 061 238
0030 022 209 064 237
0031 022 208 063 237
0032 022 207 063 237
0033 020 206 067 237
0034 010 198 061 236
