0000 154 211 190 239
0001 171 181 193 216
0002 163 119 196 157
0003 153 044 197 092
0004 143 007 192 063
0005 146 005 188 047
0006 156 006 200 043
0007 184 007 218 046
0008 167 003 208 042
0009 129 007 172 043 044 223 068 239
0010 133 005 167 035
0011 165 008 194 035
0012 044 216 068 239
0014 128 003 172 034 043 223 069 239
0015 141 007 173 034 044 224 070 239
0016 169 006 199 035
0019 128 006 168 044
0020 146 006 183 037
0021 182 008 210 032
0023 137 004 179 043
0024 136 005 166 036
0025 156 009 183 040
0026 188 009 216 043
0027 207 014 248 065
0028 217 078 257 117
0029 201 175 239 223
0030 189 208 222 239
0031 164 222 190 239
0032 160 218 180 239
0034 040 219 073 239
0035 151 219 172 239 046 224 070 239
0036 048 223 071 239
0037 047 222 073 239
