0015 101 206 138 236
0016 103 185 134 228
0017 095 170 138 218
0018 087 151 129 197
0019 084 136 120 176
0020 083 126 120 173
0021 076 114 118 159
0022 073 107 116 156
0023 071 110 115 153
0024 071 107 113 148
0025 071 105 114 149
0026 072 103 112 148
0027 075 098 114 148
0028 074 098 114 149
0029 074 097 113 148
0030 075 097 114 147
0031 071 098 115 145
0032 071 096 117 146
0033 072 096 117 144
0034 073 096 118 145
0035 072 096 119 146
0036 076 101 117 144
0037 074 100 114 140
0038 073 096 118 142
0039 073 096 117 141
0040 075 101 116 140
0041 074 102 116 147
0042 079 118 125 167
0043 084 146 129 196
0044 095 213 131 239
