0000 194 213 226 239
0001 198 215 227 239
0002 195 214 228 239
0003 194 214 231 239
0004 197 212 230 239
0005 161 224 196 239 186 213 222 237
0006 154 211 201 239 190 201 226 239
0007 151 191 200 238
0008 147 171 195 221
0009 147 154 190 204
0010 154 126 185 180
0011 157 118 185 172
0012 157 109 184 164
0013 151 115 188 170
0014 155 111 184 166
0015 155 115 189 160
0016 148 112 184 165
0017 148 109 183 164
0018 148 111 183 163
0019 149 110 183 163
0020 155 110 181 154
0021 154 110 179 157
0022 152 106 180 159
0023 152 105 180 159
0024 154 106 179 159
0025 154 106 180 155
0026 155 106 181 156
0027 156 107 183 155
0028 152 106 179 158
0029 153 104 180 159
0030 153 111 178 157
0031 151 105 178 158
0032 151 105 179 155
0033 150 106 177 160
0034 152 106 180 157
0035 150 104 178 159
0036 151 108 177 159
0037 140 106 181 158
0038 150 110 176 158
0039 150 107 178 160
0040 150 107 177 160
0041 150 107 179 156
0042 148 104 177 160
0043 131 112 172 157
0044 138 107 179 159
0045 151 110 178 157
0046 151 110 178 159
0047 153 111 176 159
0048 155 116 177 160 129 110 166 161
0049 136 117 174 154
0050 134 111 173 158
0051 133 109 173 160
0052 134 109 175 160
0053 136 113 175 161
0054 135 111 175 162
0055 136 114 174 162
0056 136 113 172 153
0057 142 112 177 162
0058 152 110 178 157
0059 143 109 177 158
0060 153 109 179 157 133 107 166 156
0061 131 112 170 155
0062 151 112 175 159
0063 131 110 171 156
0064 130 111 169 158 154 115 179 159
0065 132 109 170 156
0066 132 114 169 159
0067 131 113 169 159
0068 131 109 169 157 155 115 178 161
0069 131 113 171 162
0070 139 111 176 162
0071 133 117 171 156
0072 147 130 181 186
0073 142 151 181 197
0074 145 182 191 232
0075 149 209 190 239 183 206 227 239
0076 190 211 229 239
0077 198 215 229 239
