0013 016 220 050 238
0014 016 220 050 238
0015 016 220 050 239
0019 015 219 050 238
0020 016 217 049 239
0022 112 198 167 239
0023 101 150 152 201 141 186 187 232
0024 093 117 145 167
0025 095 101 140 147 140 159 176 222
0026 090 094 138 148
0027 092 088 133 140
0028 092 086 133 142 130 145 171 203
0029 092 080 133 134 126 143 162 201
0030 089 083 132 137 125 136 164 200
0031 088 083 131 137
0032 089 081 131 137 124 131 168 201
0033 088 080 132 137
0034 087 080 131 137
0035 086 080 131 137
0036 086 079 131 139 127 127 162 191
0037 086 081 129 134 125 130 163 193
0038 085 078 130 138 127 130 167 193
0039 085 082 130 135 125 130 163 194
0040 085 082 130 139 128 131 168 195
0041 083 082 130 137 126 130 165 193
0042 085 081 132 141 129 133 168 198
0043 088 081 137 140
0044 094 111 147 161
0045 099 167 166 222 149 188 183 234
0046 133 211 176 235
0048 143 209 178 236
0049 147 209 180 235
0050 146 210 175 238
