0010 080 213 135 239
0011 076 192 132 239 175 214 225 237
0012 173 187 219 236 072 172 128 222
0013 169 163 219 215 067 159 130 204
0014 069 151 130 189 170 147 218 198
0015 171 140 216 184 068 132 127 170
0016 148 136 203 171 064 128 134 164
0017 067 128 124 167 147 131 209 171
0018 063 129 134 166 149 131 205 172
0019 065 128 134 166 142 129 205 168
0020 067 125 124 162 143 133 209 167
0021 063 125 119 160 145 133 212 168
0022 059 126 115 164 146 132 214 170
0023 050 128 119 160 155 133 222 171 188 216 217 239
0024 037 128 112 166 169 136 241 171
0025 015 131 095 169 193 137 266 171 181 202 216 237
0026 003 135 076 172 212 137 288 172 186 207 214 239
0027 229 140 308 175 003 141 064 177 181 202 215 238
0028 001 140 052 183 232 139 312 176 182 204 212 239
0029 237 143 312 179 003 140 057 185 182 202 211 237
0030 003 143 054 182 235 141 310 179 182 200 211 238
0031 001 140 060 172 232 139 299 173 180 200 215 238
0032 233 127 287 176 002 134 056 182
0033 241 105 277 171 023 114 062 160
0034 032 087 062 153 250 106 279 173 186 212 213 239
0035 027 094 085 160 235 113 278 180
0036 031 104 101 161 215 130 273 186 188 207 214 239
0037 203 142 266 195 043 117 111 171 187 205 211 239
0038 066 149 126 195 179 163 241 208 189 204 214 237
0039 168 177 228 217 077 167 144 206 188 208 218 236
0040 090 183 158 220 159 186 214 222 191 208 217 237
0041 151 186 211 220 096 177 161 217 185 208 214 236
0042 148 177 216 208 102 173 157 216
0043 098 170 156 216 153 174 211 202
0044 093 172 159 210 149 168 209 195
0045 089 168 156 205 147 165 207 192
0046 093 166 161 207 139 166 213 196
0047 092 167 158 208 138 167 211 198
0048 093 169 161 210 144 169 208 194
0049 147 170 213 200 095 171 159 209
0050 144 170 216 206 096 172 162 213
0051 095 178 160 217 141 178 214 210
0052 099 180 159 223 147 188 201 222
0053 103 182 160 237 155 191 206 231
0054 106 202 152 239 167 203 203 235
0055 172 207 202 239 107 214 149 239
0056 171 212 209 239
