0000 108 190 148 220 154 184 192 213
0001 150 184 192 213 110 193 145 216
0002 150 184 192 213 110 193 145 215
0003 110 193 145 215 152 185 193 208
0004 108 189 149 220 154 183 192 212
0005 150 170 195 213 097 174 150 218
0006 095 157 142 199 157 160 201 199
0007 095 148 142 179 162 148 204 182
0008 161 140 206 173 083 139 143 174
0009 162 137 207 166 087 132 141 164
0010 081 131 145 166 160 135 206 162
0011 085 132 143 167 160 134 208 162
0012 156 135 205 164 093 130 141 164
0013 152 137 199 167 091 132 141 163
0014 152 138 204 169 090 132 142 168
0015 154 138 204 169 092 132 142 168
0016 156 136 206 169 083 131 144 167
0017 076 127 134 162 174 137 221 166
0018 063 129 117 164 180 138 248 165
0019 037 130 101 162 205 136 274 165
0020 022 134 077 170 227 141 288 169
0021 022 139 074 176 223 139 285 167
0022 024 139 075 176 223 138 281 165
0023 223 138 282 164 021 136 078 174
0024 221 138 281 164 022 138 083 171
0025 216 137 278 165 030 137 088 174
0026 046 139 086 172 208 139 269 170
0027 062 133 110 175 191 134 235 174
0028 173 137 212 175 083 139 129 184
0029 162 142 205 181 094 148 142 190
0030 155 147 202 187 098 149 144 193
0031 152 151 196 195 098 154 140 195
0032 151 152 196 195 098 154 143 200
0033 151 153 196 195 101 156 139 196
0034 150 153 196 196 098 156 143 199
0035 150 153 196 196 096 155 142 196
0036 151 153 196 196 096 155 141 196
0037 098 156 144 195 150 152 195 196
0038 097 156 143 194 150 152 195 196
0039 102 157 143 196 150 152 196 196
0040 151 153 195 198 095 161 145 199
0041 153 164 200 204 107 169 140 204
0042 152 166 199 205 097 177 138 210
0043 153 175 194 214 107 182 141 221
