0004 092 190 155 239 172 195 214 239
0005 164 157 207 209 096 159 151 208
0006 160 139 205 196 098 141 150 193
0007 095 133 151 182 157 127 196 185
0008 146 120 193 171 100 128 144 175
0009 146 119 189 168 098 126 145 169
0010 099 126 144 174 149 124 194 171
0011 147 119 193 169 096 126 140 175
0012 153 119 197 168 093 126 143 173
0013 093 127 138 175 159 120 200 168
0014 155 123 202 169 092 126 138 175
0015 166 118 211 166 088 126 135 174
0016 087 125 132 177 171 118 218 164
0017 082 125 129 172 174 117 218 164
0018 181 116 228 164 076 128 125 176
0019 186 114 230 166 067 125 119 176
0020 194 114 236 159 061 121 115 170
0021 197 112 239 160 053 120 102 170
0022 193 108 239 159 049 120 095 170
0023 050 119 096 172 194 112 241 158
0024 195 111 239 160 052 123 097 176
0025 196 111 236 158 052 126 096 177
0026 195 112 238 158 056 120 100 176
0027 191 120 228 170 057 127 109 177
0028 063 133 111 187 184 126 227 171
0029 072 150 129 205 172 140 216 189
0030 074 163 133 219 157 158 212 204
0031 078 180 140 229 143 178 210 223
0032 081 187 138 234 138 189 204 229
0033 139 196 197 237 080 190 137 235
0034 140 198 196 238 081 197 136 238
0035 133 194 201 233 081 197 136 238
0036 135 196 197 236 081 196 135 238
0037 136 197 192 238 081 192 136 235
0038 137 198 192 238 081 192 136 235
0039 136 198 191 238 081 192 136 235
0040 136 196 195 235 081 192 136 235
0041 135 195 196 235 081 191 136 235
0042 135 195 197 235 075 193 143 236
0043 141 200 199 239 078 198 139 237
0044 080 211 141 239 154 212 202 239
0046 178 190 199 231
