0000 098 200 147 239
0001 100 201 145 238
0002 100 199 149 239 072 202 099 237
0003 099 201 145 238 071 203 097 239
0004 106 197 150 239 079 189 110 229
0005 118 191 164 223 091 187 136 218
0006 085 183 133 221 144 164 181 207
0007 085 185 128 217 161 126 197 174
0008 075 185 123 230 172 092 212 138
0009 084 186 127 227 184 070 221 120 068 206 103 239
0010 077 187 120 224 185 059 221 115
0011 078 186 120 222 185 045 220 103
0012 078 185 121 223 186 035 217 087
0013 078 189 118 222 187 028 216 080
0014 080 185 121 224 186 024 215 072
0015 077 188 119 223 186 023 213 069
0016 075 188 119 228 186 020 214 070
0017 183 019 214 065 067 188 123 225
0018 187 015 216 066 080 188 123 228
0019 189 016 220 065 079 189 123 228 069 201 097 235
0020 188 015 217 068 075 186 120 225
0021 075 186 119 229 188 016 219 066
0022 075 195 113 233 190 015 220 067
0023 075 191 118 231 188 016 218 066
0024 073 192 114 233 187 017 218 067
0025 188 017 219 067 071 195 109 230
0026 188 016 219 067 072 196 110 234
0027 069 200 106 233 187 020 217 069
0028 185 014 217 071 069 202 103 233
0029 179 019 219 068 070 203 102 234
0030 182 012 217 072 069 201 100 235
0031 184 015 214 064 068 200 097 234
0032 185 015 216 066 064 197 100 234
0033 185 016 216 067 066 196 098 235
0034 184 014 217 066 065 196 093 238
0035 186 018 215 067 062 197 090 234
0036 185 015 216 070 060 194 090 236
0037 183 023 215 079 060 201 092 239
0038 060 197 093 239 182 039 210 091
0039 060 202 092 238 169 063 198 106
0040 061 203 092 239 152 084 186 128
0041 143 112 178 155 061 201 089 235
0042 063 204 093 239 132 130 170 171
0043 063 203 092 236 125 159 160 195
0044 056 199 092 235 111 190 155 224
0045 060 203 087 236 112 211 153 239
0046 115 205 155 239 060 203 089 236
0047 111 213 156 239 056 202 095 236
0048 118 206 156 238 059 203 088 237
0049 115 205 159 239 056 203 093 236
