0007 132 178 197 231
0008 143 132 203 193
0009 150 108 204 164
0010 153 098 207 159
0011 155 085 203 151
0012 156 077 199 145 078 117 117 145
0013 152 076 198 141 084 112 112 151
0014 155 072 197 145 086 115 115 145
0015 151 077 202 143 084 112 113 152
0016 151 078 201 144
0017 149 078 195 148 086 112 116 148
0018 151 077 200 144
0019 151 077 198 151
0020 155 077 198 157
0021 153 106 204 166 086 115 114 145
0022 152 132 198 195 086 116 116 147
0023 138 210 180 239
0024 081 109 127 155
0025 082 113 118 156
