0000 144 176 167 209
0001 144 170 167 203
0002 143 159 179 195
0003 146 147 183 182
0004 155 138 179 171 185 135 212 164
0005 152 127 188 161
0009 193 078 227 103 140 075 177 109
0010 206 057 240 092 141 058 164 094
0011 132 048 153 080 233 042 257 077
0012 121 042 148 081 241 047 269 082 127 091 154 132
0013 113 035 149 078 235 034 272 076 125 089 151 127
0014 227 020 252 061 125 023 148 064
0015 129 028 152 066 205 031 241 061
0016 127 040 161 075 200 043 238 075
0017 128 050 152 084 207 054 244 079
0018 120 046 144 087 223 046 259 082
0019 115 042 138 082 235 036 270 074
0020 113 028 138 072 231 020 266 061
0021 218 008 241 049
0022 203 025 240 055 128 018 151 060
0023 130 041 154 076 199 041 237 073
0024 133 055 164 080 200 049 239 085
0025 130 056 165 087 207 059 240 082
0026 131 054 157 087 204 051 243 086
0027 132 047 157 081 207 046 245 083
0028 136 041 157 078 211 040 233 074
0029 204 044 226 081 139 045 161 084
0030 187 060 211 095 152 058 175 093
0031 155 071 181 115
0037 152 151 186 180 180 157 216 192
0038 149 163 173 195 197 180 220 207
0039 205 179 227 210 144 177 165 206
0040 139 180 162 216 212 191 233 218
0041 130 180 155 219 220 184 240 219
0042 224 184 243 216 127 183 148 217
0043 126 184 147 217 220 194 238 219
0044 217 189 236 217 128 181 150 218
0045 131 186 149 216
0046 133 183 155 218 211 185 232 220
0047 211 184 233 220 135 183 158 216
0048 135 182 158 215 212 184 235 218
0049 135 183 153 212 218 186 239 221
0050 132 181 155 216 218 182 240 215
0051 132 182 154 216 215 186 236 219
0052 131 180 156 216
0053 131 182 156 217 213 187 235 220
0054 132 182 157 216 213 186 235 219
