0000 084 205 116 239 165 207 199 239
0001 164 206 193 239 081 205 118 239
0002 087 206 115 238 170 212 193 239
0003 087 207 116 239 170 210 194 239
0004 172 209 196 239 085 206 117 239
0005 086 205 114 239 174 212 197 239
0006 087 208 119 239 170 209 199 239
0007 090 205 114 235 166 213 194 239
0008 091 204 123 239 170 211 194 239
0009 091 201 121 238 167 209 190 239
0010 099 201 130 237 154 209 186 239
0011 097 188 126 222 170 185 195 221
0012 089 169 113 200 172 158 206 193
0013 074 140 107 173 184 127 221 160
0014 050 101 088 152 199 091 237 142
0015 038 057 078 104 226 052 253 097
0016 024 013 066 059 233 016 265 066
0017 026 007 062 049 233 011 265 055
0018 035 008 068 040 223 011 250 043
0019 209 007 244 042 044 007 075 043
0020 067 010 095 033 188 015 210 048
0021 159 016 199 052 071 012 114 052
0024 158 021 196 056
0025 072 011 113 053 181 014 206 050
0028 051 011 084 066
0029 213 007 236 039 053 011 079 038
0031 074 008 103 052
0032 156 016 187 050 093 017 121 048
0033 159 017 190 055
0034 158 012 192 054
0035 153 013 195 053 094 026 130 067
0036 158 025 186 053 099 022 125 059
0037 159 016 189 054
0038 154 021 193 056 093 020 119 058
0039 156 025 194 058 093 020 127 058
0040 161 035 197 067
0041 170 054 205 090 092 043 128 079
0042 169 077 203 108 092 072 120 107
0043 089 118 119 158 173 120 209 160
0044 081 158 119 197 176 165 203 201
0045 172 193 199 230 087 183 117 228
0046 088 204 127 239 160 205 192 238
0047 088 202 120 239 163 202 193 239
0048 166 208 191 239 090 205 121 239
0049 092 205 121 239 166 213 192 239
0050 092 206 122 239 164 208 192 239
