0000 096 201 117 237 189 187 211 224
0001 095 194 117 229
0002 093 194 117 230
0003 095 199 114 228
0004 094 199 113 226
0005 093 194 116 230
0006 093 194 116 230
0007 097 199 116 229
0008 094 196 117 230
0009 097 195 119 226
0010 093 192 116 225
0011 093 193 116 225
0012 096 194 118 230 177 200 196 222
0013 094 198 113 229 178 198 197 226
0014 088 194 113 233 177 199 198 220
0015 084 196 112 235
0016 079 196 108 236 189 199 210 229
0017 068 184 105 222 188 179 223 221
0018 065 138 103 176 189 132 231 171
0019 073 088 111 129 188 065 218 129
0020 085 021 113 064 172 016 198 049
0021 088 009 114 050 171 023 204 083
0022 091 014 115 049 166 030 203 078
0023 087 024 113 068 173 055 203 101
0024 091 053 114 088 187 085 212 121
0025 189 132 216 158 093 073 117 113
0026 191 150 219 187 093 094 118 134
0027 090 099 119 141 199 153 228 186
0028 185 123 223 157 090 091 121 133
0029 090 062 135 104 177 079 216 125
0030 165 050 206 103 095 039 125 083
0031 163 027 201 090 096 017 135 059
0032 099 012 135 050 156 020 198 063
0033 169 033 200 085 095 018 126 064
0034 157 059 198 096 098 041 126 083
0035 175 105 204 143
0036 094 132 118 159
0037 094 162 116 190 184 188 206 218
0038 094 173 116 208 186 193 207 225
0039 095 187 117 225 186 192 208 228
0040 188 194 208 226 095 189 116 226
