0000 089 193 115 225 172 202 190 237
0001 089 196 107 223 171 204 189 237
0002 171 197 189 230 076 186 111 226
0003 077 191 108 231 170 201 195 239
0004 176 206 201 239 074 195 107 233
0005 064 189 087 217 195 196 216 231
0006 051 186 076 217 206 192 232 229
0007 039 177 072 215 219 185 255 232
0008 042 182 068 219 212 181 246 228
0009 055 193 078 227
0010 173 206 199 239 074 192 098 225
0011 147 196 184 235 087 184 119 225
0012 096 160 129 194 132 163 176 200
0013 154 123 190 153 094 124 130 156
0014 094 100 129 140 156 086 184 132
0015 170 028 211 080 081 045 120 089
0016 192 006 228 056 066 014 105 059
0017 212 006 247 046 061 007 091 042
0018 221 008 246 037 054 009 079 037
0019 049 011 075 042 212 007 250 046
0020 046 011 071 043 220 010 247 042
0021 225 011 251 043 045 011 068 044
0022 220 011 249 042 044 013 067 042
0023 224 012 253 043 048 012 068 046
0024 224 010 253 041 044 013 069 042
0025 218 007 257 046 043 012 068 043
0026 216 007 258 045 044 012 069 042
0027 224 008 250 037 041 015 067 042
0028 044 015 069 046 222 007 251 043
0029 045 012 068 041 215 010 251 045
0030 215 013 240 049 043 012 067 049
0031 046 028 069 055 213 018 243 052
0032 048 032 070 076 208 026 242 068
0033 202 063 238 101 038 065 072 107
0034 040 107 080 143 198 130 230 162
0035 055 155 091 183 191 177 213 216
0036 181 207 199 239 072 180 096 211
0037 173 202 193 237 080 188 106 218
0038 089 194 112 229 168 200 188 236
0039 169 201 188 235 093 192 114 228
0040 167 202 189 238 093 197 112 229
0041 170 196 190 232 094 197 112 228
