0000 099 206 124 238 186 194 208 231
0001 102 200 128 236 184 195 207 232
0002 112 188 138 221 184 175 209 209
0003 113 139 150 168 184 131 217 163
0004 188 075 225 111 099 084 128 127
0005 076 042 112 083 203 047 237 086
0006 048 022 075 076 235 025 260 058
0007 262 028 297 063 011 027 047 074
0008 270 035 301 066 007 036 044 073
0009 262 032 301 072 003 036 044 074
0010 016 028 062 066 260 022 298 063
0011 086 018 113 072 222 010 248 047
0012 182 010 215 046 106 018 145 051
0013 050 010 089 055 229 016 253 050
0014 239 016 278 055 037 023 087 063
0015 119 030 158 067 183 019 218 056
0016 176 027 204 056 116 033 155 064
0017 068 015 104 057 214 018 241 055
0018 070 011 107 051 222 010 260 051
0019 126 029 168 067 182 021 209 059
0020 160 024 197 058 112 033 156 060
0021 070 014 105 061 202 022 228 060
0022 225 016 251 051 053 014 092 055
0023 195 019 218 053 102 016 138 055
0024 166 023 203 057 095 025 135 053
0025 209 027 234 056 053 009 088 055
0026 043 015 081 054 226 028 260 066
0027 086 013 110 058 221 029 243 064
0028 179 048 211 081
0029 154 083 193 117 125 086 160 108
0030 147 107 187 141 110 104 151 150
0031 156 135 196 167 113 132 155 167
0032 170 175 202 213 111 186 140 222
0033 182 192 204 229 097 185 130 228
0034 186 196 206 227 104 199 127 231
0035 105 200 126 232 184 193 206 232
0036 105 200 126 232 184 189 206 226
0037 185 198 204 230 101 200 126 236
