0000 177 195 202 236 079 197 099 230
0001 053 187 079 218 200 193 221 231
0002 027 172 064 204 227 185 254 226
0003 013 166 050 196 235 175 273 213
0004 239 167 281 205 012 162 051 194
0005 019 163 049 201 246 172 284 210
0006 020 165 052 200 250 177 287 215
0007 021 167 058 199 247 176 283 215
0008 019 165 060 202 244 177 281 216
0009 017 164 057 197 244 175 282 219
0010 017 166 056 199 245 178 283 220
0011 238 182 274 222 022 166 060 206
0012 028 171 066 209 226 175 255 219
0013 039 172 072 211 206 173 235 226
0014 181 170 209 219 056 172 089 211
0015 062 169 100 204 163 166 202 211
0016 074 152 112 186 144 145 186 181
0017 143 121 183 148 085 129 124 161
0018 139 079 184 133 088 096 126 135
0019 079 054 119 094 156 031 193 087
0020 168 011 213 067 069 018 106 065
0021 058 009 095 050 194 006 234 052
0022 046 006 079 042 207 010 242 053
0023 044 012 075 046 218 010 250 050
0024 220 010 262 052 033 012 067 050
0025 230 015 260 054 036 022 062 049
0026 227 014 258 052 037 023 064 055
0027 225 012 258 056 031 017 066 055
0028 228 013 260 047 038 017 065 052
0029 230 015 257 055 037 012 069 052
0030 225 020 260 069 040 021 066 069
0031 232 027 265 077 034 027 069 076
0032 240 041 282 094 024 043 060 089
0033 254 088 302 130 018 085 056 125
0034 249 127 304 170 016 125 051 156
0035 024 162 062 193 239 161 283 206
0036 209 176 250 230 053 181 089 219
0037 186 182 222 231 079 187 110 225
0038 169 181 209 228 095 184 121 221
0039 105 159 129 191 166 149 201 183
0040 167 080 211 138 090 103 127 141
0041 193 033 227 081 076 056 112 102
0042 211 009 251 058 055 026 091 068
0043 043 014 073 058 226 005 265 050
0044 238 015 274 056 038 022 063 051
0045 247 020 278 058 027 023 060 063
0046 248 020 279 062 025 026 059 064
0047 242 017 280 060 025 027 059 065
0048 243 018 279 061 026 027 059 065
0049 241 017 278 062 027 027 064 068
0050 245 021 282 059 029 028 055 065
0051 245 019 283 061 027 027 053 062
0052 250 021 278 060 028 028 055 065
0053 250 021 278 060 021 024 055 062
0054 246 017 282 059 021 029 054 062
0055 242 020 277 061 021 029 054 067
0056 030 040 056 076 235 023 270 065
0057 219 052 253 094 036 057 064 097
0058 202 097 238 144 050 098 078 134
0059 190 145 221 184 061 141 099 174
0060 182 190 204 231 076 174 107 209
0061 082 195 105 230 170 202 200 238
0062 170 203 196 239 086 198 108 232
0063 170 198 196 238 089 198 110 228
0064 091 195 112 228 171 202 196 237
0065 091 191 112 228 172 200 199 237
0066 091 193 111 228 171 197 199 238
