0000 254 042 298 080 007 062 026 091
0001 254 042 298 081 005 062 031 094
0002 258 043 296 077 005 061 031 094 240 154 295 205
0003 255 043 297 082 006 067 026 094 241 160 296 204
0004 255 041 298 078 007 062 031 092 239 154 296 202
0005 254 040 296 077 006 064 031 095
0006 254 040 297 076 008 066 030 096
0007 253 039 296 077 006 062 030 093
0008 252 041 298 080 009 066 031 093
0009 253 041 297 079 006 065 032 094
0010 253 042 299 079 010 067 030 094
0011 254 042 298 081 006 066 031 095 241 154 295 204
0012 254 039 296 076 006 065 030 094
0013 251 039 299 079 004 067 028 097
0014 251 039 299 080 009 072 032 100
0015 251 039 298 080 010 072 034 100
0016 247 041 298 080 007 071 039 102 250 157 299 206
0017 014 072 050 105 242 048 286 079
0018 222 051 266 080 028 070 075 104
0019 061 054 101 090 190 039 231 075
0020 088 033 123 074 168 023 204 063 249 155 299 206
0021 155 010 183 051 097 015 134 062
0022 103 012 139 054 148 007 175 045 249 157 301 205
0023 145 012 182 055 108 016 142 049
0024 147 025 185 055 116 028 141 054
0025 162 051 193 103
0026 243 158 299 202
0027 094 057 131 114 244 158 300 204
0028 244 155 302 198
0029 243 154 302 203
0030 237 153 297 203
0031 227 156 296 198 216 154 251 191
0032 240 158 297 204 216 154 251 191
0033 216 154 251 191
0034 216 154 250 191
0035 216 154 250 191
0036 239 158 300 206
0037 106 052 130 075 238 158 300 207 220 154 258 193
0038 092 056 129 087 242 158 301 204 168 058 198 085 220 154 258 192
0039 165 064 204 088 086 065 123 098 236 158 290 203
0040 179 074 216 095 079 079 118 123 239 153 297 203
0041 208 072 232 103 065 082 100 122 238 153 298 203
0042 222 054 256 102 239 153 298 203 040 075 075 121
0043 234 041 272 088 019 069 053 109 240 155 297 203
0044 247 034 283 082 012 067 044 100 241 159 299 206
0045 250 033 291 072 010 065 032 093 239 155 296 203
