0000 157 153 177 188 105 154 124 186
0001 176 125 195 160 090 131 110 163
0002 178 099 212 129 079 105 104 141
0003 195 063 230 099 057 065 094 101
0004 210 022 243 061 054 027 078 066
0005 207 016 239 058 048 010 082 054
0006 052 011 077 046 206 011 239 050
0007 043 014 079 054 209 017 246 061
0008 048 024 086 066 212 034 247 068
0009 064 027 104 071 187 035 229 080
0010 100 019 124 061 169 028 191 066
0011 144 016 180 051 117 011 142 046
0012 150 018 187 050 103 012 141 047
0013 151 020 189 049 105 011 132 043
0014 161 017 193 048 088 011 125 044
0015 076 012 101 046 182 015 203 041
0016 063 020 086 052 200 015 221 051
0017 211 027 236 063 047 028 071 066
0018 040 040 082 078 219 046 249 069
0019 177 044 220 088
0020 101 019 125 060 166 023 189 057
0021 151 020 179 045 113 012 136 048
0022 144 014 181 048 112 010 138 046
0023 146 018 183 050 111 008 136 039
0024 155 021 190 057 110 010 135 042
0025 165 024 194 058 105 015 129 047
0026 163 032 196 064 092 025 133 062
0027 090 064 121 108 158 064 198 104
0028 086 089 127 120 154 088 195 119
0029 152 109 189 145
0030 158 143 180 177 106 133 131 169
0031 109 150 129 181 156 154 176 186
