0000 194 077 226 113 106 164 131 201
0001 188 075 224 111 105 163 133 198
0002 188 075 224 111 106 164 133 197
0003 189 075 224 111 106 164 133 198
0004 106 167 131 200 194 075 226 113
0005 194 074 225 113 106 167 134 201
0006 187 074 227 116 106 165 133 199
0007 194 077 225 112 106 168 133 201
0008 187 072 227 113 106 168 131 201
0009 188 074 227 116 106 168 131 201
0010 188 075 229 116 106 165 132 199
0011 193 073 224 113 105 164 132 200
0012 187 071 227 105 106 169 130 201
0013 192 067 223 103 105 168 131 200
0014 186 058 227 095 104 169 130 200
0015 193 059 224 095 104 169 130 202
0016 193 057 225 089 104 168 130 202
0017 188 060 228 092 104 169 130 201
0018 183 055 224 089 103 169 130 202
0019 106 169 130 202 187 059 218 093
0020 106 170 130 201 179 060 220 092
0021 106 170 130 200 181 056 211 085
0022 106 166 131 200 172 053 215 084
0023 103 166 130 201 181 062 214 086
0024 104 169 130 201 180 063 219 089
0025 104 169 130 201 181 059 213 087
0026 105 168 131 201 181 059 213 088
0027 105 168 131 200 180 058 214 086
0028 107 168 131 201 179 064 214 085
0029 105 168 131 201 180 065 214 084
0030 105 168 132 200 183 065 215 085
0031 106 168 132 200 184 066 223 092
0032 106 168 132 200 185 066 224 092
0033 107 168 133 200 185 066 223 092
0034 107 168 133 201 186 065 214 087
0035 107 169 133 201 179 065 215 088
0036 105 162 132 201 176 062 218 088
0037 104 165 131 199 184 061 215 093
0038 179 066 217 087 104 165 131 198
0039 106 165 131 198 183 062 215 094
0040 106 165 131 198 181 067 218 090
0041 106 164 130 198 179 067 216 087
0042 106 164 131 198 174 063 216 091
0043 106 165 131 198 176 061 216 090
0044 106 169 129 198 177 066 218 092
0045 106 169 130 198 173 067 216 089
0046 106 169 130 198 174 067 216 088
0047 106 168 130 199 174 067 215 088
0048 105 163 131 202 175 067 214 087
0049 105 165 131 202 175 067 214 087
0050 106 165 131 202 175 067 214 087
0051 106 163 131 201 174 068 214 091
0052 106 163 132 200 174 068 214 092
0053 106 162 131 198 174 068 214 092
0054 104 163 131 199 172 062 215 092
0055 172 067 216 095 104 163 131 199
0056 105 164 132 200 171 074 228 107
0057 182 102 229 133 106 166 133 201
0058 193 122 233 158 107 164 131 200
0059 104 168 130 204 212 159 240 203
0060 206 194 235 239 099 167 129 214
0061 104 191 126 229 197 207 227 236
0062 098 196 124 235 194 207 217 238
0063 095 202 120 239 190 208 212 239
0064 094 199 121 237 190 209 209 239
0065 094 199 121 235 191 209 211 239
0066 094 198 121 235 189 214 209 239
0067 098 196 124 237 190 206 210 238
0068 099 188 123 231 191 205 210 235
