0000 014 208 054 235
0001 012 219 055 239
0002 018 216 054 239
0003 019 218 053 239
0004 015 215 054 237
0005 139 201 190 239 015 217 053 238
0006 155 139 204 185 017 219 054 238
0007 015 216 055 239 167 095 202 155
0008 162 068 197 126 017 217 055 239
0009 151 052 193 104 015 218 056 239
0010 145 046 187 103 014 216 057 239
0011 140 049 182 106 014 217 057 239
0012 140 048 179 111 014 216 057 239
0013 140 051 179 111 014 216 057 239
0014 140 050 179 111 014 216 057 239
0015 138 046 178 112 013 217 057 239
0016 139 048 177 112 013 217 057 239
0017 139 050 177 113 012 217 057 239
0018 139 049 174 111 012 217 057 239
0019 138 051 174 111 012 217 057 239
0020 137 046 175 110 012 217 057 239
0021 137 050 175 113 011 217 059 239
0022 134 054 176 113 014 217 057 239
0023 137 051 174 114 014 217 057 239
0024 136 051 172 111 015 217 057 239
0025 140 051 177 114 014 218 057 239
0026 143 054 184 123 015 218 056 239
0027 142 083 179 138 014 218 055 239
0028 138 119 188 168 013 218 055 239
0029 126 168 188 214 013 217 055 239
0030 123 203 180 239 014 217 056 239
0031 013 217 057 239
0032 012 217 056 239
0033 011 217 057 239
0034 018 218 054 239
