0000 177 202 203 237 080 201 099 234
0001 177 202 204 237 081 201 100 235
0002 180 201 204 236 081 201 099 232
0003 177 198 207 234 080 201 099 236
0004 179 202 202 235 080 197 103 230
0005 080 201 099 235 183 200 207 232
0006 080 201 099 236 193 195 217 231
0007 081 202 100 234 206 185 235 216
0008 080 202 098 234 208 151 247 185
0009 080 203 099 236 211 109 239 146
0010 207 085 234 123 080 203 097 231
0011 188 072 226 103 079 202 097 233
0012 178 065 218 099 080 202 098 234
0013 173 059 212 092 080 202 098 233
0014 080 202 098 233 174 060 205 089
0015 166 058 204 090 080 204 097 233
0016 162 059 202 089 080 202 098 236
0017 167 060 196 088 080 202 097 232
0018 079 198 100 235 167 059 196 089
0019 167 059 196 089 079 203 098 235
0020 081 202 099 234 167 059 195 089
0021 081 202 099 234 167 059 195 089
0022 081 202 099 234 162 056 197 087
0023 079 201 099 235 165 058 195 089
0024 164 061 194 088 080 203 098 233
0025 166 061 196 091 080 203 098 233
0026 173 066 203 098 081 203 100 236
0027 183 086 221 122 080 205 098 232
0028 079 205 098 233 191 122 228 158
0029 194 170 221 206 080 205 098 234
0030 194 183 219 222 079 203 098 233
0031 080 205 101 239 189 197 213 237
0032 080 204 102 239 188 204 209 235
0033 082 204 102 237 177 208 200 239
0034 080 202 104 239 177 208 199 239
0035 084 205 103 237 177 207 203 239
0036 084 205 103 237 178 205 203 238
0037 085 204 105 238 174 209 201 239
0038 085 205 105 238 171 210 198 239
0039 085 205 104 238 176 209 201 239
