0000 114 176 132 212 183 180 200 210
0001 110 176 133 210 183 174 202 208
0002 112 179 130 212 182 174 203 209
0003 112 179 130 216 185 172 205 208
0004 111 179 130 216 193 163 214 198
0005 112 178 129 211 201 145 226 174
0006 113 181 131 216
0007 112 177 130 211 202 082 225 117
0008 113 179 132 215 191 065 213 101
0009 113 178 132 216 182 064 208 097
0010 113 179 132 215 172 063 197 093
0011 112 179 131 215 171 064 197 093
0012 112 179 131 215 171 065 196 094
0013 112 177 129 211 170 065 196 094
0014 112 178 129 211 170 065 196 093
0015 112 178 131 213 170 063 195 090
0016 112 177 131 213 170 064 195 091
0017 112 177 131 213 169 064 196 092
0018 111 177 131 210 172 065 197 091
0019 112 177 131 213 179 061 204 093 183 068 223 131
0020 112 179 130 214 187 067 214 105
0021 112 179 130 214 203 083 229 113
0022 112 180 130 215 209 119 236 151
0023 112 178 130 211 203 146 229 178
0024 113 179 130 212 204 163 230 194
0025 113 179 132 216 194 166 219 199
0026 112 179 132 215 190 178 209 209
0027 113 179 132 216 182 179 200 214
0028 113 179 132 216 182 179 200 213
0029 113 179 132 216 183 180 203 210
0030 184 175 203 212 112 179 131 216
0031 184 174 206 211 112 179 131 216
0032 113 179 132 216 185 176 203 212
0033 113 179 132 216 184 176 204 212
0034 113 179 132 216 182 176 201 210
0035 113 179 132 216 181 177 201 210
0036 113 179 132 216 181 177 201 210
