0007 121 166 168 217
0008 099 117 155 169
0009 079 079 135 131
0010 071 064 125 119
0011 061 051 115 101
0012 051 043 105 095
0013 042 042 103 093
0014 043 041 098 093
0015 041 042 098 095
0016 042 044 097 096
0017 040 042 097 096
0018 040 042 097 095
0019 040 042 097 094
0020 041 042 099 094
0021 040 042 099 093
0022 040 042 100 093
0023 041 043 099 094
0024 043 048 102 099
0025 040 045 100 098
0026 046 047 102 099
0027 056 062 109 113
0028 069 093 121 142
0029 099 156 151 204
0030 109 194 161 239
