0000 092 203 133 238 081 179 126 207
0001 088 203 128 238
0003 023 217 082 239
0004 092 182 134 224 027 221 083 239
0005 088 148 131 181 029 216 080 239
0006 094 114 146 157 024 220 075 239
0007 100 070 128 113
0008 085 048 132 091
0009 092 044 133 093 029 220 075 239
0010 091 040 132 090 027 216 078 239
0011 088 041 134 088
0012 091 046 126 086
0013 091 046 132 091
0014 092 053 128 101 022 217 081 239
0015 093 096 131 137 022 217 083 239
0016 085 162 127 203 023 217 082 239
0017 089 204 133 236 028 222 076 239
0018 089 199 135 235 029 222 076 239
0021 022 216 082 239
0022 025 216 083 239
