0004 048 210 131 239
0005 068 185 145 234 000 183 019 208
0006 077 164 152 210 000 166 025 200
0007 090 141 164 184
0008 097 129 163 172
0009 099 122 163 159
0010 096 120 162 157
0011 066 190 122 238 098 121 164 157
0012 098 123 164 160 071 170 120 219
0013 097 122 164 162 078 166 117 206 048 136 086 164
0014 040 119 084 158 105 123 167 160 075 171 104 203
0015 037 118 083 162 108 121 164 159 073 176 100 208
0016 101 127 164 164 064 178 098 210
0017 104 128 166 163 066 181 093 214
0018 103 126 161 162 067 181 093 215
0019 103 127 162 165 064 179 098 212
0020 104 127 162 164 064 178 098 212
0021 104 128 166 163 067 179 095 214
0022 105 127 165 163 071 177 101 209
0023 105 127 165 163 078 170 106 209
0024 106 126 161 161 074 170 111 208
0025 107 126 161 162 064 105 105 148 081 165 110 203
0026 069 110 110 152 107 126 160 162 087 162 122 201
0027 094 161 123 201 103 125 161 161 076 102 116 149
0028 098 119 161 162 100 160 131 198
0029 096 105 140 169 117 122 167 156
0030 101 104 156 165
0031 103 123 163 162
0032 102 122 167 164
0033 104 104 162 164
0034 103 117 164 165
0035 102 115 161 168
0036 105 105 163 163
0037 105 102 160 164
0038 109 098 154 169
0039 100 106 162 166 110 097 145 138
0040 100 109 158 162
0041 103 122 160 165
0042 095 133 146 195
0043 091 138 159 179 091 165 140 219
0044 082 157 155 198 078 211 131 239
0045 081 173 151 221
0046 078 208 141 239
