0000 097 171 147 233 170 213 231 239
0001 100 155 178 209 167 212 230 239
0002 116 131 199 189 162 207 227 239
0003 136 183 213 232 138 112 221 171
0004 155 105 221 160 128 158 193 198
0005 156 109 226 161 102 108 145 139
0006 158 105 225 159 091 093 139 142
0007 154 107 221 161 086 096 142 143
0008 152 109 217 161 088 094 142 142
0009 144 109 217 158 111 087 157 139
0010 131 090 215 164 140 071 190 129
0011 138 104 203 159 164 072 214 123
0012 138 106 203 162 184 070 230 146
0013 138 106 203 159 183 070 230 148
0014 139 107 207 163 180 072 226 155
0015 128 116 207 169 183 100 231 161
0016 117 126 187 187 180 114 230 180
0017 166 169 237 223 097 168 175 225
0018 090 183 150 238 171 203 226 239
0019 085 200 142 239 171 212 240 239
0020 086 201 143 239 175 212 239 239
0021 086 203 142 239 172 213 240 239
