0000 068 180 139 224 140 178 187 222 195 213 231 239
0001 136 178 191 222 067 181 138 225 193 215 229 239
0002 067 180 141 225 136 178 191 222 197 213 232 239
0003 067 180 141 224 136 178 191 222 193 215 229 239
0004 067 180 141 224 136 175 191 223 197 215 225 237
0005 067 180 140 224 136 176 190 223 195 213 231 239
0006 067 180 140 224 135 175 190 224 195 214 232 239
0007 137 176 189 222 067 180 140 222 196 215 227 238
0008 069 180 141 227 133 174 184 218 199 212 228 236
0009 067 181 140 224 133 177 190 220 202 211 230 237
0010 132 177 183 226 068 181 139 223 204 186 245 239
0011 069 181 137 227 136 177 189 223 199 143 228 203
0012 069 178 146 223 139 178 194 223 171 117 210 179
0013 075 176 152 222 142 177 208 221 138 103 185 168
0014 076 174 155 220 129 102 176 164 145 174 211 220
0015 076 175 155 220 150 176 209 221 117 102 167 166
0016 077 174 157 221 157 171 207 220 110 109 160 164
0017 078 172 156 225 112 111 165 168 152 173 214 222
0018 113 111 164 169 075 174 158 222 151 172 213 222
0019 110 112 164 170 075 173 158 222 154 173 208 221
0020 113 115 164 171 076 176 159 222 154 168 211 218
0021 112 112 163 170 155 169 210 218 077 175 159 223
0022 113 113 165 171 152 172 212 221 075 173 160 219
0023 114 112 164 170 075 173 160 219 154 172 212 218
0024 114 112 165 170 154 172 211 218 075 173 159 219
0025 114 112 166 169 152 173 213 220 075 173 159 219
0026 113 113 166 169 154 169 210 217 075 173 159 218
0027 113 113 166 170 074 173 160 222 151 170 208 221
0028 116 113 163 171 151 170 208 220 073 172 160 218
0029 152 171 208 219 121 111 173 168 076 172 157 221
0030 152 168 207 219 072 172 159 219 134 108 179 170
0031 150 171 209 219 074 174 157 223 157 107 201 163
0032 076 174 159 220 150 173 205 219 186 107 223 167
0033 075 174 158 220 149 173 205 220 193 105 232 168
0034 077 175 158 222 150 173 204 220 199 104 234 168
0035 074 175 155 220 150 173 203 219 207 108 237 173
0036 074 175 152 220 152 174 203 219 212 110 239 174
0037 078 173 151 220 151 174 202 219 216 114 240 169
0038 077 173 151 220 151 174 202 218
0039 149 173 206 217 076 177 150 222
0040 073 174 152 219 148 171 202 215
0041 145 171 197 214 068 173 150 219
0042 070 173 150 220 143 171 200 213
0043 072 176 141 219 138 171 193 215
0044 134 171 191 211 069 178 145 219 193 217 225 238
0045 068 175 141 222 133 171 188 214
0046 069 178 140 223 133 172 183 214
0047 128 171 175 220 068 179 136 221
0048 066 180 132 222 127 172 173 219
0049 068 179 130 223 125 172 175 218
