0000 129 223 202 239
0001 129 223 201 239
0002 128 223 202 239
0003 129 223 201 239
0004 129 223 201 239
0005 129 223 201 239
0006 129 223 201 239
0007 022 222 065 239 129 223 201 239
0008 015 218 065 239 129 223 201 239
0009 018 215 065 237 129 222 200 239
0010 025 208 070 238 131 221 197 239
0011 027 203 077 236 129 222 200 239
0012 026 201 074 237 131 223 201 239
0013 028 201 077 236 131 223 200 239
0014 029 202 078 237 129 223 199 239
0015 029 201 079 236 117 216 179 239
0016 034 199 080 239 100 207 178 239
0017 094 171 164 222 039 176 084 231
0018 086 149 159 201 052 167 095 218
0019 084 132 135 197
0020 093 117 145 188
0021 114 128 159 180 076 110 136 157
0022 076 103 122 149 120 124 166 181
0023 075 109 125 160 121 130 168 174
0024 118 125 174 174 069 103 119 154
0025 073 099 125 142 114 123 167 175
0026 116 110 164 163 082 091 129 144
0027 082 092 151 148 114 113 162 169
0028 110 078 165 144 095 130 146 179
0029 087 135 131 183 129 082 192 158
0030 142 094 200 169 069 138 123 188
0031 058 150 110 199 145 118 207 190
0032 149 140 210 221 048 168 099 215
0033 144 169 214 237 025 170 073 223
0034 142 186 206 238 016 174 060 225
0035 140 196 200 239 017 178 055 227
0036 137 211 202 239 016 185 053 236
0037 010 192 045 239 139 212 206 239
0038 006 202 049 236
0039 151 214 197 239
0040 017 215 061 236 150 216 195 237
0041 148 216 188 237 023 220 060 237
0042 147 216 194 239
0043 143 220 195 239
0044 142 216 190 239
0045 145 217 194 239
0046 141 218 198 239
0047 143 216 191 239
0048 144 215 193 234
0049 144 215 193 234
0050 141 221 191 239
