0003 163 153 203 201
0004 156 074 194 144
0005 156 053 183 100
0006 145 060 179 100
0007 148 067 181 106
0008 149 064 182 105
0009 149 062 177 105
0010 149 061 180 107
0011 151 062 186 109
0012 164 096 204 165
0013 170 149 204 189
0014 172 179 210 214
0015 175 174 205 211
0016 172 146 208 192
0017 169 112 204 174
0018 161 058 195 116
0019 157 056 182 097
0020 157 061 180 101
0021 155 061 180 100
0022 150 061 181 105
0023 151 060 181 104
0024 156 060 180 102
0025 154 065 183 108
0026 156 070 186 116
0027 144 109 185 166
0028 159 201 197 239
