0000 082 213 101 239 144 218 164 239
0001 080 214 099 239 140 215 167 238
0002 142 218 165 239 079 213 098 235
0003 080 213 097 235 142 218 165 239
0004 142 217 165 239 079 218 099 239
0005 140 217 164 239 081 216 101 239
0006 138 215 163 239 082 215 099 239
0007 139 208 161 235 084 214 101 236
0008 140 206 162 237 086 211 104 237
0009 145 186 167 215 082 214 101 239
0010 149 152 175 187 082 213 100 239
0011 082 213 101 239 155 124 178 169
0012 159 082 181 120 081 214 099 239
0013 157 059 177 088 081 214 100 239
0014 153 050 176 083 086 212 103 236
0015 086 213 103 235 154 053 172 081
0016 086 214 103 235 146 063 167 088
0017 085 214 104 239 148 066 171 094
0018 084 213 101 235 148 070 170 101
0019 084 213 101 235 148 073 170 102
0020 081 214 101 239 148 074 171 097
0021 081 214 101 239 150 072 170 100
0022 081 214 101 239 147 075 168 100
0023 145 074 167 100 081 216 100 239
0024 082 215 101 239 147 074 169 102
0025 154 068 175 103 085 211 102 235
0026 156 085 179 116 085 214 102 235
0027 159 114 183 145 083 215 102 239
0028 085 214 102 235 155 185 190 228
0029 153 216 178 237 082 215 101 239
0030 082 214 100 239 150 218 171 239
0031 080 214 098 236 142 215 165 239
0032 080 214 098 235 138 220 161 239
0033 080 214 098 236 138 216 163 239
0034 081 214 100 239 136 216 163 239
0035 083 214 100 235 141 219 164 239
0036 081 214 100 239 137 218 159 239
0037 082 214 101 239
0038 083 214 100 239
0039 086 210 104 235
0040 084 214 104 239
