0007 122 210 161 238
0008 129 172 171 217
0009 134 128 174 180
0010 144 081 179 145
0011 146 059 184 130
0012 146 052 183 120
0013 146 052 184 121
0014 145 058 182 121
0015 145 056 186 118
0016 145 059 182 123
0017 145 060 182 122
0018 146 058 187 116
0019 146 060 187 125
0020 144 058 182 126
0021 145 059 186 124
0022 145 055 185 121
0023 147 060 186 122
0024 148 063 181 120
0025 147 062 183 120
0026 147 062 183 120
0027 146 060 182 120
0028 147 060 182 119
0029 147 062 181 119
0030 146 065 181 118
0031 146 064 182 118
0032 145 061 181 116
0033 145 061 182 117
0034 145 060 181 117
0035 146 056 183 116
0036 147 060 181 117
0037 145 060 181 117
0038 145 061 181 118
0039 145 057 182 117
0040 144 057 182 117
0041 144 057 182 117
0042 146 057 183 118
0043 145 057 183 118
0044 146 057 183 118
0045 147 058 185 114
0046 146 061 185 121
0047 149 057 183 121
0048 149 064 185 123
0049 146 064 189 125
0050 151 065 188 131
0051 156 067 186 123
0052 155 063 187 127
0053 156 063 186 127
0054 152 069 187 134
0055 151 068 188 136
0056 151 072 189 141
0057 152 074 192 145
0058 157 077 192 144
0059 156 083 195 148
0060 157 082 197 148
0061 157 085 196 152
0062 158 085 197 151
0063 156 084 197 148
0064 158 084 197 152
0065 159 085 197 147
0066 159 082 195 151
0067 159 085 195 152
0068 159 084 195 153
0069 159 083 195 152
0070 159 083 194 151
0071 159 086 194 149
0072 160 090 197 151
0073 161 087 199 145
0074 160 089 194 147
0075 160 088 197 151
0076 160 087 200 149
0077 160 089 198 153
0078 159 089 195 148
0079 158 088 195 152
0080 159 086 194 149
0081 159 086 194 149
0082 158 085 196 152
0083 156 087 198 149
0084 159 084 195 147
0085 159 085 192 149
0086 159 084 192 148
0087 157 083 197 148
0088 158 085 196 154
0089 158 086 196 154
0090 157 087 196 153
0091 159 086 196 152
0092 159 084 197 151
0093 158 090 194 149
0094 157 085 195 149
0095 156 087 194 146
0096 159 090 194 148
0097 159 090 195 150
0098 156 089 197 146
0099 158 085 194 147
0100 157 085 191 144
0101 158 087 194 147
0102 156 083 193 146
0103 155 086 192 146
0104 155 083 191 145
0105 155 083 191 146
0106 155 084 191 147
0107 157 084 193 144
0108 159 087 192 142
0109 159 087 191 142
0110 159 087 192 144
0111 157 086 192 144
0112 157 086 192 144
0113 158 086 192 143
0114 157 085 192 143
0115 157 086 192 143
0116 157 084 193 145
0117 155 089 192 149
0118 148 098 190 152
0119 147 118 191 170
0120 137 154 180 212
0121 136 199 168 239
