0002 147 217 178 239
0003 145 216 184 236
0005 149 189 214 235
0006 154 153 213 214
0007 146 127 216 192
0008 152 100 212 184
0009 147 095 212 171
0010 142 083 212 150
0011 142 074 205 144 141 157 195 211
0012 140 069 199 140
0013 135 067 195 134
0014 136 067 193 133
0015 137 074 190 134
0016 137 076 190 139
0017 138 077 188 140
0018 139 079 187 139
0019 144 078 186 145
0020 138 075 188 139
0021 143 074 193 139
0022 142 074 194 140
0023 142 074 193 139
0024 138 078 187 139
0025 137 080 189 144
0026 137 101 187 167
0027 135 147 191 206
0029 143 220 170 239
0030 143 217 182 235
0031 140 218 176 239
0032 142 216 181 239
0033 143 216 181 235
0034 142 217 180 235
0035 142 216 180 235
0036 143 217 180 235
0037 061 211 103 239 144 217 175 239
0038 058 207 110 238 144 216 181 235
