0000 152 065 190 133
0001 144 066 190 138
0002 135 066 184 138
0003 126 064 168 142 194 130 241 163
0004 125 061 163 133 185 130 231 164
0005 106 093 147 143 165 137 209 167
0006 201 128 243 156 132 152 166 178
0007 192 127 237 157 105 152 133 186
0008 183 133 221 159 082 164 107 199
0009 056 169 080 209 169 139 195 170 202 147 270 187
0010 209 151 264 188 157 150 190 194 049 172 073 212
0011 150 164 174 205 210 157 283 197
0012 142 169 166 208 215 154 273 194
0013 137 171 161 208 213 149 273 197
0014 134 165 161 204 208 151 273 187
0015 131 169 155 203
0016 133 165 158 201
0017 143 145 167 180 213 153 280 192
0018 155 114 186 151
0019 169 094 202 126
0020 182 058 224 108 208 150 275 192
0021 200 039 247 094 206 152 274 190
0022 210 041 260 094 133 063 178 109
0023 217 060 273 107 206 146 276 188 132 067 180 117
0024 219 078 274 127 207 151 276 195
0025 219 092 279 142 139 075 178 128
0026 226 095 282 141 145 080 180 127
0027 227 093 281 137 212 156 282 197 148 079 181 121
0028 226 089 281 136
0029 223 091 286 134 206 150 276 188 151 077 184 122
0030 224 090 282 135
0031 226 085 285 135 210 153 279 194
0032 226 088 287 136
0033 224 086 287 135
0034 221 091 284 138 209 159 278 198
0035 220 098 275 142
0036 214 116 263 160
0037 208 137 256 183
0038 157 093 197 150
0040 154 175 187 221
0041 140 181 164 220
0042 209 151 264 183
0044 209 151 273 192
0045 205 147 273 188 210 207 233 239
