0000 033 211 062 239 125 203 153 239
0001 032 212 060 239 131 201 152 237
0002 030 208 064 239 131 199 154 234
0003 026 213 064 239 134 199 155 236
0004 033 214 061 239 125 206 148 235
0005 035 214 061 239 126 206 148 235
0006 032 211 058 239 136 199 157 236
0007 034 212 063 239 131 200 154 239
0008 036 209 061 237 138 193 162 235
0009 030 210 059 239 146 175 176 225
0010 030 212 059 239 163 158 198 209
0011 030 210 059 239 181 148 218 184
0012 189 132 229 166 032 211 060 239
0013 201 111 249 147 029 208 063 239
0014 214 100 265 138 031 210 060 239
0015 211 099 266 136 035 211 062 239
0016 213 101 268 138 034 212 057 239
0017 215 103 267 139 034 211 056 236
0018 216 100 268 138 031 209 054 238
0019 216 101 269 138 031 213 059 239
0020 216 100 269 136 025 208 063 239
0021 215 102 268 139 032 210 061 239
0022 217 100 268 137 033 213 061 239
0023 215 103 265 139 032 212 058 239
0024 214 106 265 140 025 215 058 239
0025 214 109 266 146 025 215 059 239
0026 214 114 263 146 033 212 060 239
0027 030 207 064 239 208 125 256 160
0028 037 211 065 239 206 152 244 185
0029 033 213 068 239 176 180 200 225
0030 040 215 066 239 153 195 175 237
0031 041 211 066 239 137 203 163 239
0032 139 200 163 236 040 214 075 239
0033 044 211 077 239 152 197 173 232
0034 052 205 083 239 158 194 180 235
0035 058 206 090 239 163 197 182 233
0036 161 196 184 235 056 203 086 239
