0000 196 202 238 238 090 209 128 238
0001 197 202 239 238 090 209 128 238
0002 195 197 239 238 095 205 128 239
0003 093 182 131 239 204 181 242 235
0004 212 159 245 223 099 159 140 224
0005 207 131 243 196 120 132 166 193
0006 136 121 181 179 197 114 236 183
0007 190 107 229 175 148 109 188 173
0008 150 108 186 177 183 107 224 178
0009 152 107 183 183 184 105 219 183
0010 185 110 222 181 149 110 187 179
0011 185 111 222 184 147 108 189 176
0012 151 109 190 178 183 110 226 185
0013 150 108 189 181 186 113 222 190
0014 151 108 189 177 187 113 224 186
0015 150 107 189 178 187 111 222 188
0016 148 105 184 186 188 110 222 187
0017 150 109 190 179 186 114 222 186
0018 150 110 190 179 187 114 222 186
0019 151 110 190 177 182 115 221 187
0020 150 108 190 181 182 112 222 185
0021 149 110 189 184 183 116 217 191
0022 145 113 186 176 182 118 216 193
0023 189 129 230 201 134 126 183 183
0024 195 145 235 210 122 140 171 195
0025 208 163 249 225 106 167 151 227
0026 208 180 248 239 096 194 129 236
