0007 109 224 142 239
0008 114 168 149 226
0009 111 114 150 185
0010 112 075 143 148
0011 099 060 131 136
0012 091 054 125 124
0013 086 046 119 123
0014 083 051 119 121
0015 078 049 118 118
0016 077 050 118 120
0017 078 052 119 121
0018 081 051 119 118
0019 082 059 119 123
0020 081 057 120 123
0021 084 062 124 130
0022 084 072 124 132
0023 081 080 120 136
0024 080 088 123 143
0025 080 098 125 148
0026 078 100 124 144
0027 078 100 124 144
0028 079 100 125 147
0029 080 100 125 147
0030 078 100 124 147
0031 079 100 124 147
0032 080 104 126 155
0033 081 124 127 181
0034 087 153 133 208
0035 089 203 135 239
