0000 109 194 142 236 151 187 197 216
0001 109 194 142 236 149 189 193 219
0002 109 194 142 236 151 189 194 217
0003 109 195 143 236 151 189 195 217
0004 109 195 143 236 150 191 193 221
0005 108 196 142 237 151 189 194 217
0006 108 196 142 237 150 189 192 219
0007 109 195 143 236 155 179 201 214
0008 165 150 202 192 109 195 143 236
0009 109 195 143 236 169 097 201 155
0010 104 200 144 239 166 071 198 137
0011 109 194 143 236 166 070 193 125
0012 108 195 143 238 161 067 197 114
0013 104 196 147 239 157 061 185 120
0014 108 194 143 238 151 064 188 122
0015 108 195 143 238 147 072 184 121
0016 108 195 143 238 146 071 184 121
0017 108 196 142 238 144 076 188 123
0018 108 196 142 238 144 075 188 126
0019 108 195 142 238 147 080 184 134
0020 108 195 142 238 144 082 186 138
0021 108 196 142 238 146 084 186 139
0022 110 195 143 236 147 086 185 138
0023 110 195 143 236 143 084 186 141
0024 110 195 143 236 141 084 184 138
0025 110 195 143 236 142 084 183 135
0026 110 195 143 236 143 085 186 140
0027 110 195 143 236 147 088 185 137
0028 110 195 143 236 148 089 186 138
0029 110 195 143 236 150 089 185 145
0030 110 195 143 236 152 099 187 152 135 077 170 120
0031 110 195 143 236 155 122 195 172
0032 110 196 143 236 154 146 188 188
0033 110 195 142 236 155 176 200 211
0034 110 195 143 236 149 189 194 215
0035 109 195 143 236 148 188 201 218
0036 109 194 143 236 151 187 193 216
0037 109 194 143 236 152 185 197 216
0038 109 194 143 236 150 177 204 218
