0000 054 192 098 234
0007 053 198 097 239
0008 055 196 092 235
0009 050 196 096 234
0010 151 120 195 169 049 195 093 232
0011 151 080 197 139 050 195 093 231
0012 157 059 193 126
0013 152 048 190 115
0014 151 047 188 108
0015 147 046 183 107
0016 148 046 180 107
0017 148 050 179 109
0018 148 048 180 111
0019 148 049 179 110
0020 146 050 181 112
0021 148 061 180 117
0022 143 062 180 118
0023 136 064 177 122
0024 142 069 179 128
0025 141 074 177 134
0026 143 076 175 131
0027 139 074 176 134
0028 135 070 174 136 051 195 095 233
0029 136 069 175 134
0030 138 076 171 135
0031 137 071 174 134
0032 137 070 177 134
0033 138 072 173 129
0034 138 067 169 123
0035 137 091 181 136
0036 132 105 179 148
0037 139 150 186 197
0038 142 189 188 237
0039 140 217 205 239
