0000 049 216 086 239
0002 046 222 082 239
0003 048 223 085 239
0004 044 222 083 239
0005 044 222 082 239
0006 045 221 083 239
0007 046 221 085 239
0008 042 222 082 239
0009 043 221 082 239
0010 043 222 082 239
0011 043 221 082 239
0012 046 222 085 239
0013 041 221 081 239
0014 043 223 082 239
0015 038 222 085 239
0018 042 221 082 239
0019 049 216 087 239
0020 043 221 082 239
0021 046 222 085 239
0022 046 222 085 239
0023 041 222 082 239
0024 053 217 088 239 137 224 168 239
0025 045 222 083 239
0026 047 222 083 239
0027 041 223 084 239
0028 147 202 200 239 051 217 087 238
0029 151 180 194 239 051 222 082 239
0030 164 155 204 235 042 220 088 239
0031 160 150 206 227 051 218 082 239 174 185 221 239
0032 175 157 221 229 045 220 083 239
0033 162 128 233 224 057 223 083 239
0034 166 114 228 214 044 222 082 239
0035 169 103 237 208 043 223 082 239
0036 173 103 239 196 044 222 083 239
0037 171 092 229 196 044 223 082 239
0038 171 088 235 197
0039 165 087 231 184 048 223 083 239
0040 166 080 235 185 043 222 082 239
0041 165 072 230 176 041 221 083 239
0042 168 075 232 170 043 222 083 239
0043 167 073 232 170 043 215 087 239
0044 168 070 234 168 044 215 087 239
0045 171 073 240 167
0046 171 068 242 171 043 223 082 239
0047 170 066 242 172 045 222 083 239
0048 175 064 244 171 050 217 090 239
0049 175 064 246 168 048 223 087 239
0050 173 059 248 164 047 221 078 239
0051 176 058 246 168 045 220 077 239
0052 180 061 247 161 049 216 086 239
0053 179 059 251 162 052 220 082 239
0054 178 061 249 161 044 217 084 239
0055 176 061 247 162 044 221 083 239
0056 177 061 245 164 042 222 083 239
0057 177 054 241 170 045 223 083 239
0058 178 060 246 166 045 217 084 239
0059 174 062 239 160 043 216 084 239
0060 175 057 247 164 052 223 081 239
0061 177 059 247 162 047 216 084 239
0062 180 056 245 164 043 221 082 239
0063 176 062 244 167 048 222 086 239
0064 178 057 250 164 049 221 086 239
0065 178 062 248 166 049 222 086 239
0066 179 055 251 174 045 222 086 239
0067 179 063 251 160 046 222 083 239
0068 181 062 256 161 048 222 087 239
0069 183 064 253 166 047 221 079 239
0070 184 059 255 164 041 221 087 239
0071 183 057 263 163 049 222 083 239
0072 183 055 262 164 043 223 083 239
0073 182 053 262 165 047 222 087 239
0074 181 053 254 169 045 222 084 239
0075 184 055 260 169 049 224 087 239
0076 187 055 260 167
0077 185 054 253 162 044 222 083 239
0078 183 051 258 164 041 221 082 239
0079 183 061 252 170 043 222 083 239
0080 179 085 233 192 041 220 087 239
0081 174 176 218 239 046 222 087 239
0082 047 222 083 239
0083 044 221 082 239
0084 050 216 088 239
0085 048 221 082 239
0086 052 221 081 239
0087 046 221 079 239
0088 046 222 083 239
0089 046 216 083 239
0090 049 223 086 239
