0000 228 199 274 239 129 218 171 239
0001 129 216 172 239 228 202 275 239
0002 230 203 268 237 126 218 176 239
0003 130 221 172 239 229 201 272 239
0004 229 203 269 239 129 221 171 239
0005 229 202 269 239 131 222 174 239
0006 229 202 274 239 130 216 173 239
0007 230 200 278 239 129 216 173 239
0008 233 202 283 239 129 216 170 239
0009 130 220 170 239 240 179 285 223
0010 130 220 170 239 245 135 284 191
0011 127 216 171 239 242 110 279 168
0012 236 084 275 145 129 218 169 239
0013 228 063 267 134 126 217 173 239
0014 229 058 262 123 130 219 170 239
0015 214 054 258 121 130 219 170 239
0016 211 051 257 117 127 216 173 239
0017 214 038 259 116 128 217 173 239
0018 210 042 260 108 129 218 177 239
0019 211 037 260 107 128 219 177 239
0020 212 044 262 108 129 219 177 239
0021 215 043 264 104 128 217 174 239
0022 216 040 266 106 128 217 174 239
0023 217 035 264 109 129 214 175 239
0024 216 040 265 102 126 215 175 239
0025 215 041 269 104 126 214 175 239
0026 215 041 269 103 126 215 176 239
0027 215 039 265 109 125 217 174 239
0028 215 040 266 104 127 218 174 239
0029 215 039 266 104 128 215 175 239
0030 215 040 266 110 127 215 175 239
0031 215 039 265 110 127 216 175 239
0032 216 039 265 110 128 215 173 239
0033 216 032 264 110 128 216 173 239
0034 217 034 264 108 128 219 178 239
0035 216 039 265 110 129 220 171 239
0036 219 034 269 109 129 219 169 239
0037 224 043 270 102 126 216 171 239
0038 219 045 266 112 126 216 171 239
0039 226 057 275 120 126 217 171 239
0040 240 081 277 144 130 220 175 239
0041 243 131 280 183 127 216 171 239
0042 130 220 170 239 241 165 273 212
0043 231 199 262 239 130 220 170 239
0044 219 207 253 238 127 215 173 239
0045 216 207 255 239 124 220 171 239
0046 130 220 170 239 218 210 255 239
0047 218 206 257 237 126 217 171 239
