0000 123 205 194 239 179 156 215 195
0001 102 173 167 224 169 156 214 205 046 210 085 237
0002 095 121 169 172 155 148 209 195
0003 112 087 156 139 145 132 204 187
0004 107 060 156 115
0005 111 044 156 098 153 106 196 169
0006 111 040 156 092 148 094 195 165
0007 150 089 194 162 115 032 152 086
0008 112 025 157 075 152 083 192 152
0009 112 016 159 064 152 081 192 147
0010 116 011 165 058 148 072 190 151
0011 118 003 166 061 151 075 189 154
0012 125 003 177 055
0013 126 003 180 067 154 074 189 155
0014 129 002 186 066 156 070 195 163
0015 139 006 195 065 156 072 193 158
0016 146 013 199 075 152 071 189 160
0017 152 025 201 084 159 089 196 160
0018 154 032 204 097
0019 156 045 206 103
0020 158 055 210 114
0021 157 061 205 121
0022 164 061 216 114 154 074 197 169
0023 165 065 214 122
0024 158 072 218 130
0025 160 074 219 129
0026 166 079 214 142
0027 158 097 210 162
0028 153 121 201 194
0029 153 161 195 221
0030 141 190 188 239
0031 140 208 196 239
0032 162 218 200 238
0034 168 212 195 239
0035 036 212 088 239
0036 006 202 050 239
0037 000 207 032 239
0038 002 208 028 237
0039 002 215 026 239
