0000 111 155 144 186 188 209 214 239
0001 119 155 143 186 187 208 214 239
0002 117 157 140 183 187 212 215 239
0003 113 155 139 188 188 208 212 236
0004 117 157 140 184 186 213 210 239
0005 118 156 141 185 188 210 214 239
0006 115 152 146 187 181 215 210 239
0007 114 155 139 187 182 208 218 239
0008 115 157 138 190 187 206 214 239
0009 177 212 212 239 114 155 147 187
0010 157 194 192 239 120 143 157 174
0011 121 178 158 219 143 123 182 154 137 153 194 190
0012 140 104 191 133
0013 107 107 156 146 146 096 210 145
0014 146 093 208 144 119 104 152 144
0015 143 089 214 136
0016 148 086 217 133 123 093 154 138
0017 153 103 216 152
0018 144 110 211 157
0019 149 103 210 150
0020 148 094 212 139
0021 173 087 204 115 147 095 202 148
0024 150 112 211 159
0026 134 122 182 155 140 188 171 232 151 162 190 196
0027 165 192 205 239 119 137 159 163
0028 181 214 212 239 115 144 148 174
0029 195 214 223 239 113 152 138 178
