0005 191 199 225 239
0006 177 199 226 238
0007 148 192 201 235 171 184 230 225
0008 166 161 231 201 131 159 184 199
0009 121 130 174 168
0010 112 115 169 146
0011 118 099 174 143
0012 126 105 182 148
0013 134 122 199 154
0014 145 131 201 159
0015 163 132 217 162
0016 174 135 234 177
0017 191 137 244 180
0018 195 134 244 172
0019 194 133 245 171
0020 205 128 250 177
0021 210 116 250 156
0022 203 099 252 142 067 208 095 239
0023 214 098 253 141 070 208 098 237
0024 218 112 262 165
0025 221 124 263 179
0026 220 132 263 182
0027 219 132 261 183
0028 220 132 260 183
0029 221 129 259 182 069 207 097 237
0030 221 129 259 182
0031 220 128 260 182
0032 214 132 259 187
0033 214 142 257 191
0034 210 160 252 208
0035 201 183 242 233
0036 193 196 232 239
0037 192 199 229 238
0038 192 202 224 237 070 208 099 237
0039 192 202 224 236 071 209 097 235
0040 196 201 227 234
0041 193 199 228 233
0046 070 207 099 237
