0000 140 211 195 237
0001 123 183 188 235
0002 106 137 171 189
0003 089 104 159 143
0004 080 089 154 131
0005 091 075 148 124
0006 095 084 157 139
0007 099 099 169 145
0008 108 103 183 142
0009 111 094 183 132
0010 123 082 186 131
0011 137 082 191 141
0012 147 107 203 157
0013 150 111 213 151
0014 159 104 217 144
0015 164 091 224 145
0016 174 084 229 148
0017 191 097 245 149
0018 201 099 252 151
0019 200 093 248 145
0020 175 077 226 129
0021 155 077 217 119
0022 145 063 205 106
0023 134 063 204 110
0024 130 068 191 120
0025 131 097 194 147
0026 132 101 196 155
0027 134 095 192 155
0028 131 096 196 150
0029 132 094 188 149
0030 137 096 190 148
0031 137 123 192 173
0032 143 183 197 235
0033 153 220 193 239
