0000 077 206 101 239 171 208 194 239
0001 077 206 101 239 172 209 196 239
0002 078 206 102 239 185 198 207 235
0003 078 206 102 239 193 186 229 226
0004 076 206 102 239 191 146 253 182
0005 208 094 250 135 074 207 100 239
0006 199 053 240 102 070 204 097 239
0007 187 035 219 082 071 206 097 239 106 058 148 100
0008 174 032 208 079 075 206 100 239 105 059 147 105
0009 162 038 201 080 076 207 099 239 110 059 145 103
0010 159 040 198 081 107 056 146 098 073 208 095 239
0011 162 040 199 080 108 056 146 098 072 208 092 237
0012 164 038 196 075 071 207 091 236 104 057 148 102
0013 162 037 201 077 070 208 097 239 104 056 148 102
0014 168 036 201 079 075 208 097 239 109 058 146 105
0015 165 036 204 079 078 208 101 239 106 057 145 102
0016 169 037 202 079 074 206 103 238 106 057 145 103
0017 167 037 203 080 079 209 102 235 113 061 147 101
0018 169 035 203 080 077 208 100 239 113 062 147 101
0019 169 036 204 083 077 207 099 239 105 058 149 102
0020 163 036 208 082 077 208 099 239 109 057 146 097
0021 170 035 208 078 079 212 101 234
0022 174 047 213 089 080 210 104 239 104 057 141 098
0023 188 088 216 135 077 209 101 239
0024 179 143 212 197 074 214 100 236 100 057 137 097
0025 169 188 195 231 070 213 093 239 092 055 136 102 167 141 194 182
0026 151 206 176 239 064 212 086 239
0027 150 200 178 239 060 209 087 238
0028 055 213 077 239 156 204 181 239
0029 054 215 075 239 156 203 179 237
0030 053 215 075 239 149 201 173 238
0031 053 212 076 239 145 201 171 236
0032 055 210 085 239 148 204 174 238
0033 063 214 087 237 157 202 179 236
0034 064 209 089 239 159 205 179 237
0035 064 209 087 239 159 204 181 238
0036 064 207 087 239 164 203 189 236
0037 066 208 086 236 168 207 190 238
0038 072 204 094 239 176 207 198 239
0039 082 205 103 237 178 210 204 238
0040 092 202 114 239 187 211 209 239
0041 102 200 128 239 192 210 216 239
