0003 097 219 120 239 189 224 211 239
0004 083 188 108 213 196 157 229 213
0005 191 098 231 140 078 106 107 157
0006 192 042 222 086 081 054 104 094
0007 188 024 216 066 089 021 113 065
0008 183 016 211 054 095 014 118 058
0009 185 015 213 050 097 012 120 053
0010 182 012 210 054 095 014 120 057
0011 182 012 210 053 093 014 119 058
0012 183 027 219 066 093 023 116 071
0013 188 055 220 100 083 054 107 098
0014 188 095 226 136 079 088 103 127
0015 188 131 226 171 077 121 104 165
0016 194 147 225 182 081 136 109 172
0017 190 140 227 180 079 133 107 168
0018 193 138 221 177 079 133 106 168
0019 190 137 222 172 081 134 108 170
0020 194 154 226 193 080 154 104 183
0021 080 198 106 235 201 216 227 239
