0000 169 119 199 182
0001 178 073 207 124
0002 178 056 207 105
0003 180 056 209 104
0004 174 056 211 106
0005 173 056 208 105
0006 165 058 196 109
0007 148 067 189 108
0008 162 071 190 107
0009 176 061 204 097
0010 188 047 219 098
0011 174 050 209 098
0012 149 059 187 105
0013 145 063 183 103
0014 170 062 192 097
0015 185 057 210 100
0016 173 053 202 099
0017 146 058 189 109
0018 152 065 187 111
0019 167 063 192 105
0020 186 058 209 102
0021 186 042 212 097
0022 163 051 192 099
0023 145 060 186 105
0024 161 066 185 093
0025 182 072 204 104
0026 188 075 217 118
0027 194 088 221 136
0028 187 142 219 184
0029 180 187 213 238
0030 171 216 202 237
