0008 148 212 189 239
0009 134 199 186 239
0010 138 144 189 198
0011 127 089 177 172
0012 116 084 187 175
0013 120 079 177 174
0014 116 080 180 173
0015 121 083 178 177
0016 127 078 177 176
0017 128 088 172 184
0018 118 083 189 156
0019 121 083 183 153
0020 124 080 180 145
0021 126 084 184 146
0022 127 078 180 156
0023 125 080 181 155
0024 126 082 178 157
0025 122 085 193 154
0026 127 081 180 162
0027 122 086 181 168
0028 124 107 184 194
0029 130 132 183 224
0030 130 188 182 239
0031 136 214 190 239
