0000 016 202 054 239 116 212 159 239
0001 010 202 053 239
0002 003 195 044 239
0003 007 198 030 233
0004 006 194 031 235
0005 005 191 041 236
0006 010 193 051 239 115 206 158 239
0007 016 201 057 238 118 207 155 239
0008 007 194 043 235
0009 010 203 055 234 100 216 147 239
0010 099 197 152 239 008 202 049 239
0011 132 147 185 199 006 202 047 239
0012 162 100 214 145 007 204 049 238
0013 006 203 051 239 173 052 227 091
0014 164 028 231 066 004 206 050 239
0015 162 028 226 066 009 205 048 239
0016 155 053 218 094 006 204 042 239
0017 116 088 176 167 008 200 052 237
0018 098 094 163 147 009 206 050 239
0019 007 204 046 239 102 090 159 142
0020 099 094 160 145 008 209 048 239
0021 098 092 163 144 008 208 050 239
0022 102 092 162 145 006 203 043 239
0023 106 091 163 147 006 205 048 239
0024 107 086 171 150 005 204 041 238
0025 129 071 177 155 008 203 043 239
0026 142 053 193 113 006 207 047 239
0027 160 032 216 068 006 208 048 239
0028 152 015 225 060 005 203 043 239
0029 151 038 215 080 008 206 049 239
0030 147 057 218 099 007 206 048 239
0031 130 068 194 162 006 203 041 239
0032 109 086 172 141 007 205 044 239
0033 102 080 158 136 007 204 049 239
0034 110 076 166 130 006 205 046 239
0035 107 077 170 131 006 208 046 239
0036 109 076 169 129 007 205 049 239
0037 005 205 041 239 103 076 169 132
0038 117 072 170 142 007 205 048 239
0039 129 061 184 146 005 203 042 239 026 216 066 239
0040 162 031 215 084 005 208 042 237
0041 161 023 221 062 008 203 047 239
0042 162 026 227 069 006 204 047 239
0043 136 060 207 117 008 209 048 239
0044 126 066 187 147 005 205 044 239
0045 111 085 171 135 007 205 048 239
0046 108 083 168 133 007 203 044 239
0047 007 204 043 239 103 084 171 132
0048 105 087 164 139 007 205 049 239
0049 108 095 165 156 007 205 048 239
0050 112 116 172 185 004 195 047 237
0051 118 139 165 223 003 204 028 237 033 214 060 239
0052 111 178 167 239
0053 097 206 156 239
0054 006 200 043 239 115 214 156 239
0055 014 198 056 239
0056 015 210 056 239
0057 015 204 054 239
0058 019 207 055 239
0059 015 206 059 239
0060 017 207 060 239
0061 017 205 059 239
