0002 056 215 095 239
0003 057 214 095 239
0004 055 213 098 238
0005 058 219 092 239
0006 154 216 190 239 055 214 094 239
0007 134 209 195 239
0008 141 173 189 239
0009 140 135 196 223
0010 143 103 199 186
0011 138 089 201 174
0012 136 080 197 171
0013 135 072 190 165
0014 134 072 185 163 061 215 099 239
0015 138 072 193 165 059 214 099 239
0016 138 074 187 169
0017 132 073 193 167
0018 137 074 187 167
0019 136 074 195 168
0020 139 079 188 173
0021 134 077 192 163
0022 136 071 199 147
0023 138 076 190 134
0024 138 071 190 133
0025 129 070 205 131
0026 135 067 207 129
0027 136 068 207 128
0028 139 071 189 135
0029 135 071 186 136
0030 136 072 184 137
0031 139 076 185 157
0032 130 085 197 159
0033 134 108 189 202 059 216 095 239
0034 138 145 181 230 063 212 102 239
0035 139 194 198 239
0036 106 202 148 239 059 212 093 239 156 218 204 239
0037 106 202 148 239
0038 060 215 098 239
0039 053 214 094 239
0042 056 217 096 239
0043 053 218 093 239
