0000 050 207 090 239
0001 050 206 093 239
0002 049 204 091 239
0003 050 203 095 239 184 216 221 239
0004 176 198 217 239 050 204 091 239
0005 154 173 212 224 048 205 095 239
0006 146 135 197 180 049 203 090 239
0007 133 111 189 158 048 206 094 239
0008 139 099 196 151 050 206 092 239
0009 138 087 198 136 050 203 093 239
0010 128 068 187 110 051 204 091 239 170 077 230 128
0011 049 205 093 239 126 051 190 088 173 062 221 118
0012 049 209 092 239 123 042 196 086
0013 128 039 185 100 047 207 092 239 170 047 216 116
0014 049 206 092 239 130 044 193 106 175 049 227 116
0015 127 052 208 109 048 206 091 239
0016 048 207 092 239 132 049 196 107 182 055 232 113
0017 131 051 195 109 175 045 224 116 050 208 094 239
0018 133 043 188 118 050 209 093 239
0019 050 205 093 239 127 041 200 082
0020 051 204 094 239 123 031 194 070
0021 049 204 096 239 124 032 195 075
0022 051 205 093 239 125 038 200 099 174 048 226 104
0023 126 045 196 092 051 208 095 239
0024 130 052 197 104 050 207 094 239 179 054 228 114
0025 045 209 096 239 128 063 196 111 186 063 232 113
0026 044 200 090 239 139 079 198 133
0027 042 200 089 239 149 118 199 183
0028 031 192 075 239 169 151 216 220
0029 013 184 059 239 196 195 236 239
0030 003 196 036 237
0031 005 206 025 235
0032 004 201 026 236 196 219 225 239
0033 005 208 030 239
0034 005 209 029 239
