0006 168 195 218 239
0007 203 122 249 181
0008 206 091 249 135
0009 216 073 259 132
0010 213 058 257 140
0011 203 065 253 124
0012 200 059 243 133
0013 207 058 249 138
0014 203 066 249 109
0015 210 068 248 126
0016 193 072 246 139
0017 191 071 248 136
0018 203 074 245 138
0019 204 074 249 140
0020 189 073 252 135
0021 183 078 245 137
0022 183 078 242 146
0023 187 086 240 144
0024 189 086 241 152
0025 178 093 238 151
0026 177 097 237 156
0027 171 116 224 178
0028 162 140 224 204
0029 147 172 207 236
0030 146 199 194 239
