0000 111 114 163 176 062 126 114 174
0001 050 150 101 198 114 117 168 165
0002 052 179 101 225 124 116 181 160
0003 049 198 093 239 125 112 181 158
0004 048 196 096 239 125 109 185 157
0005 051 195 095 238 130 111 186 163
0006 047 196 095 239 127 105 186 156
0007 048 196 095 239 121 099 182 153
0008 048 193 096 239 120 092 185 143
0009 047 198 095 239 121 083 183 132
0010 049 195 096 239 122 075 192 114
0011 047 195 097 239 126 074 191 115 171 080 224 125
0012 046 197 095 239 132 072 188 139
0013 046 197 095 239 127 066 180 144
0014 044 194 099 239 125 071 181 134
0015 045 195 096 239 122 068 184 134 175 072 228 122
0016 047 195 097 239 118 073 194 132
0017 047 194 098 239 125 073 186 137
0018 047 197 097 239 126 073 186 136 190 073 227 123
0019 046 195 098 239 126 074 182 146
0020 046 195 099 239 129 068 182 151 187 071 232 125
0021 044 197 097 239 126 068 203 132 182 074 228 121
0022 046 195 098 239 130 076 214 118
0023 047 195 098 239 130 076 210 116
0024 047 198 094 238 132 074 197 123
0025 046 195 097 239 130 068 188 144 181 072 228 124
0026 048 193 095 238 127 075 187 141
0027 047 195 096 237 123 080 188 137
0028 046 193 098 239 126 084 184 144
0029 124 090 188 154 038 177 090 227
0030 128 100 190 164 037 159 091 209
0031 122 101 194 161 033 143 090 191
