0000 064 177 104 222
0001 064 179 103 221
0002 065 182 103 224
0003 065 178 105 219
0004 066 179 105 220
0005 066 182 104 222
0006 066 178 106 218 131 216 172 239
0007 063 179 100 223
0008 063 178 102 223 132 215 172 239
0009 065 180 103 219
0010 062 176 100 218 134 218 181 239
0011 183 180 223 222 061 178 097 217
0012 188 156 244 202 056 181 094 221
0013 185 116 229 175 065 182 094 221
0014 141 087 200 142 058 180 096 219
0015 137 068 193 119 057 179 096 218
0016 135 066 199 119 059 180 097 222
0017 059 180 097 219 150 077 207 118
0018 153 094 206 129 056 178 095 217
0019 148 107 205 162 057 178 095 215
0020 141 104 194 149 057 177 096 217
0021 126 101 183 150 054 176 095 218
0022 132 119 187 162 057 175 093 218
0023 133 150 176 217 059 178 092 218
0024 132 180 172 239 062 174 094 214
0025 122 196 163 239 062 171 101 213
0026 061 169 102 211 124 210 165 239
0027 064 170 103 209 134 215 174 239
0028 065 171 105 209 137 214 173 239
0029 063 175 099 213 136 214 174 239
0030 068 171 102 212 136 215 173 239
0031 067 172 105 213 136 214 172 239
