0000 087 214 118 239 154 215 196 239
0001 158 216 199 239
0002 159 215 199 239
0003 156 215 196 239 088 215 121 239
0004 155 214 196 239 084 221 121 239
0005 154 215 196 239
0007 155 210 198 239
0008 148 206 192 239
0009 157 145 199 186 089 164 123 207
0010 090 072 132 129 140 068 187 127
0011 148 037 185 113 098 039 142 095
0012 097 035 130 097 141 032 180 095
0013 092 039 131 092 149 030 190 087
0014 174 026 219 093 064 034 111 093
0015 176 029 236 097 057 036 108 093
0016 173 028 231 097 064 035 114 095
0017 170 035 222 104 065 037 117 097
0018 171 034 221 105 067 033 114 101
0019 177 030 225 103 065 037 115 097
0020 063 037 116 098 170 035 219 110
0021 074 042 122 101 165 040 215 108
0022 080 047 121 114 160 056 210 119
0023 160 099 206 139 086 083 128 131
0024 078 161 134 211 165 176 208 217
0025 084 216 127 239
