0000 095 195 144 239 201 196 237 238
0001 096 196 145 239 194 191 236 238
0002 093 196 145 239 191 171 233 231
0003 092 197 145 239 187 159 230 210
0004 095 197 145 239 179 143 220 181
0005 093 198 145 239 166 122 214 168
0006 093 198 145 239 167 118 212 157
0007 095 199 145 239 159 101 204 150
0008 095 200 145 239 154 085 203 140 191 121 232 165
0009 144 079 200 131 095 200 145 239
0010 095 200 145 239 148 077 197 130
0011 095 200 145 239 145 074 195 122
0012 095 200 145 239 136 065 196 115
0013 095 200 145 239 139 061 190 112
0014 095 200 145 239 140 055 187 113
0015 095 200 145 239 140 057 187 113 189 103 235 150
0016 095 200 145 239 144 066 187 115
0017 095 201 145 239 144 068 193 116
0018 095 200 145 239 147 069 194 111 187 097 233 143
0019 095 201 145 239 133 065 192 111
0020 095 201 145 239 144 071 195 113 190 096 231 141
0021 095 201 145 239 146 069 194 113 188 097 231 143
0022 091 200 145 239 139 065 192 114
0023 095 201 146 239 133 057 187 107
0024 094 201 146 239 133 057 192 108
0025 094 201 146 239 141 067 191 110
0026 094 201 146 239 129 067 191 107
0027 094 201 146 239 136 065 190 113
0028 094 201 145 239 142 069 192 117 186 095 228 139
0029 095 200 144 239 139 070 193 117
0030 095 200 144 239 130 065 187 112
0031 095 200 144 239 136 067 191 114 182 095 229 141
0032 095 200 144 239 140 058 193 111
0033 095 200 144 239 140 062 193 111
0034 095 199 143 239 137 060 192 109
0035 095 200 144 239 135 061 192 106
0036 095 200 143 239 142 063 192 112
0037 095 199 144 239 141 060 194 112
0038 095 199 144 239 138 063 197 113
0039 095 199 144 239 141 068 196 111
0040 095 199 144 239 146 071 198 113
0041 156 083 211 138 098 196 143 237
0042 181 127 231 170 093 202 139 239
0043 092 198 139 239 204 162 249 223
0044 090 196 136 239 217 180 254 238
0045 088 195 138 238 202 195 247 239
0046 090 199 138 239 199 197 247 239
0047 090 199 137 239 198 196 246 239
0048 090 199 138 239 199 196 246 239
