0001 036 205 070 237
0002 034 198 068 238
0003 185 182 225 238
0004 204 128 239 176
0005 205 076 248 135 034 205 072 238
0006 204 059 248 121 034 205 072 238
0007 205 044 247 109
0008 205 046 245 104 037 202 072 238
0009 206 044 246 104 033 203 072 238
0010 203 038 243 105 032 202 072 237
0011 209 045 244 102 034 203 075 238
0012 211 044 244 101 034 203 075 238
0013 211 045 244 100 035 199 067 235
0014 211 047 244 102 035 199 067 235
0015 212 041 246 095 035 199 067 235
0016 206 045 246 092 033 203 071 237
0017 207 046 247 092 033 203 071 237
0018 206 046 246 100 033 204 071 236
0019 211 052 242 103 033 203 071 237
0020 203 062 240 122 036 202 071 237
0021 194 107 228 158 036 203 070 237
0022 181 146 216 203 037 202 070 237
0023 162 201 203 239 034 203 072 238
0024 035 205 073 238
0025 036 197 067 235
0026 034 204 072 238
0028 036 205 072 238
