0000 239 145 279 173
0001 007 111 047 134 237 145 276 173
0002 011 112 047 134 237 145 277 173
0003 007 112 041 135 240 147 269 173
0004 006 111 043 136 211 137 275 180
0005 006 111 043 135 212 137 276 181
0006 006 111 043 136 212 137 275 180
0007 007 111 043 136 211 137 274 178
0008 010 111 046 134 242 144 281 171
0009 010 111 046 131 212 136 273 177 242 149 275 171
0010 010 111 046 131 234 142 277 172
0011 007 111 043 137 240 144 276 172
0012 236 142 276 174 011 112 046 134
0013 212 133 278 177 011 112 046 134
0014 011 112 047 134 211 132 278 174
0015 011 112 045 134 207 127 259 174
0016 241 131 284 170
0017 209 115 276 152 009 112 045 134
0018 213 100 284 138 010 109 046 133
0019 213 088 280 122 007 108 042 133
0020 007 107 043 133 213 069 261 110 179 194 214 230
0021 214 058 283 104 185 195 216 233 007 109 042 133
0022 183 190 215 235 009 110 046 134 218 052 280 097
0023 227 042 285 088 009 112 043 135 183 194 212 229
0024 232 041 275 087 010 112 043 135 181 191 217 231
0025 217 045 276 092 182 192 218 230
0026 189 192 215 232
0027 010 112 043 132 188 192 214 233 220 044 279 090
0028 237 038 281 082 187 190 215 232
0029 232 040 281 082 009 113 043 132 188 190 215 227
0030 216 046 283 085 184 190 214 233
0031 221 036 282 074 185 192 214 231
0032 185 192 214 231
0033 190 005 222 041 185 190 214 231
0034 157 003 181 046 004 118 042 144 185 189 214 229
0035 139 003 164 048 007 114 044 141 155 042 190 095
0036 006 117 040 140
0037 007 119 043 141 154 035 192 092
0038 008 118 043 141 157 059 191 104
0039 163 062 189 101 007 119 043 141
0040 163 067 191 108 007 119 043 141
0041 163 068 196 105 006 117 039 140
0042 164 067 193 108 007 117 044 140
0043 166 069 195 107 008 115 044 140
0044 166 068 195 107 008 115 044 140
0045 169 069 197 110 008 114 044 140
0046 168 069 195 111 005 116 044 143
0047 168 070 196 110 008 114 044 139
0048 168 072 195 111 007 116 041 139
0049 168 070 197 112 010 114 046 139
0050 163 073 204 114 009 115 041 139
0051 161 070 204 109 009 115 041 138
0052 166 068 210 105 010 115 042 143
0053 165 064 210 103 009 115 047 139
0054 008 115 042 137
0055 007 109 041 134 170 047 200 092
0056 010 108 044 130
0057 006 096 043 128
0058 007 090 050 124
0059 014 079 059 116 045 098 098 131
0060 028 061 069 104 054 089 097 129
