0000 188 186 209 212 119 189 140 218
0001 186 188 208 212 118 189 140 217
0002 189 186 209 212 120 185 145 216
0003 144 169 166 195 189 186 209 212
0004 188 187 208 213 161 151 185 180
0005 184 183 206 210
0006 186 184 209 209 178 133 200 158
0007 186 187 205 212 180 134 201 159
0008 186 186 207 213 178 131 198 158
0009 187 185 209 212 178 131 197 158
0010 187 185 209 212 178 131 197 158
0011 187 185 209 212 177 131 197 158
0012 187 185 209 212 179 129 198 158
0013 187 185 208 212 179 129 198 158
0014 189 183 210 213
0015 189 183 210 213
0016 189 183 210 212
0017 171 139 194 168 191 188 209 213
0018 160 154 185 183 191 188 210 214
0019 109 188 131 213 190 183 211 213
0020 192 183 213 213 094 186 112 210
0021 192 184 212 213 092 185 111 209
0022 191 185 214 211 095 187 113 208
0023 192 187 210 210 094 187 111 211
0024 189 182 211 214 093 187 114 211
0025 189 185 210 213 092 186 111 210
0026 189 182 208 211 092 185 113 210
0027 189 182 208 211 094 187 112 211
0028 189 182 211 214 094 187 112 211
0029 189 182 211 214 096 184 114 211
0030 189 184 209 213 093 187 115 215
0031 189 184 208 211 098 187 115 209
0032 100 188 124 213 191 188 210 213
0033 111 191 131 216 189 184 208 210
0034 189 182 208 210 116 191 137 216
0035 122 192 145 217 188 182 207 210
0036 121 191 145 218 188 182 207 210
0037 123 192 143 216 188 183 208 211
0038 191 179 213 209 119 189 137 215
0039 191 180 213 210 120 190 140 219
