0000 119 189 141 217 189 184 208 212
0001 119 189 141 217 189 184 208 212
0002 119 190 143 220 189 184 208 212
0003 143 176 168 205 188 185 207 211
0004 188 182 209 212 153 161 189 191
0005 188 182 209 212 168 148 195 172
0006 189 183 209 212 181 130 203 156
0007 187 183 206 212 180 125 202 151
0008 189 182 207 210
0009 189 184 209 209
0010 189 183 210 213
0011 189 183 210 213 187 126 203 153
0012 189 184 209 209 183 136 203 165
0013 171 154 195 181 188 181 209 210
0014 190 184 212 211 123 190 145 219
0015 190 180 211 211 098 189 118 212
0016 192 184 212 214 092 188 114 214
0017 191 182 212 212 098 188 116 210
0018 190 180 211 212 098 187 115 211
0019 099 186 116 210 189 183 209 212
0020 188 181 207 210 098 185 116 210
0021 189 181 208 210 098 189 116 210
0022 188 181 208 211 098 188 117 212
0023 190 184 209 209 102 188 122 210
0024 103 189 127 213 189 184 209 209
0025 188 181 210 211 103 191 125 212
0026 189 182 208 211 103 190 125 212
