0000 107 211 130 239 176 207 211 239
0001 107 210 129 239 174 209 210 239
0002 106 210 129 239 176 208 211 239
0003 106 209 131 239 178 211 215 239
0004 100 204 124 239 178 209 217 239
0005 104 204 126 235 186 208 225 239
0006 101 208 123 236 202 154 231 198
0007 102 206 125 239 202 117 232 158
0008 200 063 227 124 100 208 123 238
0009 191 054 218 119 096 211 128 239
0010 188 056 216 116 099 204 122 239
0011 188 059 216 116 099 205 123 239
0012 188 059 216 118 102 211 125 239
0013 189 056 217 116 101 206 126 239
0014 189 056 217 112 102 210 125 239
0015 189 056 217 111 100 208 122 236
0016 191 058 217 114 103 210 126 239
0017 189 081 217 136 100 212 122 236
0018 103 212 126 239 185 137 221 172
0019 187 205 218 239 103 206 130 239
0020 181 213 219 239 103 207 131 239
0021 182 209 209 239 103 207 131 239
0022 183 211 219 239 105 212 129 239
0023 181 209 219 239 101 208 130 238
0024 105 208 131 239 181 210 219 239
