0000 042 162 098 207 161 165 207 210
0001 042 161 100 207 163 171 204 211
0002 163 164 200 209 046 161 100 209
0003 170 152 202 197 048 163 103 208
0004 166 121 203 173 050 158 090 206
0005 169 096 211 159 050 163 101 208
0006 162 054 210 139 043 161 100 208
0007 160 037 208 122 048 166 101 208
0008 159 024 210 112 047 164 101 207
0009 163 015 211 102 043 164 098 204
0010 159 011 208 101 047 164 099 206
0011 157 010 208 100 049 162 097 205
0012 160 009 209 100 046 162 103 206
0013 161 006 210 099 047 161 099 207
0014 162 008 211 097 048 160 095 210 075 174 104 209
0015 166 012 217 093 048 163 102 207
0016 164 007 213 091 041 161 101 207
0017 163 011 210 100 046 164 100 207
0018 163 012 211 098 046 162 102 206
0019 167 006 212 099 050 162 097 206
0020 163 010 215 093 059 168 102 207 027 148 077 203
0021 168 011 217 095 047 155 099 205
0022 165 008 215 098 043 153 099 204
0023 164 011 214 097 045 159 104 204
0024 166 010 212 099 045 159 101 203
0025 167 013 213 102 054 163 104 205
0026 164 010 215 098 047 159 103 205
0027 168 020 213 107 043 157 100 207
0028 167 054 213 109 048 157 098 205
0029 049 156 102 203 169 076 212 127
0030 048 157 103 206 168 106 214 156
0031 047 156 103 206 173 131 209 171
0032 049 152 100 201 169 147 210 196
0033 172 154 215 202 045 159 105 206
0034 170 164 213 212 048 156 102 203
0035 046 157 103 206 172 161 222 217
0036 046 156 102 206 168 164 220 212
0037 049 155 096 201 162 169 207 212
0038 046 159 104 207 170 169 225 220
0039 045 156 101 206 169 165 221 212
0040 047 157 102 205 173 172 214 213
