0000 118 195 141 227 192 190 215 226
0001 118 193 139 227 195 192 215 226
0002 117 194 139 230 195 184 227 226
0003 119 194 137 228 209 172 233 206
0004 119 194 138 229 215 143 244 170
0005 118 195 137 229 211 086 237 124
0006 116 196 140 228 204 048 230 099
0007 201 039 227 090 117 195 136 231
0008 201 037 226 090 118 192 139 229
0009 197 046 221 090 117 196 136 225
0010 196 042 223 094 116 194 140 230
0011 199 045 222 090 117 194 139 229
0012 203 042 229 093 118 191 139 230
0013 214 059 241 109 117 196 138 229
0014 118 192 140 230 212 118 246 150
0015 204 167 238 201 118 190 139 228
0016 117 194 141 230 193 196 216 232
0017 116 194 137 225 194 194 213 224
0018 117 192 139 226 192 192 219 232
