0002 178 211 203 239
0003 195 119 231 157
0004 198 026 226 078
0005 192 010 226 071
0006 194 014 226 064
0007 191 014 225 068
0008 192 016 223 060
0009 191 013 221 068
0010 193 014 226 063
0011 192 018 221 064
0012 192 018 222 065
0013 189 016 218 065
0014 193 036 229 093
0015 194 130 233 158
0016 190 197 217 237
0017 171 217 195 239
0019 173 219 192 239
0020 175 222 201 239
0021 175 220 197 239 070 221 089 239
0022 172 221 193 239
0023 174 224 195 239
0025 175 218 197 239
0026 171 222 196 239
0027 172 220 196 239
0028 173 223 194 239
0029 173 222 194 239 070 215 089 239
0031 171 218 194 239 072 214 092 239
0032 170 223 196 239 072 213 093 239
0033 172 223 193 239
0034 175 221 198 239
0035 172 222 193 239
0036 173 218 196 239 071 212 090 239
0037 173 222 192 239
0038 172 222 194 239
0039 172 222 193 239
