0000 050 163 100 207 171 170 212 210
0001 051 163 100 208 173 169 209 209
0002 049 163 100 208 171 168 212 208
0003 051 163 096 207 166 169 214 208
0004 051 163 100 207 170 165 216 212
0005 169 165 214 210 047 163 098 207
0006 048 163 099 208 168 159 207 203
0007 049 163 099 206 167 137 206 184
0008 046 164 100 208 169 107 217 167
0009 171 065 215 146 052 163 098 207
0010 176 049 217 127 049 163 100 206
0011 175 028 225 116 048 164 102 207
0012 181 019 223 111 048 164 101 207
0013 178 010 228 108 048 162 102 208
0014 177 011 228 098 049 162 101 206
0015 179 011 229 089 047 163 102 207
0016 180 010 229 085 048 162 101 206
0017 183 010 228 096 053 163 101 206
0018 180 012 230 091 047 163 100 207
0019 176 007 229 090 051 163 101 206
0020 179 007 227 089 049 164 102 207
0021 178 012 235 086 045 159 105 207
0022 180 007 232 091 046 162 102 208
0023 179 011 230 084 052 163 102 206
0024 177 008 229 090 047 163 102 207
0025 178 008 228 092 046 163 102 208
0026 178 008 229 091 049 164 103 208
0027 178 008 231 087 048 161 097 207
0028 176 009 230 091 050 161 102 207
0029 177 009 231 093 046 161 100 206
0030 179 016 229 104 050 162 101 208
0031 048 161 097 207 188 040 227 110
0032 043 161 103 207 186 070 231 134
0033 183 104 224 147 055 165 101 205
0034 048 164 100 206 181 123 218 164
0035 171 150 215 191 046 164 099 208
0036 044 164 100 208 166 164 214 212
0037 045 162 101 208 169 165 210 212
0038 047 163 101 208 172 167 217 217
0039 041 155 097 207
0040 049 163 100 208 169 167 217 213
0041 049 164 100 208
