0000 151 207 193 239 081 211 129 239
0001 153 210 192 239 080 211 130 239
0002 151 207 193 239 087 214 126 239
0003 150 213 190 239 087 214 127 239
0004 154 209 192 239 082 211 128 239
0005 153 208 191 239 088 215 127 239
0006 150 207 193 239 088 214 127 239
0007 155 203 196 239 088 213 126 239
0008 155 197 197 237 082 212 129 239
0009 153 171 195 218 082 212 129 239
0010 147 126 191 185 082 213 128 239
0011 154 088 193 156 082 213 128 239
0012 157 053 195 138 080 210 131 239
0013 159 038 201 121 080 210 131 239
0014 157 038 199 120 080 210 131 239
0015 159 032 203 117 088 214 127 239
0016 155 047 200 123 087 214 127 239
0017 162 045 206 134 087 214 127 239
0018 161 046 204 129 081 211 132 239
0019 161 043 204 130 087 214 127 239
0020 160 046 200 132 087 215 127 239
0021 161 045 204 129 087 214 127 239
0022 161 046 201 134 087 214 127 239
0023 160 047 201 136 086 213 127 239
0024 157 051 199 133 081 211 130 239
0025 160 054 206 140 082 211 129 239
0026 155 086 195 157 087 214 127 239
0027 087 214 126 239 150 148 190 189
0028 149 183 193 236 082 211 128 239
0029 147 207 186 239 082 211 129 239
0030 152 201 196 239 082 211 129 239
0031 151 209 194 239 087 215 127 239
0032 150 204 193 239 089 215 127 239
0033 151 206 195 239 090 215 127 239
0034 152 203 192 239 089 216 127 239
0035 154 207 190 239 089 216 127 239
0036 151 206 194 239 081 211 129 239
0037 152 208 191 239 086 213 128 239
