0009 111 214 161 239
0010 130 183 170 239
0011 144 146 193 223
0012 153 104 227 167
0013 163 084 207 159
0014 167 069 251 148
0015 176 065 223 144 196 086 255 144
0016 176 059 233 140
0017 175 064 257 141
0018 174 061 251 139
0019 176 056 228 138
0020 173 061 254 140
0021 170 065 253 139
0022 174 069 251 133
0023 169 061 254 139
0024 175 063 232 142
0025 175 063 229 142
0026 176 061 224 142
0027 166 065 235 145
0028 153 085 193 155
0029 132 116 176 171
0030 121 143 160 200
0031 105 187 146 238
0032 084 217 143 239
