0000 133 207 167 239
0001 133 208 167 239
0002 133 207 167 239
0003 133 207 168 239
0004 130 205 171 239
0005 133 209 167 239
0006 132 209 172 239
0007 133 209 172 239
0008 133 209 171 239
0009 132 207 171 239
0010 124 198 165 237
0011 126 177 168 212
0012 122 160 168 200
0013 125 137 172 189
0014 119 122 173 177
0015 119 112 176 162
0016 114 103 171 151
0017 120 095 168 146
0018 116 089 175 144
0019 117 083 168 139
0020 116 087 174 139
0021 113 083 173 135
0022 112 082 169 131
0023 115 081 174 131
0024 114 078 175 129
0025 114 081 175 133
0026 113 077 180 131
0027 111 076 178 132
0028 114 080 176 133
0029 115 080 175 132
0030 116 078 176 133
0031 118 081 177 132
0032 118 082 178 136
0033 121 089 170 138
0034 126 097 174 142
0035 117 119 175 154
0036 119 135 162 167
0037 123 158 164 189
0038 127 183 163 225
0039 127 198 165 237
0040 132 208 171 239
0041 132 210 168 239
0042 133 210 171 239
0043 132 212 168 239
0044 133 210 167 239
0045 132 210 169 239
0046 130 213 165 239
0047 131 213 166 239
0048 133 212 168 239
0049 133 209 165 239
