0000 143 222 174 238
0001 143 222 174 238
0003 142 221 170 239
0004 133 210 164 239
0005 133 193 160 231
0006 137 162 163 192
0007 144 084 174 129
0008 149 054 176 098
0009 153 040 177 084
0010 153 036 177 077
0011 154 038 179 077
0012 155 041 180 079
0013 156 038 180 072
0014 157 036 180 070
0015 154 036 180 074
0016 158 035 182 071
0017 155 039 180 079
0018 155 046 181 092 112 187 135 220
0019 150 079 185 125 111 188 133 222
0020 156 135 184 178 111 186 134 219
0021 151 197 179 238
0022 152 217 178 239 108 187 133 219
