0000 073 217 094 239
0001 073 217 094 239
0002 073 219 093 239
0003 073 219 093 239
0004 074 218 093 239
0005 157 214 193 238 074 218 092 239
0006 177 144 208 199 074 218 092 239
0007 188 089 224 151 074 219 092 239
0008 184 043 223 097 073 220 092 239
0009 171 031 212 083 073 218 092 239
0010 166 033 210 083 072 218 091 239
0011 170 031 208 085
0012 169 032 212 086 073 218 091 239
0013 170 031 212 081 070 217 089 239
0014 170 033 212 086 069 219 088 239
0015 170 035 213 085 070 221 090 239
0016 170 036 215 085 071 221 090 239
0017 171 033 215 085 070 221 089 239
0018 172 035 215 086 072 216 090 239
0019 172 035 215 086 068 222 094 239
0020 170 037 213 086 070 218 094 238
0021 170 033 213 082 069 218 088 239
0022 171 034 215 086 067 223 088 239
0023 170 032 213 082 067 223 087 239
0024 168 030 215 082 067 224 087 239
0025 168 030 214 081 068 224 088 239
0026 168 031 214 084 069 223 087 239
0027 173 031 211 087 069 217 093 238
0028 168 043 216 093 069 220 088 239
0029 178 072 212 122 069 218 092 238
0030 173 135 210 171 069 219 092 238
0031 170 168 201 227 070 219 089 239
0032 168 204 197 239 071 219 090 239
0033 160 218 187 238 071 219 090 239
0034 071 219 089 239 160 220 186 239
0035 068 221 087 239
0036 068 221 087 239
0037 069 221 088 239
