0000 174 190 195 234 119 199 138 229
0001 174 190 195 234 117 199 138 230
0002 174 190 195 234 117 200 138 231
0003 174 190 195 234 117 200 138 231
0004 174 190 195 235 117 200 138 231
0005 174 190 195 235 117 200 138 231
0006 174 190 195 235 117 200 138 231
0007 174 190 195 235 117 200 138 231
0008 118 199 138 231 174 190 195 235
0009 118 199 138 231 174 190 195 235
0010 174 192 195 237 118 199 138 231
0011 181 198 201 235 109 167 131 198
0012 119 198 138 232
0013 119 198 138 232
0014 203 110 236 143 117 198 137 232
0015 207 059 237 102 114 198 134 232
0016 200 035 222 077 194 069 215 108 113 198 134 233
0017 189 017 214 059 112 195 136 235
0018 177 017 207 064 113 193 137 233
0019 116 196 137 229
0020 116 196 137 229
0021 116 196 137 231
0022 169 024 203 066 118 196 138 229
0023 172 022 199 063 107 199 139 231
0024 167 023 201 070 117 192 138 232
0025 174 023 196 065 119 196 138 229
0026 174 023 196 066 119 197 138 229
0027 174 027 199 069 114 194 136 234
0028 114 194 135 232
0029 181 047 205 083 118 201 135 230
0030 185 078 216 118 117 197 137 231
0031 117 200 136 234 193 132 222 159
0032 113 202 132 235
0033 109 201 132 236 187 199 209 234
