0000 069 193 115 239
0001 065 193 118 239
0002 064 193 119 238
0003 064 193 118 239
0004 065 193 118 239
0005 067 189 121 239
0006 066 189 120 239
0007 066 187 120 239 132 224 176 239
0008 065 187 116 234 128 219 179 239
0009 064 186 117 236 130 205 183 239
0010 064 185 117 235 133 186 181 231
0011 067 190 119 236 133 165 178 214
0012 067 190 119 237 137 154 185 202
0013 066 192 117 239 133 135 193 189
0014 069 191 118 239 135 109 182 166
0015 068 186 121 236 132 099 180 161
0016 131 096 181 159 069 186 121 236
0017 064 187 117 237 132 094 180 160
0018 065 186 117 235 134 088 183 157
0019 065 186 118 235 135 084 185 147
0020 068 191 118 239 138 080 189 148
0021 074 185 119 239 138 082 191 145
0022 065 191 118 238 138 087 183 148
0023 075 185 119 239 138 087 188 151
0024 139 089 189 153 074 185 120 239
0025 074 185 119 239 143 088 188 153
0026 074 185 119 239 144 090 188 153
0027 074 186 119 239 139 093 189 151
0028 065 191 117 238 142 093 187 150
0029 065 187 114 239 141 092 186 150
0030 067 190 122 237 142 091 186 150
0031 067 190 122 237 143 091 184 152
0032 067 190 122 237 140 094 188 150
0033 067 190 122 237 144 091 187 152
0034 067 190 122 237 144 090 187 151
0035 067 190 122 236 144 090 187 152
0036 067 190 122 236 144 091 186 152
0037 065 185 118 235 143 092 186 153
0038 067 190 122 236 140 095 188 153
0039 065 184 118 235 141 095 188 151
0040 067 190 122 236 143 094 188 152
0041 073 188 119 239 144 091 188 155
0042 067 188 113 239 144 091 188 155
0043 073 188 119 239 142 095 188 154
0044 072 188 119 239 141 095 188 153
0045 073 188 119 239 143 096 187 151
0046 142 093 188 151 073 188 119 239
0047 065 185 118 235 139 100 187 156
0048 063 192 118 239 138 116 164 165 158 122 206 176
0049 069 188 119 239 139 146 188 197
0050 065 194 113 239 134 176 166 234 150 179 183 219
0051 068 195 111 239 132 202 184 239
0052 066 195 112 239
0053 067 193 118 239
0054 068 194 117 239
0055 071 193 113 239
0056 067 191 109 236
0057 066 196 110 239
0058 063 193 113 239
0059 067 190 109 239
0060 067 190 109 239
0061 067 190 109 239
0062 067 191 109 239
0063 068 192 109 239
0064 068 191 109 239
0065 063 191 113 239
0066 063 192 113 239
0067 063 191 113 239
0068 063 192 113 239
