0000 062 218 095 238
0001 062 218 095 238
0002 062 218 096 239
0003 062 218 096 239
0004 062 218 096 239
0005 062 218 096 239
0006 062 218 096 239
0007 062 218 095 239
0008 062 218 096 239
0009 062 218 096 239
0010 062 218 096 239
0011 062 218 096 239
0012 061 218 096 239
0013 062 218 096 239
0014 063 219 095 238
0015 100 220 136 239 063 218 095 238
0016 090 201 139 236 062 217 096 237
0017 085 185 134 223 063 218 096 238
0018 082 163 145 207 063 218 097 238
0019 085 150 134 191 063 219 098 238
0020 085 131 141 176 062 216 097 237
0021 083 119 143 165 062 216 097 237
0022 081 099 142 142 066 220 097 239
0023 081 089 138 135 062 216 099 239
0024 079 084 136 135 061 215 098 237
0025 078 077 123 132 061 215 099 237 100 094 135 137
0026 081 075 129 126 062 216 096 238
0027 080 072 130 125 062 216 096 238
0028 081 072 129 126 062 217 096 238
0029 083 068 127 126 061 216 096 238
0030 079 073 128 123 067 220 095 239
0031 079 073 126 124 061 216 096 238
0032 079 072 127 122 061 216 096 238
0033 078 073 126 123 062 216 096 238
0034 083 069 126 125 061 216 096 238
0035 079 073 126 122 062 216 096 238
0036 080 073 126 124 062 216 096 238
0037 078 072 128 125 062 216 096 238
0038 079 071 129 123 062 217 098 239
0039 080 071 129 123 062 217 098 239
0040 081 066 127 123 062 217 098 239
0041 081 066 127 121 062 217 098 239
0042 085 069 130 123 062 217 098 239
0043 084 069 130 124 062 217 098 239
0044 085 069 130 123 062 217 098 239
0045 086 065 132 121 062 216 098 239
0046 081 067 128 124 062 216 098 239
0047 079 079 133 131 062 217 098 239
0048 076 094 137 146 061 215 097 237
0049 078 136 131 174 062 216 097 237 145 144 192 181
0050 085 177 134 218 062 217 097 239
0051 088 202 135 239 061 215 093 238
0052 062 220 092 238
0053 062 220 094 238
0054 062 220 093 238 154 160 195 205
0055 061 220 094 238
0056 066 220 092 237
0057 061 220 095 238
0058 061 220 095 238
0059 061 220 094 238
0060 061 220 095 238
0061 061 220 095 238
0062 062 218 096 239
0063 062 218 096 239
0064 062 218 097 239
0065 062 218 097 239
0066 062 218 097 239
