0000 128 208 167 236 073 205 100 237
0001 127 208 169 236 070 207 102 239
0002 127 208 169 236 070 206 099 238
0003 127 208 169 236 071 206 099 237
0004 071 206 099 238 125 208 169 236
0005 126 209 170 236 073 206 101 238
0006 128 209 172 239 070 206 102 239
0007 071 206 102 239 129 208 174 237
0008 071 206 102 239 128 201 167 234
0009 073 206 101 238
0010 070 206 102 239
0011 070 206 102 239
0012 071 207 102 239 164 106 194 151
0013 068 204 106 237 156 092 187 137
0014 069 204 106 237 161 078 190 117
0015 069 205 106 237 159 069 197 101
0016 070 207 101 239 164 061 201 099
0017 071 207 101 239 161 057 198 089
0018 071 207 101 239 168 054 207 092
0019 071 207 101 239 169 049 207 090
0020 071 207 101 239 165 049 206 090
0021 170 047 208 087 071 207 101 239
0022 170 048 208 087 071 207 101 239
0023 071 207 102 239 166 048 206 090
0024 071 207 101 239 175 047 203 090
0025 069 202 101 236 174 047 204 088
0026 069 202 101 236 174 046 204 088
0027 069 202 101 236 174 047 203 087
0028 173 047 204 087 070 206 100 238
0029 171 048 204 090 069 202 101 236
0030 070 206 100 238 175 055 202 095
0031 070 206 100 238 167 066 200 107
0032 070 206 100 238 155 089 192 138
0033 069 202 101 236 125 117 176 164
0034 068 203 106 237
0035 069 203 102 236
0036 069 203 101 236 114 190 171 219
0037 129 201 171 230 069 203 102 236
0038 069 204 101 236 126 207 171 238
0039 071 208 105 238 125 208 170 238
0040 069 206 101 238 126 209 170 238
0041 129 210 172 235 069 207 101 238
0042 129 207 170 235 069 207 101 238
0043 129 207 170 235 069 207 101 238
0044 068 204 106 236 129 207 169 234
0045 073 207 101 237 129 207 169 235
0046 072 205 101 237 128 207 170 234
0047 073 207 101 237 128 207 169 235
