0008 132 190 174 236
0009 134 178 181 237
0010 133 176 183 220
0011 137 161 183 207
0012 146 132 190 184
0014 141 120 185 167
0015 136 118 183 171
0016 144 095 181 166
0017 147 093 178 146
0018 144 093 181 154
0019 146 094 179 149
0020 147 094 182 152
0021 146 084 188 143
0022 147 091 187 152
0023 146 092 181 154
0024 149 089 188 142
0025 150 089 186 141
0026 146 088 189 150
0027 146 087 190 143
0028 148 087 190 141
0029 148 089 190 142
0030 149 087 187 144
0031 148 091 186 146
0032 150 092 187 146
0033 146 089 190 145
0034 147 091 190 145
0035 146 091 193 143
0036 148 090 187 140
0037 147 092 195 141
0038 148 092 187 142
0039 147 093 196 139
0040 150 090 187 139
0041 148 092 192 140
0042 148 094 194 139
0043 147 094 193 139
0044 149 093 193 141
0045 150 091 187 143
0046 152 096 186 143
0047 149 090 193 143
0048 148 094 195 144
0049 146 092 186 148
0050 146 092 185 147
0051 149 096 185 142
0052 147 095 189 147
0053 147 092 186 144
0054 147 093 185 145
0055 146 091 185 145
0056 147 090 185 147
0057 146 092 185 149
0058 144 095 187 155
0059 146 093 186 151
0060 149 090 187 142
0061 147 091 187 146
0062 147 089 191 146
0063 148 092 190 149
0064 145 094 190 150
0065 148 089 189 147
0066 147 090 190 147
0067 146 092 186 150
0068 141 094 184 152
0069 145 090 186 147
0070 145 089 186 148
0071 145 091 190 145
0072 146 093 193 140
0073 146 093 192 147
0074 149 092 190 141
0075 149 095 187 142
0076 149 095 188 143
0077 145 096 191 144
0078 148 093 188 146
0079 148 091 192 142
0080 148 092 192 142
0081 148 091 193 142
0082 148 092 193 142
0083 148 091 193 142
0084 145 092 193 141
0085 145 092 193 141
0086 146 090 188 145
0087 146 093 189 149
0088 146 091 194 144
0089 146 092 193 143
0090 146 092 193 143
0091 145 095 193 146
0092 146 096 194 145
0093 147 095 196 142
0094 149 093 197 140
0095 149 089 197 142
0096 145 096 193 150
0097 148 097 195 144
0098 147 095 187 146
0099 147 094 188 147
0100 147 095 187 150
0101 147 101 186 156
0102 147 107 189 153
0103 127 122 186 176
0104 146 158 184 215
0105 127 176 171 235
0106 126 190 163 239
