0000 135 205 180 239 062 214 100 239
0001 134 204 181 239 062 213 099 239
0002 134 205 178 239 063 214 099 239
0003 128 204 178 239 063 213 097 239
0004 131 199 187 239 063 214 098 239
0005 119 190 179 238 065 213 102 239
0006 121 176 187 235 063 213 098 239
0007 122 165 188 217 063 214 097 239
0008 111 152 193 193 060 210 097 239
0009 116 138 194 180 058 210 098 239
0010 112 125 194 166 063 214 098 239
0011 111 121 194 159 064 211 098 239
0012 111 117 193 157 063 210 098 239
0013 106 114 191 153 064 211 099 239
0014 110 116 192 154 063 211 097 239
0015 110 117 195 154 061 214 103 239
0016 107 115 192 152 062 214 104 239
0017 111 114 194 151 064 210 103 239
0018 109 117 192 152 062 209 105 239
0019 110 117 188 152 064 211 099 239
0020 110 117 188 152 062 211 101 239
0021 107 119 191 154 063 214 103 239
0022 110 117 189 152 064 210 103 239
0023 108 114 191 151 062 214 103 239
0024 110 114 188 151 062 212 096 239
0025 108 115 188 151 062 211 103 239
0026 110 114 188 151 064 212 097 239
0027 109 115 187 151 063 213 102 239
0028 108 116 188 152 065 212 097 239
0029 110 120 196 155 061 212 102 239
0030 111 122 188 157 063 214 096 239
0031 108 122 189 157 060 210 099 239
0032 109 122 186 157 061 212 101 239
0033 109 123 186 158 066 212 098 239
0034 106 126 189 164 060 212 100 239
0035 108 138 185 178 061 210 099 239
0036 111 156 184 202 063 214 096 239
0037 120 176 182 238 061 211 099 239
0038 134 209 180 239 065 211 101 239
0039 131 206 185 239 068 213 104 239
0040 141 206 189 239 062 211 098 239
0041 137 209 188 239 065 215 098 239
0042 138 211 187 239 065 212 097 239
0043 138 210 186 239 062 213 104 239
0044 136 211 187 239 066 216 096 235
0045 137 211 188 239 065 211 103 239
