0007 175 221 238 239
0008 141 202 214 239
0009 133 176 213 218
0010 122 156 209 196
0011 117 143 203 183
0012 112 134 197 172
0013 109 131 199 170
0014 112 125 197 163
0015 109 125 199 162
0016 110 125 199 164
0017 110 124 199 163
0018 109 122 196 163
0019 111 122 195 162
0020 110 122 195 163
0021 112 121 199 157
0022 109 122 196 162
0023 110 121 196 162
0024 110 123 195 161
0025 109 123 201 161
0026 107 114 194 154
0027 107 122 199 162
0028 110 123 198 161
0029 105 123 199 161
0030 111 121 197 158
0031 117 129 198 173
0032 123 142 200 184
0033 130 162 202 214
0034 140 188 204 239
0035 149 209 213 239
