0019 135 206 192 239
0020 123 187 183 228
0021 117 161 185 195
0022 107 142 179 170
0023 098 123 181 156
0024 095 115 173 144
0025 094 112 176 143
0026 087 113 171 144
0027 085 111 169 141
0028 082 109 168 138
0029 081 107 170 137
0030 084 107 166 137
0031 079 109 159 139
0032 078 109 160 139
0033 079 109 156 140
0034 080 106 161 135
0035 080 105 162 135
0036 080 107 161 137
0037 081 107 159 137
0038 080 107 158 137
0039 078 109 167 141
0040 083 119 160 152
0041 089 129 162 162
0042 096 143 163 179
0043 101 173 170 210
0044 104 196 170 237
0045 130 221 187 239
