0000 126 215 178 239 059 208 099 239
0001 063 209 102 239 127 214 181 239
0002 059 210 102 239 125 215 172 239
0003 059 207 104 239 126 212 179 239
0004 064 210 104 239 126 215 181 239
0005 062 208 100 239 134 213 188 239
0006 132 211 185 239 059 206 105 239
0007 063 205 104 239 128 209 186 239
0008 129 210 184 239 059 205 105 239
0009 128 204 184 239 059 206 104 239
0010 134 190 192 239 066 207 104 239
0011 135 179 197 235 064 209 103 239
0012 132 161 194 211 065 208 102 239
0013 124 140 191 189 061 205 106 239
0014 120 126 194 167 062 207 102 239
0015 117 113 194 153 060 205 099 239
0016 060 208 104 239 113 101 192 142
0017 060 210 103 239 113 105 197 143
0018 114 109 198 148 062 210 104 239
0019 065 207 099 239 112 111 196 150
0020 112 117 194 154 064 206 099 239
0021 105 114 191 150 059 208 105 239
0022 105 114 190 150 062 210 104 239
0023 063 207 103 239 110 111 196 151
0024 060 208 103 239 104 110 192 148
0025 059 208 103 239 105 112 188 150
0026 104 112 187 149 066 206 105 239
0027 104 109 188 145 065 209 104 239
0028 102 107 190 145 065 208 104 239
0029 105 106 191 144 059 209 104 239
0030 059 207 098 239 102 109 197 146
0031 064 208 102 239 101 109 198 146
0032 064 209 103 239 103 107 192 146
0033 065 205 105 239 102 112 192 147
0034 061 210 103 239 101 111 192 147
0035 105 107 188 145 058 205 106 239
0036 108 111 194 147 064 208 101 239
0037 107 105 192 144 059 205 103 239
0038 106 105 197 144 064 208 101 239
0039 107 110 200 146 062 209 100 239
0040 105 105 190 144 065 206 102 239
0041 108 108 197 144 059 205 104 239
0042 108 107 198 144 059 209 103 239
0043 063 207 099 239 110 107 196 144
0044 060 209 103 239 109 108 197 146
0045 060 209 105 239 109 108 194 147
0046 060 208 104 239 109 108 195 147
0047 110 106 196 144 066 205 102 239
0048 059 208 103 239 111 109 191 149
0049 065 206 100 239 111 108 190 150
0050 058 208 103 239 111 108 188 150
0051 063 208 103 239 111 109 190 149
0052 112 109 190 149 062 211 100 239
0053 114 112 190 153 062 208 103 239
0054 114 125 191 165 063 207 104 239
0055 121 153 179 203 064 211 101 239
0056 138 194 184 239 063 207 104 239
0057 140 205 181 239 063 208 105 239
