0004 094 211 157 239
0005 091 173 158 220 141 173 187 228
0006 093 135 168 177
0007 092 104 165 141 159 112 191 165
0008 076 084 169 119
0009 079 071 170 105
0010 071 058 163 091 150 059 199 121
0011 076 056 161 088 148 060 194 115
0012 077 051 161 083 145 053 198 108
0013 077 054 159 086 142 057 196 113
0014 142 059 196 114 077 054 163 086
0015 078 054 166 085 145 058 189 114
0016 148 058 195 114 077 054 163 085
0017 148 059 196 115 074 055 167 085
0018 147 062 195 117 076 057 162 087
0019 074 060 154 091 148 060 194 117
0020 087 068 156 106
0021 097 105 146 145
0022 100 152 151 189
0023 097 194 146 237
0024 125 219 166 239
