0000 069 205 111 239 125 211 173 239
0001 069 205 110 239 130 211 173 239
0002 126 213 167 239 067 207 111 239
0003 068 206 107 239 128 210 171 239
0004 126 212 167 239 070 203 106 237
0005 072 207 112 239 129 211 174 239
0006 129 210 178 239 070 204 107 238
0007 133 198 183 239 071 207 111 239
0008 127 173 182 228 071 207 113 239
0009 123 160 183 213 071 205 106 237
0010 123 146 187 191 068 204 112 239
0011 071 205 106 239 119 120 183 169
0012 071 204 109 239 110 109 182 154
0013 108 101 184 142 066 205 110 239
0014 104 099 190 138 071 205 112 239
0015 101 095 185 135 064 202 110 239
0016 101 100 188 140 066 206 107 239
0017 095 101 187 138 067 207 112 239
0018 067 207 116 239 098 103 187 143
0019 066 207 108 239 094 105 182 144
0020 066 203 113 239 098 105 185 144
0021 072 207 112 239 091 104 185 143
0022 093 104 180 141 067 205 112 239
0023 095 102 182 140 067 204 112 239
0024 090 097 179 135 067 205 110 239
0025 067 207 109 239 089 096 182 135
0026 071 206 114 239 097 097 185 134
0027 065 203 116 239 096 093 181 133
0028 071 207 112 239 097 096 180 133
0029 067 208 109 239 099 097 183 138
0030 067 206 115 239 094 097 182 137
0031 067 205 115 239 098 097 182 139
0032 071 207 108 239 094 098 175 141
0033 072 206 109 239 096 100 186 143
0034 067 208 107 239 097 100 185 141
0035 067 208 108 239 090 102 181 147
0036 067 208 109 239 097 100 184 141
0037 091 105 181 147 068 204 110 239
0038 099 102 184 141 067 204 112 239
0039 100 100 184 143 067 204 112 239
0040 066 203 113 239 093 103 179 143
0041 092 102 174 143 069 204 112 239
0042 067 204 112 239 091 102 174 143
0043 067 204 113 239 097 103 183 144
0044 069 204 111 239 092 105 172 146
0045 068 206 110 239 092 108 182 148
0046 071 205 114 239 096 115 184 156
0047 103 135 182 175 070 204 113 239
0048 115 166 177 215 072 205 109 239
0049 072 206 109 239 128 191 176 239
0050 134 206 178 239 066 207 110 239
0051 067 207 108 239 137 214 178 239
0052 067 207 111 239 137 215 176 239
0053 072 207 111 239 138 214 176 239
0054 068 208 111 239 136 214 180 239
0055 072 207 116 239 134 207 181 239
0056 069 204 114 239 132 208 180 239
0057 071 206 115 239 133 207 180 239
0058 072 207 114 239 132 208 180 239
0059 071 204 107 237 132 208 181 239
0060 068 204 112 239 134 211 176 239
0061 067 203 115 239 134 211 177 239
0062 071 207 114 239 134 210 177 239
0063 068 205 111 239 134 210 178 239
0064 072 206 112 239 134 210 177 239
