0005 005 197 036 239
0006 005 196 035 239
0007 005 199 035 239
0008 162 204 203 239 052 207 089 239
0009 155 170 193 209 069 192 105 230
0010 074 178 121 215 145 149 186 186
0011 086 173 128 205 128 138 171 171
0012 090 165 147 198 102 139 161 173
0013 102 152 154 191
0014 093 155 151 195
0015 091 156 153 195 003 196 036 239
0016 095 158 154 194
0017 096 161 157 194 003 200 036 239
0018 098 162 164 194 003 199 037 239
0019 096 158 142 196 004 200 036 238
0020 101 160 153 197 004 201 036 239
0021 096 159 159 193 004 201 036 238
0022 131 144 171 176 099 145 132 195
0023 086 133 127 176 144 128 183 168 004 201 036 239
0024 151 113 190 161 082 117 119 160 004 200 035 239
0025 152 114 191 162 078 112 120 162
0026 153 121 189 168 081 118 118 163
0027 071 146 122 182 151 152 196 192
0028 076 151 119 185 155 158 200 195 004 197 035 239
0029 068 151 125 190 156 157 199 196
0030 067 155 120 192 151 155 198 192 003 197 036 239
0031 067 153 120 191 150 156 195 201 003 196 036 239
0032 067 153 120 190 147 151 191 197 003 196 036 239
0033 066 154 122 192 149 159 197 201
0034 067 154 123 192 155 157 197 198
0035 066 153 124 192 149 160 197 198
0036 066 154 122 189 156 157 196 199 003 195 036 239
0037 067 154 123 189 153 157 203 202
0038 078 153 125 185 155 157 200 192
0039 161 156 199 193 075 151 120 193
0040 163 163 202 200 071 165 109 203
0041 159 166 203 207 066 181 109 218 004 200 036 239
0042 059 208 094 239 156 185 201 218 004 199 035 239
0043 165 205 201 239 047 203 077 239
0044 166 220 204 239 051 211 076 239
0046 005 199 036 239
