0009 005 194 035 239
0016 057 209 089 238 003 200 035 239 174 225 200 239
0017 069 192 104 237 152 212 191 239 003 195 036 239
0018 136 187 187 221 076 177 117 217
0019 084 174 125 210 131 169 183 205
0020 125 148 167 178 091 162 133 198
0021 086 153 132 195 107 146 171 183
0022 095 153 146 187
0023 090 154 152 190 003 198 035 237
0024 091 155 152 194
0025 092 155 151 193
0026 100 160 150 192 003 195 035 239
0027 091 162 156 198
0028 093 165 155 199
0029 093 159 155 196
0030 094 163 153 198
0031 096 160 165 197
0032 098 163 141 196 123 154 171 190
0033 091 159 144 195
0034 104 165 148 196
0035 093 159 153 196
0036 099 161 155 193
0037 101 158 150 192
0038 098 159 155 194
0039 099 138 142 187
0040 132 119 173 162 088 121 126 166
0041 143 109 182 158 084 111 126 155
0042 146 106 186 155 080 104 120 154
0043 148 107 187 158 079 104 117 154
0044 077 123 117 165 152 130 190 172
0045 080 153 126 192 159 158 203 205
0046 074 151 122 186 156 158 200 198
0047 068 151 127 188 160 159 202 197
0048 160 159 202 198 073 153 122 190
0049 161 159 202 196 075 152 121 189 003 195 036 239
0050 072 150 118 186 157 157 198 192
0051 071 150 125 189 150 154 194 197
0052 073 150 126 192 159 157 204 198
0053 074 150 119 183 155 152 203 192
0054 072 152 125 188 154 151 203 195
0055 073 157 117 198 152 165 197 209 002 195 037 239
0056 154 186 192 232 066 171 109 223
0057 060 192 100 239 161 203 202 239
0058 058 201 097 239 165 222 199 239
0059 058 212 096 239 004 196 035 239
0060 063 216 095 239
0061 066 219 095 239
0062 066 220 094 239
0063 063 216 094 239
0064 061 216 094 239 004 201 035 239
0065 064 220 096 239
0066 062 213 090 239
