0000 063 202 094 239
0001 063 206 096 239
0002 063 202 094 239
0003 058 204 096 238
0004 059 202 095 238
0005 061 203 094 239
0006 062 206 094 239
0007 061 201 093 239
0008 054 203 093 239
0009 055 208 094 239
0010 056 206 088 237 157 197 209 239
0011 058 208 088 237 115 207 165 239
0012 115 176 171 235 056 208 088 239
0013 111 147 167 217 053 207 092 239 157 107 212 167
0014 113 128 167 187 057 207 089 237 155 091 215 151
0015 112 112 155 174 059 208 090 236 146 080 202 142
0016 106 112 158 179 059 208 091 236 145 080 205 141
0017 107 106 155 177 057 207 091 236 152 076 209 131
0018 103 098 155 174 057 208 089 236 146 072 212 126
0019 102 097 156 167 055 205 093 239 149 065 210 124
0020 102 096 163 156 055 206 096 239 152 068 208 122
0021 108 094 156 159 061 202 094 236 148 066 208 122
0022 107 096 163 157 059 201 095 234 154 061 212 120
0023 106 097 163 155 053 202 096 237 152 063 207 117
0024 106 099 162 157 058 202 096 236 152 062 207 119
0025 100 099 162 159 062 202 097 236 153 062 211 121
0026 105 100 164 162 060 202 096 238 150 065 209 123
0027 106 101 162 161 058 203 093 233 148 061 208 119
0028 106 101 161 163 148 063 206 120 061 203 095 237
0029 106 103 156 172 059 202 093 236 150 067 207 125
0030 109 103 153 161 059 204 091 238 149 067 209 125
0031 106 102 157 179 059 206 091 238 150 067 209 126
0032 108 106 155 167 054 203 095 238 145 069 208 128
0033 106 107 157 168 060 207 091 239 145 067 206 134
0034 105 105 158 168 059 204 093 239 147 069 208 130
0035 105 105 158 167 060 203 091 238 159 068 214 121
0036 105 117 159 173 059 205 091 238 152 077 216 136
0037 107 156 162 211 057 201 092 235
0038 107 202 162 239 058 205 092 239
0039 057 206 089 239
0040 058 207 092 239
0041 054 205 090 237
0042 054 204 090 237
0043 058 206 096 239
0044 062 209 093 239
0045 059 206 098 239
0046 058 203 095 239
