0000 146 201 190 236 082 207 124 239
0001 079 210 123 239 153 197 195 237
0002 168 174 212 220 078 210 122 239
0003 191 152 240 202 080 213 124 239
0004 209 124 265 167 075 209 124 239
0005 230 095 287 143 079 206 127 239
0006 249 072 293 124 076 211 123 239
0007 247 060 304 114 079 208 123 239
0008 255 061 307 117 077 207 121 239
0009 257 071 306 125 077 209 121 239
0010 258 071 308 128 074 206 120 239
0011 251 072 308 127 077 207 122 239
0012 076 210 121 239 264 079 313 136
0013 252 079 308 132 077 207 123 239
0014 077 207 124 239 261 071 309 122
0015 077 209 124 239 253 079 308 131
0016 258 078 309 132 079 207 127 239
0017 258 078 309 132 074 213 125 239
0018 257 075 309 134 077 207 122 239
0019 257 074 308 131 073 210 120 239
0020 254 068 310 122 077 207 122 239
0021 253 061 301 113 075 209 122 239
0022 238 063 291 109 075 209 122 239
0023 075 210 121 239 216 083 260 127
0024 076 209 121 239 203 108 245 146
0025 191 139 229 175 082 212 124 239
0026 181 160 219 194 077 213 126 239
0027 160 181 202 217 080 210 124 239
0028 149 199 192 237 083 210 125 239
0029 149 196 193 237 082 209 124 239
