0007 225 197 259 234
0008 254 149 284 181
0009 254 117 294 158
0010 258 083 301 129
0011 257 068 303 111
0012 252 063 302 110 226 067 265 120
0013 253 069 303 116
0014 254 067 303 120
0015 257 069 301 118
0016 258 070 301 118
0017 257 069 301 119 053 207 082 236
0018 255 074 303 125 057 209 091 239
0019 254 074 302 125 056 211 085 239
0020 254 073 304 124
0021 254 075 302 124
0022 257 074 303 129
0023 254 075 303 125
0024 252 075 300 127
0025 253 076 300 127
0026 257 079 302 127
0027 256 079 303 129
0028 257 079 304 131 223 076 266 126
0029 255 078 304 133 222 074 267 126
0030 255 078 302 134
0031 263 085 302 141
0032 259 090 300 148
0033 259 113 295 169
0034 252 134 289 188
0035 230 167 273 220
