0012 102 209 139 239 147 214 195 239
0013 099 201 134 235 151 187 190 222
0014 094 182 133 221 160 143 192 165
0015 167 089 209 124 093 171 128 209
0016 196 064 225 108 094 166 125 205
0017 208 044 245 103 096 171 133 209
0018 095 181 137 210 168 065 202 105
0019 140 074 183 113 097 176 134 215
0020 137 077 182 116 101 178 134 213
0021 096 177 138 215 175 071 210 117
0022 205 060 235 111 098 178 137 217
0023 176 076 205 119 099 178 139 219
0024 145 084 197 122 097 169 133 208
0025 175 074 214 105 080 124 116 149
0026 173 060 216 091 084 098 116 122
0027 090 060 132 098 162 054 205 088
0028 136 073 194 104 092 068 140 100
0029 132 105 180 145 080 097 132 142
0030 132 118 180 173 085 125 132 179
0031 131 117 181 169 087 124 136 178
0032 132 119 179 169 086 116 136 168
0033 134 113 182 163 086 111 134 165
0034 136 119 178 164 089 110 133 156
0035 132 119 187 158 092 110 133 152
0036 092 119 131 157 131 130 182 169
0037 135 146 187 184 092 141 130 184
0038 133 171 178 214 092 174 133 217
0039 097 205 136 239 135 204 178 239
0040 104 214 133 239 142 216 182 239
0041 102 211 133 239 134 212 174 238
0042 097 200 132 235 123 194 174 233
0043 079 196 119 229
0044 071 201 113 237 100 167 149 217
0045 078 202 118 239 094 152 144 203
0046 091 200 129 239 094 141 143 192
0047 099 202 138 235 139 130 208 174 103 154 143 204
0048 118 201 152 236
0049 135 206 187 239
0050 132 211 171 239
