0000 169 212 216 239
0001 166 182 232 236
0002 167 153 222 213
0003 166 137 223 199
0004 163 127 223 190
0005 160 113 223 185
0006 161 109 222 177
0007 160 106 223 177
0008 161 105 221 173
0009 157 093 214 172
0010 155 091 214 163
0011 153 074 208 153
0012 149 064 209 148
0013 153 052 208 141
0014 149 052 206 134
0015 150 048 204 136
0016 149 037 207 129
0017 152 040 204 124
0018 150 037 205 125
0019 154 034 207 121
0020 153 034 204 119
0021 151 037 206 121
0022 154 038 202 120
0023 152 037 206 124
0024 151 043 206 122
0025 153 054 206 138
0026 160 095 205 161
0027 173 195 217 236
