0012 104 189 153 225
0013 095 167 158 197
0014 093 160 147 190
0015 094 161 149 190
0016 093 162 151 191
0017 096 163 146 190
0018 095 163 146 190
0019 093 164 146 190
0020 098 167 147 191
0021 094 166 153 194 054 219 079 239
0022 099 169 151 195 040 190 068 233
0023 096 167 154 196 041 163 069 211
0024 044 143 089 190 095 168 156 198
0025 073 121 116 158 095 170 145 196
0026 093 171 144 194 086 114 123 150
0027 094 106 141 147 092 170 143 194
0028 095 168 142 192 088 108 129 148
0029 097 168 143 191 060 107 105 156
0030 034 118 076 177 098 167 145 192
0031 030 121 073 181 097 169 142 192
0032 041 121 089 170 095 172 143 198
0033 064 114 101 161 095 173 144 198
0034 093 171 141 196 100 110 132 155
0035 105 109 146 153 093 168 136 194
0036 093 169 140 192 089 107 134 149
0037 060 112 104 156 094 170 148 194
0038 098 170 146 191 040 119 084 166
0039 096 169 149 197 051 123 101 164
0040 080 119 111 162 097 175 143 198
0041 093 170 146 197 106 115 140 162
0042 093 170 144 196 113 117 145 153
0043 092 174 144 199 107 109 149 156
0044 085 114 126 161 093 173 144 199
0045 056 121 099 172 093 172 146 198
0046 042 130 092 183 088 172 147 201
0047 088 176 146 204 052 135 102 179
0048 092 176 143 204 079 131 109 177
0049 084 130 124 176 091 174 143 204
0050 090 178 135 203 103 125 132 172
0051 092 177 137 203 103 123 132 172
0052 092 173 143 202 085 137 117 178
0053 061 140 103 193 095 174 143 203
0054 060 145 103 199 100 175 152 206
0055 060 151 094 208 108 183 151 210
0056 055 161 091 214 113 189 154 221
0057 047 184 079 221 122 207 155 238
0058 035 207 071 236
