0011 125 216 171 239
0012 127 173 177 230
0013 133 123 184 170 065 210 113 239
0014 131 106 185 160 073 208 125 239
0015 082 179 145 212 126 070 188 113
0016 123 050 178 093 086 165 147 201
0017 124 036 181 086 093 159 152 190
0018 123 039 176 085 096 154 155 185
0019 116 044 181 092 095 150 156 182
0020 111 082 167 131 092 145 156 176
0021 117 094 175 145 095 147 162 177
0022 112 097 174 145 096 148 160 178
0023 110 095 175 144 095 149 156 180
0024 117 090 176 149 096 150 156 181
0025 123 093 173 150 098 151 161 181
0026 108 094 171 151 099 152 162 182
0027 092 099 165 148 100 155 166 186
0028 081 098 152 145 101 155 168 185
0029 082 097 155 145 096 153 164 184
0030 093 097 156 150 094 152 158 182
0031 097 098 161 153 095 149 155 179
0032 121 095 170 158 091 149 157 180
0033 130 089 176 150 089 149 158 180
0034 129 090 178 148 092 146 152 181
0035 118 091 175 147 097 146 154 181
0036 110 091 173 142 092 151 158 182
0037 108 091 170 143 093 152 157 183
0038 109 090 170 143 093 153 155 182
0039 112 091 168 141 093 158 153 191
0040 104 104 168 154 082 181 145 218
0041 106 123 160 177 079 208 125 239
0042 106 148 163 197
0043 118 186 167 234
