0008 090 208 118 239
0009 083 206 114 239 195 218 238 239
0010 075 195 123 239 200 157 252 213
0011 080 183 132 230 172 087 233 135
0012 135 068 204 114 087 171 139 211
0013 111 092 179 144 096 160 140 197
0014 111 110 166 158 094 157 143 193
0015 111 115 168 163 095 157 146 190
0016 111 115 168 166 097 150 141 194
0017 106 114 163 163 091 158 141 195
0018 095 158 146 195 096 113 150 163
0019 099 157 152 196 076 117 134 165
0020 103 157 151 189 064 116 125 163
0021 071 111 136 158 102 154 148 184
0022 086 110 148 173
0023 114 119 173 174
0024 150 122 192 192 081 137 127 174
0025 145 117 185 183 082 147 131 182
0026 088 154 131 188 128 111 171 165
0027 096 162 141 191 108 103 158 152
0028 086 104 139 155 097 158 148 195
0029 099 156 146 189 075 105 134 151
0030 073 112 140 159 098 157 145 191
0031 099 124 150 196
0032 087 171 135 213 130 150 193 215
0033 144 172 195 236 090 182 135 225
0034 149 196 202 239 098 208 139 239
0035 166 215 211 239 102 223 133 239
