0009 226 157 280 214
0010 212 053 268 119 094 213 138 239
0011 183 006 249 067 100 190 152 228
0012 163 004 233 060 102 171 162 209
0013 111 152 172 188 144 037 202 082
0014 120 144 173 194 124 074 190 127
0015 113 109 178 161 115 165 166 203
0016 114 115 172 170 112 168 163 202
0017 111 110 174 166 112 169 162 200
0018 111 110 172 163 114 170 161 199
0019 113 108 170 163 113 171 159 199
0020 108 110 170 164 114 168 161 197
0021 106 110 170 164 109 166 164 198
0022 109 109 168 162 109 170 165 201
0023 101 109 164 162 110 163 162 199
0024 107 113 161 182
0025 120 120 173 188
0026 141 125 191 195 100 160 149 195
0027 157 126 208 202 096 162 141 196
0028 157 127 199 199 097 168 140 195
0029 131 123 177 179 096 169 138 199
0030 109 113 160 168 099 172 142 202
0031 082 109 130 165 101 171 143 204
0032 057 112 114 164 098 168 140 198
0033 092 163 136 195 061 122 113 179
0034 093 127 140 197
0035 130 126 175 200 086 166 132 201
0036 144 127 190 197 089 167 131 200
0037 147 128 192 196 091 169 136 201
0038 136 124 178 192 096 169 136 202
0039 095 168 139 202 122 122 162 186
0040 112 121 156 176 096 168 135 207
0041 111 120 154 177 095 169 131 207
0042 092 169 136 206 111 120 156 180
0043 092 170 137 205 114 121 157 178
0044 092 170 136 204 112 120 157 178
0045 114 124 159 179 093 172 137 212
0046 119 129 171 184 099 187 148 234
0047 097 207 144 239 126 156 180 201
0048 138 195 189 239 099 215 141 239
0049 149 222 189 239 104 224 139 239
