0000 186 186 207 225 093 187 116 224
0001 186 188 209 226 092 191 114 223
0002 187 187 209 224 092 191 115 224
0003 092 190 114 224 186 187 205 224
0004 092 190 114 224 186 189 208 226
0005 187 186 211 229 093 185 116 219
0006 090 183 115 219 200 178 222 216
0007 080 167 115 203 209 166 235 196
0008 217 139 249 165 077 151 109 177
0009 219 099 249 134 068 122 125 156
0010 213 069 244 115 067 095 102 133
0011 208 053 237 105 065 074 099 117
0012 206 047 232 094 073 061 100 108
0013 201 048 229 091 079 058 102 099
0014 200 046 228 088 075 052 100 090
0015 196 045 225 086 080 052 107 097
0016 196 046 224 086 081 055 106 100
0017 194 044 224 088 083 055 108 099
0018 194 044 224 088 083 055 107 099
0019 193 045 224 086 080 053 106 100
0020 196 047 222 088 081 054 107 103
0021 194 045 221 085 081 056 107 101
0022 195 046 224 086 081 054 106 102
0023 195 047 224 087 080 059 106 106
0024 196 047 224 087
0025 196 048 223 087 079 056 104 097
0026 194 047 220 086 081 059 105 102
0027 198 049 223 084 080 056 104 098
0028 197 048 223 086 082 059 106 104
0029 202 057 224 094 078 060 101 096
0030 208 074 238 119 080 062 106 106
0031 196 123 239 156 080 086 113 115 188 108 215 146
0032 199 165 223 209 079 115 119 147
0033 090 148 124 178 183 187 206 223
0034 096 172 118 198 182 184 204 227
0035 100 188 125 220 189 184 211 226
0036 187 187 209 225 099 189 123 226
