0000 195 194 219 227 144 188 164 223
0001 200 192 224 226 138 191 160 226
0002 203 194 227 226 136 189 157 229
0003 134 188 155 228 205 194 224 222
0004 204 194 226 226 134 190 158 229
0005 204 193 226 227 136 190 157 227
0006 204 194 227 227 135 190 156 227
0007 204 193 226 226 135 191 156 227
0008 204 192 226 226 135 191 156 227
0009 204 192 226 225 135 191 156 226
0010 136 190 157 225 204 192 226 226
0011 201 189 222 222 136 188 158 225
0012 194 176 217 216 141 177 165 218
0013 187 150 210 194 145 150 179 195
0014 147 141 187 178 182 133 209 173
0015 144 121 186 150 182 112 216 147 208 116 233 151
0016 147 107 180 131 183 101 221 122
0017 197 064 224 107 136 079 164 119
0018 202 052 238 097 124 059 152 106
0019 118 052 145 098 207 047 242 091 113 103 132 135
0020 210 043 246 088 114 048 138 093 111 102 131 137
0021 215 041 250 086 109 047 133 093
0022 107 044 130 088 218 043 250 087
0023 107 044 130 086 222 044 247 082
0024 107 045 129 085 219 043 251 086
0025 108 045 131 084 221 043 246 082
0026 111 043 132 082 217 041 250 085
0027 107 042 129 085 219 040 248 082
0028 219 041 251 084 107 040 129 086
0029 224 039 247 082 108 038 131 080
0030 220 041 250 084 108 038 131 081
0031 220 041 250 084 108 039 131 082
0032 221 038 249 082 108 039 130 082
0033 223 042 250 086 108 041 130 082
0034 221 037 249 081 108 041 130 081
0035 223 041 251 085 108 041 130 081
0036 222 038 249 083 108 040 130 081
0037 222 039 250 085 108 040 131 081
0038 223 043 250 087 108 040 130 081
0039 220 040 249 085 108 040 130 084
0040 109 040 132 083 218 040 251 085
0041 112 041 136 086 219 039 246 088
0042 205 052 235 091 119 047 148 091
0043 132 060 166 102 194 075 221 105
0044 144 076 172 116 182 091 208 121
0045 144 097 181 132 176 112 214 145
0046 180 124 213 155 154 115 179 144
0047 153 129 187 160 181 137 220 165
0048 162 146 186 169 181 142 220 173
0049 154 156 185 183 186 150 214 181
0050 153 163 182 191 182 164 209 194
0051 147 166 181 197 184 171 207 198
0052 147 174 175 208 187 180 214 213
0053 144 181 169 212 200 188 224 224
0054 211 190 231 223 134 187 158 223
0055 125 189 149 224 216 188 237 224
0056 123 189 145 224 215 187 236 222
0057 120 188 144 222 213 186 234 220
0058 212 190 232 221 119 188 141 217
0059 209 193 229 222 128 191 148 223
0060 128 189 152 222 209 189 229 221
0061 132 190 153 224 208 189 229 220
0062 132 190 152 222 208 188 230 218
