0000 184 203 203 238
0001 184 205 203 239
0002 184 204 203 239
0003 184 205 203 239
0005 089 195 114 230 218 177 256 210
0006 084 059 117 112 234 058 260 110
0007 090 009 124 063 213 021 243 066
0008 091 000 119 047 199 009 230 049
0009 089 000 119 048 200 009 229 054
0010 088 000 123 046 200 010 231 053
0011 084 000 121 046 200 009 231 051
0012 087 000 123 045 195 005 233 050
0013 087 000 122 041 202 007 231 049
0014 086 000 120 038 206 006 235 051
0015 091 000 119 038 207 008 234 050
0016 206 007 233 050 092 000 116 033
0017 206 009 231 049 090 000 126 029
0018 093 000 119 033 206 005 231 047
0019 092 000 119 036 206 007 232 048
0020 207 006 232 047 088 000 123 036
0021 204 008 231 048 094 000 117 033
0022 205 008 230 047 094 000 117 034
0023 205 006 229 046 093 000 121 034
0024 094 000 119 038 205 004 229 045
0025 094 000 119 037 204 003 228 044
0026 091 000 119 040 207 008 233 045
0027 078 013 108 063 219 021 245 068
0028 237 130 287 167 052 121 091 171
0029 214 213 237 239
0031 095 224 116 239
0032 198 209 220 239
0033 086 222 107 239 213 213 235 237
0034 207 215 226 238 093 219 114 239
