0000 173 214 198 235 089 208 116 239
0001 089 208 116 239 175 215 197 236
0002 089 210 115 239 176 213 200 237
0003 173 215 197 239 090 209 115 239
0004 174 212 194 238 091 210 120 239
0005 171 215 196 236 091 213 118 239
0006 171 213 194 236 093 209 117 236
0007 170 214 192 239 091 213 117 239
0008 170 211 196 239 089 214 114 239
0009 082 207 109 239 181 207 204 236
0010 067 191 094 233 196 196 225 239
0011 041 163 075 204 213 163 251 203
0012 223 118 268 147 027 116 067 157
0013 220 066 263 111 027 066 062 120
0014 205 041 241 084 036 034 065 082
0015 051 023 079 058 198 027 230 065
0016 060 024 093 057 188 032 215 066
0017 081 029 106 060 176 032 201 068
0018 171 040 198 070 084 030 114 063
0019 176 035 195 070 080 035 118 063
0020 175 035 197 072 080 033 117 063
0021 081 028 111 062 174 036 197 072
0022 081 027 110 063 175 034 199 072
0023 081 027 110 062 176 034 199 070
0024 081 030 109 063 177 036 199 076
0025 081 030 109 063 177 034 201 076
0026 176 035 199 070 078 029 113 062
0027 176 034 199 070 077 029 111 062
0028 175 032 201 075 082 031 112 064
0029 181 036 208 080 081 036 107 069
0030 185 047 215 090 070 039 099 086
0031 195 074 225 110 061 075 088 117
0032 204 110 234 150 051 116 089 155
0033 193 155 233 205 061 157 088 197
0034 074 189 103 226 192 188 214 235
0035 083 202 110 239 172 205 201 239
0036 087 211 119 239 170 212 191 239
0037 165 212 194 239 094 214 119 239
