0000 093 219 126 239
0001 091 216 128 239
0002 091 215 128 239
0003 091 215 128 239
0004 092 215 128 239
0005 092 213 131 239
0006 089 207 132 239
0007 096 186 136 235
0008 100 152 133 203
0009 101 137 136 192
0010 100 123 134 179
0011 098 117 134 185
0012 098 104 133 173
0013 100 095 133 165
0014 106 091 140 153
0015 116 079 152 148
0016 123 075 161 140
0017 142 063 182 130
0018 150 077 198 134
0019 155 077 209 134
0020 154 078 207 133
0021 153 076 207 136
0022 159 078 210 131
0023 151 080 202 134
0024 144 080 192 135
0025 131 093 172 149
0026 105 152 139 197
0027 096 200 132 235
0028 089 220 121 239
0029 089 219 120 239
