0000 093 202 117 239
0001 088 196 113 239
0002 086 199 114 239
0003 088 199 111 239 140 031 180 086
0004 086 204 113 239 184 216 211 239
0005 178 212 207 239 087 203 114 239
0006 177 205 206 239 087 204 113 239
0007 154 180 194 220 087 204 111 239
0008 083 203 114 239 144 141 194 173
0009 087 200 112 239 141 101 182 146
0010 141 067 180 123 086 202 110 239
0011 085 201 111 239 144 056 179 116
0012 079 202 112 239 146 057 176 107
0013 079 202 112 239 136 057 178 100
0014 079 202 110 239 139 032 179 096
0015 077 203 109 239 140 031 180 096
0016 137 030 176 093 075 198 108 239
0017 137 030 177 093 080 198 106 239
0018 081 203 105 239 140 030 180 091
0019 137 028 177 091 081 205 104 239 169 214 196 239
0020 137 030 177 094 080 201 105 239 170 208 204 239
0021 136 028 177 092 077 202 107 239 172 212 202 239
0022 078 204 110 239 139 030 179 093 171 211 202 239
0023 138 027 180 092 076 204 107 239 169 211 199 239
0024 076 201 102 237 138 034 180 094
0025 074 204 106 239 144 051 176 103
0026 144 060 182 118 075 200 104 239 138 025 177 081
0027 151 093 192 145 073 202 103 239
0028 166 152 207 181 068 203 103 239
0029 072 202 104 239 192 189 217 224
0030 075 207 106 239 199 214 225 239
0031 084 207 109 239 193 211 228 239
