0010 007 142 047 204
0011 009 141 046 204 193 174 217 208
0012 180 149 218 176 132 167 156 203
0013 132 166 156 203
0014 174 064 203 110
0015 173 039 204 089
0016 170 043 209 087 132 167 157 204
0017 166 045 196 080
0018 167 047 208 088
0019 173 043 202 087
0020 169 038 201 082
0021 169 029 203 081
0022 168 043 207 087 008 143 049 209
0023 171 042 202 087 006 144 049 208
0024 194 117 233 147 128 166 148 204
0025 220 162 240 198 123 165 143 206
0026 221 178 242 217
0027 216 180 234 215
0028 203 174 226 215 129 167 150 198
