0000 085 205 105 238 184 197 210 235
0001 186 195 212 235 087 209 111 239
0002 182 200 210 237 088 209 109 239
0003 183 198 210 236 088 204 114 239
0004 183 199 212 236 096 202 121 238
0005 182 200 211 236 096 184 129 223
0006 184 200 212 237 107 163 142 194
0007 184 199 214 239 111 124 152 160
0008 186 200 209 235 124 086 156 138
0009 187 197 210 236 128 072 157 117
0010 130 071 158 114 184 200 210 237
0011 129 066 156 114 184 201 215 239
0012 130 069 158 112 185 202 213 237
0013 179 197 213 237 126 067 162 113
0014 126 069 161 114 185 200 214 237
0015 127 072 163 108 187 205 209 238
0016 130 065 158 108 185 203 212 237
0017 130 067 158 108 182 199 212 236
0018 128 063 159 108 189 201 214 236
0019 187 203 212 237 129 066 158 110
0020 190 202 214 238 130 072 159 110
0021 189 202 214 237 128 062 159 112
0022 126 072 154 110 189 202 215 238
0023 188 197 214 237 130 067 158 112
0024 125 071 155 110 188 197 213 235
0025 183 196 216 236 129 066 157 113
0026 183 202 211 237 125 064 164 110
0027 184 202 211 238 126 067 163 111
0028 183 202 211 237 126 062 155 109
0029 126 066 155 110 187 202 209 238
0030 184 200 210 236 124 054 161 106
0031 182 200 211 239 125 061 154 106
0032 185 202 208 238 128 060 158 114
0033 183 199 210 235 124 070 159 108
0034 185 200 210 237 131 072 158 114
0035 125 076 163 121 185 204 210 238
0036 126 079 159 132 178 197 212 237
0037 185 198 212 238 122 100 163 148
0038 108 145 155 173 188 198 212 235 114 102 161 149
0039 107 175 146 217 183 197 214 238
0040 184 202 212 238 092 205 123 239
0041 082 205 112 239 185 199 213 236
0042 184 201 207 236 086 206 109 239
