0000 190 160 228 216
0003 190 158 229 218
0018 204 173 228 214
0019 134 162 156 195
0022 182 136 223 169
0023 175 092 204 125
0024 175 045 206 096
0025 172 048 211 091
0027 170 036 204 081
0028 167 034 202 079
0030 166 039 210 083
0031 166 044 198 079
0032 170 040 201 082
0033 168 041 210 083
0034 167 040 209 079
0035 173 039 204 087
0036 171 031 206 082
0037 171 033 205 082
0038 173 037 205 085
0039 174 035 205 086
0040 166 043 210 077
0042 169 042 202 079
0043 170 038 201 078
0044 170 041 202 084
0045 171 039 202 084
0046 171 039 202 083
0047 174 043 204 097
0048 171 078 210 121
0049 191 147 229 182 131 163 153 207
0050 126 167 149 203 207 176 232 217
0051 127 166 148 203 214 181 237 222
0052 209 178 230 215
