0000 264 120 287 156
0001 257 202 287 236
0002 251 175 284 216
0003 250 154 281 197
0004 249 125 279 170 213 121 256 158
0005 251 104 279 146
0006 212 194 255 235 260 079 285 117 219 072 258 109
0007 210 144 252 213 265 061 289 089 233 051 287 090
0008 214 097 253 173 274 025 311 066
0009 209 081 253 160
0010 210 058 254 142
0011 196 057 242 110
0012 194 048 241 097
0013 180 050 225 101
0014 174 057 214 131
0015 168 073 206 135
0016 169 086 206 150
0017 169 090 204 149
0018 168 089 207 152
0019 167 088 207 147
0020 171 111 213 171
0021 177 170 227 227
