0007 099 163 137 204 121 217 167 239
0008 127 130 202 224 091 104 147 167 033 141 112 225
0009 105 069 168 127 122 080 196 177 068 096 132 193
0010 135 079 220 172 099 048 164 109
0011 105 046 171 104 067 093 139 154 131 081 214 165
0012 067 090 133 158 133 079 213 160 106 049 172 106
0013 108 050 180 108 066 094 139 158
0014 110 054 175 108
0015 108 056 176 113
0016 110 063 172 121 146 098 225 188
0017 108 079 165 133 046 118 133 198
0018 051 146 135 228 105 112 158 166 120 155 193 235
0019 055 216 124 239 115 161 163 226
