0000 199 151 230 206 112 159 135 193
0001 112 157 134 191 198 114 232 162
0002 187 071 220 102 116 155 136 184
0003 111 153 135 181 185 054 210 089
0004 114 154 137 181 180 055 205 083
0005 114 154 137 183 179 057 201 080
0006 173 056 200 080 116 153 141 183
0007 114 155 139 184 174 057 201 082
0008 175 053 201 084 114 156 137 184
0009 175 047 200 085 113 152 139 185
0010 175 053 202 085 114 155 137 183
0011 113 154 138 180 174 059 201 085
0012 172 060 201 083 115 156 138 182
0013 175 057 201 085 115 156 137 181
0014 117 157 138 181 175 055 201 084
0015 114 153 136 181 175 059 201 086
0016 115 149 137 177 169 062 205 090
0017 174 063 208 095 114 151 140 180
0018 117 154 143 183 182 091 209 125
0019 181 144 213 200 117 153 142 179
0020 173 190 208 239 119 152 147 177
0021 171 207 201 239 121 156 147 180
