0000 100 211 128 239 187 195 210 232
0001 100 212 128 239 189 195 211 232
0002 100 211 128 239 189 198 211 232
0003 099 212 128 239 187 196 210 234
0004 187 196 211 236 099 211 128 239
0005 191 195 215 236 100 210 126 239
0006 100 211 126 239 199 185 223 225
0007 099 210 126 238 204 157 240 193
0008 099 211 126 239 207 121 247 159
0009 100 209 126 239 214 085 242 121
0010 202 055 240 099 099 210 126 239
0011 201 052 236 091 104 210 127 237
0012 100 211 126 239 200 048 229 087
0013 101 210 124 234 196 040 231 083
0014 099 211 125 239 198 040 234 082
0015 102 208 124 235 198 040 233 081
0016 100 211 126 239 201 047 229 079
0017 099 210 125 239 198 044 232 082
0018 099 210 124 239 201 042 227 075
0019 099 210 124 239 195 043 227 079
0020 099 209 124 239 200 055 237 088
0021 099 209 124 239 200 057 237 090
0022 099 209 124 239 196 056 236 087
0023 199 050 234 088 099 209 124 239
0024 198 054 234 087 099 208 124 238
0025 099 210 124 239 194 054 232 086
0026 099 210 124 239 194 054 232 087
0027 099 210 124 239 199 048 226 082
0028 099 209 124 239 202 054 238 092
0029 200 056 241 090 100 208 124 234
0030 202 056 240 094 100 209 124 234
0031 201 047 238 088 100 210 125 239
0032 194 053 232 088 100 210 125 239
0033 190 056 231 087 100 209 124 234
0034 191 054 231 089 100 210 125 239
0035 102 209 126 236 195 049 233 089
0036 200 059 238 091 102 210 126 236
0037 100 209 124 234 203 059 239 092
0038 201 057 239 090 099 210 125 239
0039 199 051 235 090 099 210 124 239
0040 192 055 233 091 100 209 124 235
0041 100 212 125 239 185 060 231 096
0042 100 212 125 239 189 056 229 091
0043 099 212 125 239 197 058 229 091
0044 200 059 230 093 099 211 124 239
0045 098 211 124 239 199 059 229 095
0046 190 058 231 101 099 211 125 239
0047 189 075 227 117 099 211 125 239
0048 187 101 220 139 099 211 125 239
0049 193 133 220 170 099 212 125 239
0050 099 211 126 239 196 171 218 204
0051 099 212 127 239 192 186 215 226
0052 099 212 127 239 189 189 212 229
0053 100 211 127 239 188 195 210 233
0054 100 210 126 239 189 196 210 233
