0000 108 186 130 218 189 182 209 216
0001 108 185 128 218 188 179 209 214
0002 109 186 127 217 188 164 211 201
0003 107 182 127 218 173 130 212 163
0004 107 183 126 217 191 093 221 139
0005 108 185 128 218 206 083 228 118
0006 110 181 131 216 210 109 255 149
0007 110 181 131 217 217 122 260 146
0008 109 183 130 217 204 122 266 150
0009 106 182 128 219 204 122 264 150
0010 106 183 127 217 206 120 265 149
0011 106 181 128 217 216 123 260 146
0012 106 182 128 218 205 121 261 149
0013 107 181 127 217 216 115 261 140
0014 108 181 130 217 217 096 255 120
0015 107 182 130 217 210 079 250 113
0016 107 182 129 218 210 061 253 092
0017 211 050 253 084 107 181 127 216
0018 209 045 250 077 107 182 128 218
0019 213 047 248 082 108 181 128 216
0020 211 047 251 083 108 182 128 216
0021 212 051 252 087 108 182 128 217
0022 211 051 251 089 110 187 130 217
0023 111 187 128 217 212 042 236 075
0024 107 182 127 217 185 059 220 089
0025 107 182 128 218 171 083 211 110
0026 107 183 128 218 166 116 205 148
0027 107 184 128 218 180 148 207 180
0028 107 184 128 217 181 159 208 197
0029 107 185 128 219 184 174 207 208
0030 108 184 128 217 183 186 206 220
0031 108 184 130 218
0032 109 186 130 218 188 187 209 219
