0001 078 223 098 239
0008 161 194 194 234
0009 161 131 199 169
0010 184 113 220 150
0011 163 124 220 165
0012 169 129 222 167
0013 158 130 206 170
0014 159 130 215 169
0015 157 128 212 169
0016 160 126 220 163
0017 155 127 216 167
0018 158 128 218 169 072 219 095 239
0019 159 128 216 169
0020 163 127 221 162
0021 160 127 220 169 069 218 096 239
0022 165 127 223 161 074 225 098 239
0023 159 128 217 164 077 224 097 239
0024 157 128 217 164 071 216 096 239
0025 157 128 217 164 074 224 096 239
0026 158 127 216 163 074 224 096 239
0027 157 128 214 165
0028 158 127 216 165 074 222 100 239
0029 158 128 215 165
0030 171 143 209 173
0031 176 199 197 237
