0000 046 200 070 236 144 180 171 221
0001 047 198 072 235 142 175 178 216
0002 049 195 073 234 141 174 177 215
0003 052 200 075 236 137 180 171 219
0004 047 198 075 238 140 182 175 222
0005 049 198 078 239
0006 048 196 071 238 155 161 179 200
0007 046 197 071 235 156 145 188 186
0008 048 201 073 237 165 130 201 158
0009 048 197 071 235 164 123 207 148
0010 048 198 071 237 170 112 219 140
0011 048 199 070 238 169 111 226 140
0012 047 198 070 235 178 110 223 136
0013 044 200 068 239 169 109 230 138
0014 172 103 231 133 043 197 068 239
0015 042 191 069 235 177 112 224 135
0016 044 197 069 236 176 111 226 135
0017 044 196 069 236 180 107 225 132
0018 044 194 070 235 177 110 226 132
0019 045 199 067 236 176 107 226 132
0020 044 195 069 235 178 103 229 128
0021 041 194 070 238 178 089 235 121
0022 042 194 068 237 180 088 234 120
0023 042 195 070 238 183 093 231 122
0024 180 102 228 127 044 196 069 236
0025 041 196 069 236 179 109 229 132
0026 040 192 069 239 180 106 229 131
0027 040 196 067 236 176 104 235 131
0028 037 200 069 234 181 094 233 120
0029 183 089 234 119 041 196 066 239
0030 041 197 066 239 180 097 236 125
0031 038 195 067 238 183 105 232 129
0032 041 197 066 238 184 097 233 124
0033 185 088 234 116 038 195 063 237
0034 184 084 234 111 038 190 066 236
0035 184 079 235 113 036 193 063 236
0036 187 084 232 120 034 193 071 237
0037 039 189 069 237 179 123 221 144
0038 040 193 070 238 171 140 211 174
0039 040 193 069 235 169 165 196 207
0040 041 196 069 235 154 183 177 228
0041 148 187 168 219 043 194 067 238
0042 042 196 072 238 142 181 175 222
0043 047 200 069 237 149 183 170 218
0044 046 200 071 236 146 183 168 215
0045 141 179 174 222 045 194 070 235
