0008 006 214 037 239 102 211 143 239
0009 088 202 131 239 008 208 046 239
0010 083 184 129 239 007 194 058 239
0011 012 171 065 229 073 157 117 234
0012 021 155 074 211 070 139 115 205
0013 066 132 113 197 028 143 065 206
0014 067 128 110 190 027 139 076 197
0015 068 130 110 188 036 135 077 193
0016 037 133 086 193 070 131 116 193
0017 033 129 082 193 069 131 113 187
0018 041 128 084 191 070 129 116 188
0019 035 132 103 193
0020 039 131 083 192 074 126 120 191
0021 041 131 086 192 074 129 119 193
0022 042 129 083 193
0023 043 133 098 185
0024 041 133 113 191
0025 039 135 085 195
0026 045 136 112 194
0027 051 137 120 192
0028 048 129 100 188 080 139 116 193
0029 047 131 104 188
0030 045 138 123 190
0031 042 136 110 188
0032 037 135 097 190 076 135 122 188
0033 044 134 092 192 079 134 123 186
0034 044 133 110 185
0035 045 133 120 187
0036 046 134 122 187
0037 043 136 120 188
0038 041 134 112 187
0039 052 137 119 189
0040 047 138 116 193
0041 042 136 120 191
0042 043 140 118 195
0043 048 141 120 201
0044 049 143 121 198
0045 047 139 114 197
0046 048 133 114 190
0047 050 131 120 186
0048 049 132 118 185
0049 047 129 116 189
0050 054 134 124 187
0051 048 129 114 190
0052 049 131 111 188
0053 046 135 122 189
0054 079 146 121 204 036 150 081 205
0055 075 183 116 239 020 182 070 239
0056 010 205 054 239 088 207 130 239
0057 104 216 143 239 006 214 041 239
