0000 100 185 125 222 193 187 215 223
0001 101 187 126 222 191 192 212 225
0002 102 186 125 219 194 193 213 222
0003 099 185 121 216 194 193 215 225
0004 102 188 125 221 198 195 219 227
0005 195 191 216 225 109 186 128 214
0006 201 187 221 222 106 178 132 210
0007 107 172 133 204 203 177 224 216
0008 110 157 142 189 206 167 229 205
0009 112 142 149 173 202 142 238 175
0010 112 126 148 154 206 126 246 152
0011 103 109 128 153 215 099 258 139
0012 224 101 272 135 091 101 121 145
0013 087 093 123 136 225 095 267 134
0014 226 093 268 140 095 094 134 136
0015 227 091 268 141 092 091 132 130
0016 083 088 120 132 233 092 275 140
0017 233 100 284 143 084 089 120 133
0018 094 097 129 139 227 100 271 144
0019 225 097 264 142 095 100 132 140
0020 224 102 275 145 089 099 123 139
0021 224 105 270 150 092 101 125 144
0022 221 102 268 148 094 101 131 138
0023 224 104 265 145 089 099 123 139
0024 224 106 279 147 080 099 118 140
0025 224 106 268 149 087 097 124 139
0026 219 105 264 147 094 097 129 144
0027 223 107 272 150 086 096 124 137
0028 221 105 272 149 088 099 127 140
0029 221 106 265 148 089 100 125 141
0030 222 106 267 146 080 098 118 140
0031 221 106 272 147 080 099 117 140
0032 220 110 264 150 090 099 131 145
0033 218 107 262 150 091 098 130 144
0034 219 110 272 150 078 096 114 136
0035 218 115 264 151 086 102 126 144
0036 214 130 257 158 086 112 124 147
0037 088 125 125 157 215 143 240 180
0038 086 137 122 169 209 155 236 191
0039 090 151 124 185 207 167 232 204
0040 094 168 118 204 201 179 225 215
0041 196 186 218 225 096 179 120 217
0042 199 187 222 225 099 187 124 221
0043 101 186 122 220 200 196 216 226
0044 100 188 121 220 197 194 216 227
0045 104 191 125 223 201 193 220 224
0046 191 190 212 225 103 190 124 222
0047 194 189 216 224 100 188 122 220
0048 101 188 123 224 192 188 214 224
0049 102 189 123 223 192 189 214 226
0050 104 189 124 222 193 190 216 228 292 204 317 237
0051 103 187 125 224 192 191 215 229
0052 101 185 122 223 197 193 218 226
0053 104 184 126 222 191 193 214 229
0054 101 189 124 223 195 191 216 227
0055 101 188 122 223 189 197 212 229
