0004 183 179 223 237
0005 191 173 233 237
0006 154 198 185 236
0007 109 113 193 169
0008 093 095 178 149
0009 078 086 169 146
0010 082 080 173 141
0011 086 087 159 141
0012 083 093 158 143
0013 079 093 160 142
0014 072 097 160 145
0015 080 094 160 148
0016 079 099 166 147
0017 078 099 161 150
0018 073 100 159 147
0019 083 098 163 149
0020 080 094 158 146
0021 077 098 161 148
0022 080 101 168 154
0023 087 108 175 161
0024 105 129 177 189
0025 119 155 187 211
0026 145 200 189 237
0027 181 177 221 236
