0000 191 206 226 239
0001 193 204 227 239
0002 193 205 227 239
0003 192 205 227 239
0004 191 205 230 237
0005 190 202 230 237
0006 148 214 216 239
0007 140 193 208 233
0008 133 176 197 215
0009 128 161 189 200
0010 127 159 188 198 187 200 211 231
0011 122 152 186 193
0012 126 146 182 188 191 200 209 229
0013 124 149 185 192 191 200 209 229
0014 124 149 185 191
0015 121 150 188 193
0016 126 151 187 193
0017 125 152 186 193
0018 125 151 187 193
0019 125 152 184 193
0020 125 152 185 193
0021 125 154 182 193
0022 123 153 191 197
0023 126 155 182 195
0024 125 160 191 203
0025 128 173 187 221
0026 138 190 189 238
0027 156 211 200 239
0028 188 197 232 237
