0004 137 207 192 239
0005 123 181 198 236
0006 125 143 196 194
0007 120 117 197 166
0008 115 092 198 136
0009 113 079 187 126
0010 118 072 184 120
0011 117 073 188 115
0012 124 067 178 107
0013 120 062 185 112
0014 120 066 186 111
0015 120 066 183 111
0016 118 069 180 111
0017 120 068 181 108
0018 119 069 179 112
0019 119 068 184 110
0020 117 067 181 113
0021 116 068 183 112
0022 118 070 189 111
0023 115 066 185 114
0024 119 079 190 124
0025 122 103 189 153
0026 127 121 187 180
0027 127 169 181 225
0028 126 207 174 239
