0000 145 208 185 237 079 203 110 238
0001 145 208 190 238 079 203 110 238
0002 148 210 189 237 079 203 110 238
0003 144 208 190 239 079 203 110 237
0004 140 210 187 239 079 203 110 237
0005 142 208 188 237 078 204 111 235
0006 139 204 193 238 073 204 113 239
0007 140 200 190 239 077 202 110 235
0008 139 184 187 239 078 203 110 235
0009 129 175 185 237 074 205 112 239
0010 131 159 192 222 079 204 109 238
0011 074 205 113 239 126 147 186 209
0012 124 141 189 199 073 205 113 239
0013 125 135 189 196 074 203 113 239
0014 123 137 188 192 074 205 113 239
0015 074 205 113 239 123 137 186 193
0016 074 205 113 239 128 139 187 191
0017 079 203 109 237 128 138 186 190
0018 079 203 109 237 119 136 190 188
0019 079 203 109 237 125 138 190 189
0020 079 203 109 237 119 137 187 188
0021 122 140 185 190 079 203 109 237
0022 121 140 184 190 079 203 109 238
0023 120 139 185 189 079 203 109 238
0024 079 204 109 238 125 135 189 184
0025 079 204 109 238 120 135 183 184
0026 079 204 109 238 119 134 185 183
0027 079 204 109 238 119 135 186 187
0028 123 134 186 182 080 203 109 238
0029 079 202 110 238 122 136 185 182
0030 079 203 110 238 117 140 184 187
0031 079 203 110 238 121 134 186 180
0032 079 203 110 238 121 133 186 180
0033 079 203 110 238 121 134 185 179
0034 079 203 110 238 122 133 185 179
0035 079 203 110 238 121 136 183 188
0036 079 203 110 238 124 140 184 186
0037 079 204 110 238 123 152 184 202
0038 079 206 109 238 129 173 185 231
0039 132 189 181 239 079 203 109 238
0040 079 203 109 237 139 201 190 239
0041 142 202 197 238 078 202 109 238
0042 078 202 109 238 143 201 195 238
0043 078 202 109 238 143 202 194 238
0044 074 202 114 239 143 202 194 238
0045 078 203 109 238 143 202 194 239
0046 078 203 109 238 144 203 194 238
0047 144 203 194 238 078 203 109 238
