0000 040 208 068 239
0001 040 207 068 239
0009 141 214 176 239
0010 120 179 185 232
0011 111 152 181 203 204 152 242 193
0012 111 146 175 190
0013 107 138 171 188
0014 101 130 169 180
0015 101 127 168 176
0016 103 123 166 170
0017 100 125 166 177
0018 098 125 166 178
0019 099 126 165 179
0020 099 126 166 179
0021 096 124 166 177
0022 095 128 167 178
0023 098 126 167 178
0024 098 128 166 177 042 206 079 238
0025 098 129 166 177 041 201 077 238
0026 098 128 168 177 042 206 078 238
0027 098 127 169 177 042 206 078 238
0028 097 127 168 177
0029 102 125 168 178 041 205 079 238
0030 103 131 168 175
0031 098 127 168 174
0032 103 128 166 175 039 202 078 239
0033 102 126 167 178 039 204 078 239
0034 104 118 171 178 039 204 078 239
0035 106 128 174 185
0036 110 151 177 211 042 204 073 235
0037 115 190 178 239
0038 152 218 190 238
0039 173 195 205 235
0048 037 204 074 236
