0004 150 220 185 239 048 224 088 239
0005 140 214 184 239 058 221 094 238
0006 127 201 167 239 059 210 103 238
0007 054 202 106 239 127 188 171 235
0008 130 174 172 220 054 189 104 232
0009 129 163 171 203 064 175 108 217
0010 067 165 112 206 129 156 169 197
0011 069 161 109 203 130 161 166 200
0012 073 165 111 206 126 164 167 207
0013 073 164 113 207 127 166 167 207
0014 070 166 111 210 128 163 164 208
0015 069 169 109 211 126 162 165 210
0016 125 162 167 210 070 173 111 217
0017 069 172 111 216 129 164 165 213
0018 128 164 164 210 068 172 112 216
0019 069 172 112 217 128 165 164 210
0020 069 173 115 217 124 167 168 210
0021 124 167 167 211 070 171 113 216
0022 126 169 167 213 069 172 116 216
0023 070 172 118 216 123 169 167 213
0024 072 172 119 217 123 169 167 209
0025 123 169 166 209 073 169 117 216
0026 123 168 167 213 072 168 115 216
0027 123 167 161 214 075 171 117 217
0028 123 167 161 215 075 171 117 217
0029 123 169 160 215 075 170 117 216
0030 126 166 164 214 073 170 118 214
0031 126 170 167 215 072 169 118 215
0032 124 170 166 218 072 170 117 214
0033 125 167 165 218 075 171 116 215
0034 126 170 166 217 074 170 116 214
0035 126 170 166 217 074 170 116 214
0036 124 168 166 217 074 169 112 216
0037 124 168 165 216 074 169 116 217
0038 123 164 164 215 074 169 114 217
0039 124 163 163 212 073 167 115 213
0040 120 168 163 213 077 172 109 216
0041 124 168 162 211 075 170 112 216
0042 122 167 164 209 076 172 110 217
0043 122 167 165 209 074 170 113 216
0044 122 167 164 210 075 170 113 216
0045 123 163 163 212 077 172 111 217
0046 123 163 162 212 074 170 116 216
0047 122 163 162 212 074 170 116 216
0048 122 163 162 212 075 171 116 216
0049 122 168 163 213 075 172 116 216
0050 122 169 163 214 075 172 116 216
0051 122 169 162 214 075 172 115 216
0052 122 164 163 212 076 171 116 215
0053 122 163 163 212 076 170 116 215
0054 123 167 164 210 075 168 115 215
0055 077 170 112 218 124 166 164 210
0056 120 165 164 216 076 170 114 216
0057 119 166 163 215 075 168 113 218
0058 120 164 164 214 076 167 111 218
0059 121 160 162 212 076 164 111 218
0060 120 159 161 212 077 164 111 215
0061 119 159 162 212 076 161 110 213
0062 120 159 161 210 077 160 110 210
0063 120 159 161 210 077 160 110 210
0064 119 159 162 210 076 159 110 210
0065 120 158 162 210 076 159 110 210
0066 120 158 163 210 077 162 110 211
0067 119 159 162 209 077 161 110 211
0068 117 159 162 205 078 162 110 209
0069 117 159 163 205 077 163 111 210
0070 117 159 162 206 075 158 112 210
0071 118 162 158 209 076 160 111 210
0072 117 163 157 209 076 162 109 209
0073 117 163 157 212 076 162 110 209
0074 117 164 157 208 076 163 110 210
0075 121 162 162 209 077 161 111 208
0076 121 162 162 209 078 161 110 208
0077 118 163 156 209 078 164 109 212
0078 076 169 110 218 120 164 164 212
0079 120 173 162 224 069 184 111 233
0080 121 192 162 239 061 204 097 238
0081 132 213 174 239
