0010 139 208 176 237 054 220 083 239
0011 056 187 087 228 147 179 190 216
0012 061 158 102 191 155 150 186 188
0013 073 144 102 174 155 140 186 178
0014 078 140 108 169 156 137 183 173 176 164 201 203
0015 153 135 184 170 081 138 109 170
0016 153 134 183 168 078 135 111 169
0017 146 136 185 169 084 143 116 172
0018 146 135 184 169 084 142 113 171
0019 148 133 180 170 087 143 115 175
0020 150 133 180 168 086 140 120 172
0021 148 135 182 167 086 139 121 174
0022 146 141 183 175 086 145 121 177
0023 145 145 181 179 078 152 118 186
0024 148 159 179 197 075 165 110 209
0025 144 186 180 229 061 194 102 236 173 176 204 210
0026 140 209 177 237
