0001 171 186 192 227
0006 171 126 213 159 119 200 135 226
0007 160 073 200 117 114 199 132 227
0008 117 195 134 226 171 053 195 089
0009 117 198 136 227
0010 145 025 179 063 117 197 135 227
0011 140 040 177 068 116 195 133 224 169 066 200 112
0012 149 047 186 076 178 070 203 110 114 194 132 223
0013 183 074 205 112 111 190 132 223
0014 185 067 207 111 112 194 134 225
0015 175 027 216 064 183 066 202 110
0017 144 039 169 064 170 068 205 111
0018 177 075 199 114 151 047 176 073
0019 109 195 129 221 181 069 204 109
0020 109 195 132 226 184 069 203 111
0021 183 033 211 073 109 196 131 226
0022 177 064 201 105
0023 153 041 178 068
0024 150 049 185 076
0025 112 200 130 224 181 076 208 116
0026 107 193 128 223
0027 110 196 132 228
0028 209 080 245 123 112 197 131 230
0029 108 199 126 230 218 128 241 161
0030 198 176 230 212
