0013 198 200 250 239
0014 196 163 248 208
0015 197 128 249 187
0016 202 105 245 181
0017 194 092 244 162
0018 193 088 241 155
0019 196 081 243 147
0020 199 078 254 147
0021 199 077 256 149
0022 197 078 258 154
0023 195 091 257 161
0024 187 118 260 179
0025 191 147 253 205
0026 185 173 250 219
0027 194 186 245 235
0028 187 200 240 239
0029 181 196 235 230
0030 189 199 241 239
0031 187 198 240 238
0032 189 197 241 234
0033 187 189 237 228
0034 186 192 240 235
0035 187 191 238 232
0036 185 182 237 230
0037 181 179 235 223
0038 186 174 236 226
0039 182 173 234 219
0040 186 167 237 213
0041 187 166 239 213
0042 185 168 236 211
0043 186 163 233 205
0044 186 164 231 206
0045 185 164 230 205
0046 186 163 230 204
0047 184 170 230 206
0048 188 169 234 213
0049 191 187 233 235
0050 190 215 228 239
0056 094 206 127 236
