0000 190 120 210 153
0003 190 120 210 153
0004 190 119 210 152
0005 190 119 211 153
0006 190 119 211 154
0007 189 118 211 154
0008 146 217 176 239
0009 128 204 181 237
0010 135 175 185 229
0011 133 157 183 208
0012 135 134 186 183
0013 138 137 187 182
0014 134 133 186 183
0015 131 146 188 198
0016 131 155 191 202
0017 133 159 193 202
0018 132 155 188 207
0019 135 165 189 210
0020 135 168 189 214
0021 135 163 187 217
0022 135 165 188 213
0023 133 165 190 213
0024 135 161 189 209
0025 136 157 189 205
0026 131 158 187 208
0027 132 153 187 209
0028 132 155 187 209
0029 131 168 184 216
0030 127 180 183 231
0031 132 196 182 239
0032 135 215 179 239
