0005 111 219 171 239
0006 110 184 159 229
0007 111 156 160 199
0008 111 134 162 183
0009 107 113 162 166
0010 109 098 156 164
0011 106 097 157 159
0012 113 097 160 167
0013 115 101 160 169
0014 110 096 159 165
0015 110 093 162 157
0016 122 094 167 173
0017 126 115 166 186
0018 123 149 181 209
0019 124 147 175 206
0020 125 151 175 202
0021 126 149 176 203
0022 126 152 176 205
0023 126 153 176 205
0024 128 150 175 208
0025 127 156 176 210
0026 125 161 177 216
0027 125 165 173 215
0028 118 174 174 228
0029 114 201 168 239 015 214 045 236
0030 018 210 054 239
0031 022 212 061 239
0032 024 210 060 239
0033 023 208 066 239
0034 025 209 072 238
0035 027 209 072 238
0036 029 212 072 237
0037 025 209 079 237
0038 029 212 074 238
0039 030 213 074 238
0040 029 213 077 237
0041 029 213 077 237
