0005 150 217 181 239
0006 138 192 179 239
0007 165 107 202 153
0008 193 061 239 128
0009 207 082 258 131
0010 226 102 292 136
0011 198 081 243 119
0012 188 030 221 083
0013 202 075 242 110
0014 201 096 272 134
0015 196 056 246 101
0016 202 090 247 122
0017 207 107 277 143
0018 182 097 223 129
0019 185 042 230 102
0020 198 079 255 116
0021 192 095 262 132
0022 187 064 237 107
0023 209 084 259 120
0024 208 101 271 139
0025 174 090 225 133
0026 193 041 240 095
0027 204 075 254 117
0028 194 092 262 129
0029 187 057 232 103
0030 203 059 242 102
0031 195 106 262 144
0032 180 092 222 132
0033 189 042 228 095
0034 206 060 250 102
0035 202 090 266 133
0036 182 110 236 153
0037 175 091 220 143
0038 176 081 214 142
0039 170 120 208 174
0040 164 162 203 205
0041 149 209 192 239
0042 150 215 182 239
0043 146 211 179 239
0045 149 214 179 239
0047 012 208 051 239
0048 007 202 052 239
0049 009 205 049 239
0050 009 208 053 239
0051 011 209 052 239
0052 008 205 049 239
0053 008 207 049 239
0054 005 206 050 239
0055 008 208 047 239
0056 003 210 047 239
