0002 143 219 173 239
0003 144 159 181 203
0004 147 097 186 158
0005 149 064 189 113
0006 152 043 186 100
0007 147 035 185 087
0008 148 031 187 084
0009 146 031 186 084
0010 148 031 188 085
0011 153 026 191 085
0012 158 024 195 088
0013 164 031 204 101
0014 168 046 209 111
0015 172 059 207 124
0016 172 080 202 133
0017 169 093 197 143
0018 166 092 200 140
0019 168 092 196 144
0020 167 092 196 144
0021 167 091 196 145
0022 167 090 197 144
0023 168 093 197 144
0024 164 096 197 152
0025 156 142 195 193
0026 145 173 183 233
0027 140 211 176 239
