0000 188 195 208 230 110 212 132 235
0001 189 195 210 231 107 209 129 237
0002 188 192 208 230 110 212 132 235
0003 109 216 129 238 188 180 209 212
0004 192 136 214 163 112 211 131 234
0005 112 212 131 235 194 100 218 132
0006 113 212 132 235 201 085 239 127
0007 223 105 263 141 112 212 131 235
0008 112 210 131 235 231 142 275 185
0009 106 214 132 239 230 145 265 185
0010 107 214 132 239 230 145 269 187
0011 110 213 131 235 232 145 268 185
0012 110 213 131 235 232 143 269 186
0013 107 211 131 239 229 140 272 186
0014 111 213 132 235 220 130 261 165
0015 111 212 132 234 188 100 227 138
0016 110 212 131 235 179 111 214 146
0017 170 132 204 164 108 211 132 239
0018 172 149 196 185 112 210 131 235
0019 179 170 205 210 112 205 135 235
0020 186 189 207 230 113 208 135 238
0021 187 194 210 232 109 208 130 237
0022 190 192 213 233 113 211 132 236
0023 190 194 210 231 109 214 130 238
0024 189 194 209 230 107 209 128 238
0025 188 194 209 232 107 209 128 238
0026 188 194 210 230 107 209 128 237
0027 107 209 128 238 188 195 208 230
0028 189 196 209 230 111 211 131 235
