0000 062 187 085 225 159 197 185 237
0001 064 187 086 225 158 198 185 238
0002 066 187 086 221 161 197 184 235
0003 159 195 185 236 066 182 089 219
0004 158 197 183 236 068 183 093 221
0005 160 194 183 231 071 179 096 219
0006 156 192 183 231 072 175 098 212
0007 155 191 180 229 068 172 095 208
0008 136 181 172 221 074 169 101 205
0009 073 165 107 197 124 159 163 192
0010 080 148 120 178 108 127 155 162
0011 084 143 127 170 111 118 156 148
0012 087 127 130 157 108 104 160 135
0013 091 117 136 144 100 095 157 124
0014 099 097 150 137
0015 096 087 147 126
0016 095 085 150 120
0017 106 081 152 122
0018 106 072 146 118
0019 105 068 146 118
0020 103 063 145 116
0021 103 065 147 125
0022 105 081 148 121 101 056 139 093
0023 093 061 138 100 110 096 151 120
0024 092 072 137 104
0025 091 079 152 108
0026 094 086 156 112
0027 096 084 155 112
0028 100 080 150 106
0029 099 070 156 100
0030 102 063 154 093
0031 110 062 153 095
0032 116 060 154 102
0033 110 061 152 103
0034 107 058 146 108
0035 108 060 150 116
0036 113 074 158 119 103 061 145 097
0037 102 062 141 095 106 082 155 112
0038 102 072 162 112
0039 099 074 164 111
0040 101 082 159 111
0041 102 079 161 108
0042 104 082 158 112
0043 101 080 155 108
0044 102 071 163 102
0045 103 069 150 101
0046 107 065 156 102
0047 105 069 145 106
0048 104 069 152 120
0049 099 076 144 125
0050 096 083 145 132
0051 103 099 158 144
0052 120 122 163 157 085 117 118 153
0053 073 140 112 174 128 147 168 180
0054 147 162 178 205 071 163 109 200
0055 160 175 190 219 066 171 089 209
0056 168 187 192 228 063 184 086 220
0057 171 193 193 232 061 193 085 226
0058 170 197 192 233 061 190 082 223
0059 168 194 190 228 061 185 080 218
0060 165 192 185 230 059 184 080 218
0061 167 200 186 233 061 186 083 223
0062 164 194 184 231 059 182 081 219
0063 157 199 181 231 062 186 084 220
0064 153 195 183 232 065 188 087 224
0065 151 194 179 232 062 183 085 222
0066 153 196 180 232 065 188 086 224
0067 063 185 086 224 155 195 181 230
0068 155 196 180 230 066 187 088 220
0069 157 193 185 234 065 189 086 225
