0009 070 215 128 239 114 212 157 239
0010 070 176 132 218 045 220 093 239
0011 069 155 125 198 048 202 104 237
0012 052 192 106 239 069 144 124 186
0013 057 173 109 219 061 139 126 181
0014 060 164 113 209 053 128 114 167
0015 060 130 116 191
0016 054 124 120 172
0017 048 126 118 175
0018 057 109 116 148 046 146 110 185
0019 054 150 112 189 055 105 110 144
0020 053 107 105 150 057 145 116 183
0021 049 110 103 154 056 141 116 182
0022 042 121 109 165
0023 043 124 099 173
0024 042 133 097 176 063 094 121 132
0025 055 082 114 129 055 133 105 174
0026 049 096 114 139 060 117 119 167
0027 046 108 113 150
0028 043 114 110 160
0029 039 122 105 170
0030 052 092 107 139 046 136 103 179
0031 036 099 096 144 054 136 112 176
0032 036 110 099 158
0033 065 096 122 135 035 122 088 167
0034 059 083 113 123 042 124 099 169
0035 056 077 115 121 054 123 105 164
0036 046 083 108 130 050 111 109 155
0037 045 094 111 142
0038 037 118 106 163
0039 031 129 100 170 051 087 103 133
0040 045 136 104 173 050 091 103 139
0041 048 100 100 149 047 126 111 172
0042 039 114 104 159
0043 035 115 101 160 055 090 115 128
0044 050 080 110 122 046 124 098 165
0045 049 100 110 149
0046 047 125 117 175
0047 054 139 110 187
0048 054 169 137 211
0049 076 205 125 239 044 206 085 239
0050 112 219 165 239
