0000 151 190 171 215
0001 067 143 093 179 149 183 170 214
0002 149 188 167 217
0003 066 170 086 196 153 188 171 215
0004 067 176 087 203 152 187 171 215
0005 067 179 089 208 152 188 171 215
0006 063 178 086 209 152 186 172 215
0007 048 176 075 205 155 188 175 217
0008 151 182 175 216 032 173 059 200
0009 016 165 044 192 157 181 180 217
0010 159 177 185 215 005 156 041 182
0011 168 183 194 215 005 149 038 173
0012 172 177 198 215 002 151 035 171
0013 168 181 206 211 001 150 030 173
0014 172 182 209 209 003 151 031 176
0015 184 173 220 206 002 152 035 176
0016 005 156 034 179 193 157 234 187
0017 005 156 040 183
0018 183 085 234 118 005 156 034 180
0019 009 158 035 179 190 032 231 082
0020 184 001 209 050 006 156 035 183
0021 177 000 199 032 006 155 035 181
0022 006 156 035 182
0023 003 159 037 180 164 033 187 076
0024 004 156 034 180 141 000 173 021 160 035 184 071
0025 006 156 035 182 138 000 171 023 159 033 184 072
0026 004 157 035 179 144 000 170 018
0027 148 001 174 019 002 156 036 178 163 040 187 075
0028 004 156 036 179 153 000 182 026 165 036 189 078
0029 004 156 036 179 161 001 186 029 167 037 192 078
0030 169 003 197 044 004 157 036 180 173 048 196 087
0031 004 157 040 183 180 052 210 100
0032 005 157 041 184 182 092 210 125
0033 183 124 219 157 009 157 037 183
0034 186 150 212 183 006 156 043 183
0035 007 156 044 183 176 162 214 200
0036 176 173 205 211 011 157 044 180
0037 012 157 045 180 171 180 201 213
0038 170 188 194 217 013 159 043 185
0039 011 159 045 187 167 189 191 218
0040 165 181 200 217 010 161 040 185
0041 010 163 039 185 176 170 206 203
0042 009 162 038 186 175 146 210 182
0043 008 162 037 185 174 109 213 138
0044 174 072 203 114 008 162 038 185
0045 173 053 198 095 009 163 038 186
0046 165 032 193 075 010 162 039 185
0047 157 021 186 062 009 163 038 187
0048 153 020 180 056 011 162 040 184
0049 149 019 178 053 013 159 041 186
0050 150 014 179 054 012 161 039 187
0051 150 014 179 053 012 161 039 187
0052 149 012 179 056 013 162 040 186
0053 149 013 176 055 011 161 040 185
0054 152 015 178 051 013 159 044 187
0055 149 013 178 057 012 161 039 186
0056 152 012 180 056 013 161 040 185
0057 159 019 185 065 015 164 041 184
0058 167 034 193 078 014 162 040 186
0059 014 160 042 188 174 069 201 103
0060 181 104 212 132 016 162 043 188
0061 177 120 228 150 013 160 046 187
0062 188 148 216 178 014 161 049 188
0063 018 164 047 189 185 175 215 205
0064 016 162 054 191 182 182 206 211
0065 016 162 053 191 171 183 194 217
0066 017 162 053 192 167 186 189 217
0067 016 163 053 192 160 186 184 216
0068 021 164 051 190 152 184 188 222
0069 023 166 057 195 159 188 189 222
0070 029 169 060 197 158 192 178 221
0071 042 176 065 201 148 187 169 218
0072 047 174 070 203 143 188 164 212
0073 054 171 076 203 141 181 162 213
0074 063 168 085 206 140 181 164 211
0075 140 181 164 211 065 161 087 195
0076 074 157 094 187 140 179 164 210
0077 075 151 096 183 141 181 163 213
0078 079 145 100 174 141 182 161 211
