0005 175 188 207 229
0006 173 149 210 184
0007 177 092 209 131
0008 183 043 210 089
0009 181 038 207 077
0010 184 047 206 078
0011 182 061 201 086
0012 173 068 197 092
0013 178 068 199 099
0014 177 061 200 094
0015 174 049 201 083
0016 177 042 204 085
0017 174 053 209 104
0018 172 088 205 128
0019 170 117 206 147
0020 169 110 206 138
0021 175 072 206 115
0022 175 054 207 101
0023 178 036 206 079
0024 181 042 202 076
0025 181 054 200 080
0026 181 065 200 094
0027 185 068 206 096
0028 182 067 203 093
0029 183 070 203 092
0030 186 063 207 094
0031 186 060 207 092
0032 176 067 209 107
0033 170 076 209 118
0034 173 138 211 183
0035 186 196 212 239
0036 188 222 213 239
