0003 163 219 190 239
0004 141 148 185 186
0005 150 083 187 126
0006 158 048 199 098
0007 173 041 201 085
0008 178 049 202 082
0009 179 067 203 090
0010 183 078 204 103
0011 184 081 204 106
0012 182 072 205 100
0013 170 050 200 097
0014 162 061 197 120
0015 151 107 192 146
0016 146 146 189 174
0017 140 144 184 174
0018 140 110 183 145
0019 143 085 187 126
0020 154 052 198 099
0021 177 048 205 084
0022 179 056 204 085
0023 184 073 207 100
0024 185 082 208 111
0025 184 084 209 107
0026 186 076 207 100
0027 184 075 209 106
0028 176 080 211 128
0029 186 125 212 166
0030 188 191 216 235
0031 188 224 212 239
