0005 216 199 257 239
0006 225 182 294 236
0007 235 152 302 211
0008 217 131 282 189
0009 196 124 244 182
0010 170 121 208 178
0011 129 112 177 174
0012 083 110 130 167
0013 058 114 130 162
0014 057 111 120 160
0015 067 116 127 166
0016 116 110 166 167
0017 161 106 206 170
0018 194 102 239 168
0019 227 113 288 170
0020 242 108 308 168
0021 228 109 296 169
0022 207 108 262 170
0023 166 106 203 169
0024 099 111 155 166
0025 078 112 134 167
0026 085 116 139 170
0027 089 115 143 169
0028 092 116 146 171
0029 094 115 148 170
0030 099 130 150 180
0031 115 165 167 219
