0000 106 213 144 239 057 207 091 238
0001 106 213 144 239 058 209 090 238
0002 107 208 146 239 059 208 090 238
0003 107 208 146 239 059 210 089 238
0004 059 209 090 239 107 207 146 239
0005 059 209 090 238 107 207 146 239
0006 106 208 143 239 061 206 095 235
0007 110 198 151 239 059 208 090 238
0008 058 208 092 239 120 171 157 204
0009 057 208 091 239 122 149 161 194
0010 059 207 087 239 129 116 167 167
0011 058 207 092 239 139 101 175 160
0012 139 104 185 160 058 206 093 238
0013 140 113 183 164 057 206 093 239
0014 060 204 089 235 136 126 177 175
0015 057 205 092 238 115 132 154 179
0016 060 208 088 239 103 123 136 173
0017 079 108 127 159 062 208 091 238
0018 058 207 091 238 062 091 102 137
0019 061 209 094 238 051 082 102 129
0020 059 091 108 138 061 208 090 238
0021 062 105 115 151 057 208 090 237
0022 057 206 090 236 083 114 133 163
0023 112 122 156 169 058 209 091 237
0024 058 205 093 238 142 112 177 164
0025 058 205 093 239 155 098 200 149
0026 059 205 092 239 148 100 195 148
0027 058 208 093 239 133 109 171 160
0028 106 118 148 163 059 208 091 238
0029 058 208 092 239 069 108 109 149
0030 051 090 094 139 059 210 089 239
0031 057 106 102 146 060 207 089 238
0032 060 208 089 238 085 118 125 168
0033 058 208 091 239 109 124 146 183
0034 058 207 091 238 121 133 153 184
0035 058 207 092 239 116 152 153 192
0036 056 205 093 239 106 176 147 207
0037 057 208 092 239 098 191 141 229
0038 059 209 088 239 104 214 143 239
0039 059 205 094 239 104 209 144 239
0040 060 208 090 239 108 207 143 239
0041 062 207 091 239 105 209 140 239
0042 061 205 089 237 105 211 140 239
0043 060 209 088 239 103 213 141 239
0044 061 208 091 238 105 209 140 239
0045 057 205 089 236 104 206 143 239
0046 061 206 090 238 106 206 142 239
0047 060 207 087 238 108 209 146 239
0048 057 207 092 239 101 212 144 239
0049 057 205 093 239 105 206 145 239
0050 058 206 092 239 106 205 143 239
