0000 053 153 101 203 149 141 201 199
0001 056 156 101 207 148 145 203 199
0002 053 155 101 203 151 143 198 200
0003 053 155 102 203
0004 056 154 095 202
0005 054 157 101 202 112 081 173 122
0006 055 161 102 204 110 076 178 119
0007 052 157 107 200 146 075 190 120
0008 053 156 102 206 172 061 229 107
0009 053 155 106 204 183 058 238 113
0010 051 156 103 203 163 069 217 109
0011 050 160 103 204 138 072 198 118
0012 055 153 094 207 120 062 183 109
0013 052 157 104 205 113 054 186 098
0014 052 155 104 201 114 059 180 108
0015 053 157 103 206 150 069 218 116
0016 051 160 104 203 163 068 214 112
0017 051 155 099 204 172 057 222 104
0018 053 155 104 201 158 062 203 110
0019 145 062 190 113 055 156 094 207
0020 113 060 184 107 052 155 103 200
0021 050 156 098 203 117 052 179 097
0022 058 161 097 203 118 058 192 102
0023 055 158 105 205 124 057 185 106
0024 049 156 098 206 153 068 200 115
0025 049 162 099 205 169 068 222 114
0026 176 059 229 111 055 163 106 203
0027 179 054 231 107 049 155 094 209
0028 177 053 230 105 052 156 103 205
0029 053 155 099 205 173 053 225 107
0030 058 159 098 206 163 061 219 111
0031 053 155 103 205 167 085 208 130
0032 049 158 096 208 157 099 201 142
0033 050 157 101 207 156 122 197 162
0034 051 157 097 206 151 133 200 178
0035 050 157 098 205 141 146 187 194
0036 052 158 103 205 145 151 193 199
0037 055 155 101 206 142 152 194 198
0038 054 155 102 207 149 149 199 199
0039 050 155 097 205 143 151 197 206
