0000 063 201 098 237 113 214 155 239
0001 111 215 154 239 064 206 094 235
0002 110 213 153 239 059 204 096 237
0003 110 213 154 239 061 205 097 237
0004 061 205 098 238 110 210 151 239
0005 111 213 155 239 062 202 097 237
0006 113 212 150 238 059 204 097 239
0007 113 212 150 238 066 205 100 237
0008 117 212 154 239 059 206 098 237
0009 111 213 153 239 066 207 100 238
0010 117 208 156 239 059 206 099 237
0011 058 205 097 237 121 179 163 211
0012 060 206 092 238 131 152 172 192
0013 063 203 098 237 146 112 179 163
0014 062 205 096 237 152 091 187 150
0015 160 090 195 148 064 207 100 238
0016 162 099 209 151 058 205 097 237
0017 062 204 095 235 159 121 209 165
0018 143 146 187 182 060 203 098 234
0019 059 205 098 235 123 145 161 185
0020 087 143 139 186 059 206 100 236
0021 059 206 099 237 061 126 105 171
0022 041 103 089 149 059 207 098 238
0023 034 090 086 135 064 206 102 237
0024 038 087 091 137 061 203 097 238
0025 048 100 101 143 061 204 098 239
0026 075 107 128 152 055 204 096 238
0027 065 208 101 239 117 113 161 165
0028 062 205 097 238 144 104 184 147
0029 065 209 100 238 163 097 214 142
0030 164 094 218 141 063 205 103 238
0031 145 099 190 144 058 206 093 237
0032 066 207 100 237 114 106 154 151
0033 059 204 097 236 077 113 126 164
0034 048 100 090 146 055 203 096 236
0035 027 099 076 140 059 205 090 235
0036 040 103 097 144 056 203 096 237
0037 075 108 126 154 062 205 096 239
0038 059 206 099 238 131 117 163 172
0039 060 205 097 236 156 114 202 157
0040 166 105 213 150 064 207 095 234
0041 060 205 099 237 148 113 193 154
0042 058 206 097 238 118 124 150 174
0043 060 205 098 236 075 125 128 173
0044 047 118 097 160 059 207 097 236
0045 053 118 107 165 059 206 098 237
0046 089 127 130 177 058 206 093 239
0047 062 202 098 238 121 156 156 197
0048 060 201 098 239 131 168 170 204
0049 058 206 095 237 123 184 162 216
0050 057 205 097 237 106 200 154 234
0051 110 208 148 239 065 206 100 238
0052 059 205 099 239 113 208 147 239
0053 064 206 096 234 111 215 149 239
0054 105 212 148 239 059 203 098 236
0055 111 212 153 239 060 202 100 234
0056 109 209 147 239 059 203 099 236
