0007 133 218 166 237
0008 138 192 166 227 163 179 186 208
0009 139 145 176 193
0010 149 117 176 164
0011 145 108 181 162
0012 153 109 183 165
0013 147 112 184 165
0014 150 110 178 160
0015 145 110 183 160
0016 154 110 183 161
0017 156 113 184 165
0018 154 106 185 164
0019 155 106 186 160
0020 160 112 187 162
0021 153 112 190 161
0022 152 107 183 154
0023 151 105 190 156
0024 154 107 193 156
0025 156 104 187 155
0026 153 104 184 149
0027 154 114 180 158
0028 148 139 176 186
0029 141 188 172 227
0030 157 181 182 222 134 218 169 236
0031 152 187 179 230
