0004 032 208 087 239
0005 030 213 086 239 110 224 149 239
0006 108 210 149 239 039 212 082 237
0007 107 189 148 229 031 209 083 239
0008 104 178 148 223 031 213 082 239
0009 095 168 142 214 025 210 079 239
0010 086 162 135 208 028 211 079 239
0011 080 164 128 210 028 211 079 239
0012 081 163 130 209 025 211 078 239
0013 091 163 140 208 026 210 079 239
0014 095 164 145 213 026 210 080 239
0015 109 169 149 211 027 209 079 239
0016 113 170 153 212 030 210 084 239
0017 110 166 151 210 030 210 084 239
0018 104 163 151 210 030 210 084 239
0019 095 158 145 206 027 210 078 239
0020 094 159 137 205 026 209 078 239
0021 088 162 136 204 027 209 079 239
0022 093 163 142 209 027 210 079 239
0023 100 169 150 209 027 210 079 239
0024 101 171 151 209 027 210 079 239
0025 101 167 148 212 027 210 078 239
0026 103 167 150 209 036 215 080 239
0027 099 166 150 209 034 210 080 239
0028 095 170 143 216 027 211 072 239
0029 095 185 139 225 021 218 055 237
0030 091 196 140 235
0031 094 207 141 238
0032 108 215 151 239
