0004 178 157 219 214
0005 176 156 219 215
0006 129 216 171 239
0008 176 126 236 233
0009 172 094 242 196
0010 153 084 221 190
0011 093 093 154 217 078 163 142 231
0012 108 095 178 195
0013 161 104 236 202 139 194 198 238
0014 187 109 260 202 162 169 213 236
0015 150 100 222 207 128 183 180 237
0016 095 086 150 212
0017 115 096 186 210 108 174 166 235
0018 151 098 227 205 137 186 187 238
0019 209 109 258 204 169 195 211 237
0020 152 106 222 219 134 201 190 239
0021 110 117 172 224
0022 096 130 159 232
0023 151 121 180 171 081 220 134 237
