0004 148 178 194 234
0005 154 153 188 208
0006 194 107 230 169 152 167 175 207
0007 207 095 247 145
0008 216 088 258 138
0009 222 090 270 136
0010 223 092 271 139
0011 223 093 270 139
0012 224 088 267 137
0013 216 080 251 141 158 173 184 210
0014 194 085 238 140 158 174 185 208
0015 185 088 231 139
0016 193 083 234 136
0017 209 079 250 133
0018 213 093 262 141
0019 214 095 265 142
0020 220 085 254 138
0021 205 085 241 141
0022 185 087 231 136
0023 186 085 231 135
0024 206 080 243 139
0025 213 090 261 139
0026 215 097 265 143
0027 215 087 252 141
0028 201 083 239 137
0029 191 083 231 134
0030 192 083 233 136
0031 209 082 247 134
0032 215 099 266 145
0033 214 102 267 145
0034 218 090 253 142
0035 197 087 236 140 152 182 180 208
0036 183 089 227 137
0037 186 089 229 144
0038 188 093 233 150
0039 185 116 227 163
0040 180 141 223 203
0041 167 176 205 230
0042 155 196 191 235
0043 005 217 046 239 139 191 186 237
0044 007 211 056 238
0045 012 208 060 239
0046 016 208 064 238
0047 013 208 063 239
0048 014 209 066 239
0049 013 211 062 239
0050 017 211 063 239
0051 017 212 063 239
0052 016 212 063 238
0053 016 213 064 238
