0000 228 169 259 217
0001 230 170 260 216
0002 230 169 258 210
0003 229 166 259 210
0004 231 169 260 206
0005 232 170 260 203
0006 229 168 258 209
0007 229 167 266 207
0008 233 170 262 204
0009 230 165 261 203
0010 233 165 260 204 121 223 163 239
0011 232 169 263 208 123 216 171 238
0012 234 168 260 211 128 209 174 239
0013 132 202 181 238 233 173 261 210
0014 134 196 180 234 230 172 267 211
0015 231 173 268 208 135 189 182 226
0016 233 171 269 205 132 181 175 220
0017 233 169 270 206 138 181 179 218
0018 228 169 265 210 135 170 185 210
0019 133 140 178 181 236 175 264 210
0020 237 175 265 211
0021 092 073 145 120 237 173 265 209
0022 104 073 147 127 234 175 261 214
0023 234 168 262 213 129 068 171 119
0024 134 074 184 123 236 167 264 209
0025 233 169 269 205 141 068 186 122
0026 133 067 184 116 234 166 261 211
0027 110 063 164 117 234 167 262 211
0028 098 066 158 109 232 169 265 205
0029 108 065 161 111 230 170 262 207 140 141 179 179
0030 231 170 265 205 132 068 178 112
0031 233 168 260 209 134 071 182 119
0032 232 168 260 209 131 067 183 117
0033 232 168 260 209 133 059 168 115
0034 232 167 262 210 108 069 165 117
0035 232 167 262 209 103 072 167 123
0036 113 066 160 120 233 167 260 208
0037 128 076 177 124 233 166 259 209
0038 232 169 258 208 127 080 186 129
0039 232 169 260 213 129 077 174 119
0040 122 062 165 126 232 168 260 213
0041 109 081 156 131 232 169 260 211
0042 232 168 260 210 111 086 163 136
0043 227 167 262 212 121 102 168 152
0044 227 166 259 209 119 130 173 174
0045 118 171 162 225 231 172 256 207
0046 128 196 171 239 225 162 253 205
0047 218 162 251 196 128 206 171 237
0048 210 154 254 205 125 213 172 239
0049 212 161 243 206
0050 208 157 239 199
0051 206 153 240 198
0052 207 153 240 200
0053 209 153 243 203
0054 208 153 243 202
