0000 085 185 107 222 187 181 211 218
0001 081 183 102 222 187 179 214 222
0002 080 183 102 223 182 180 214 223
0003 187 181 215 226 082 187 104 223
0004 188 186 214 225 093 185 117 224
0005 188 181 221 225 097 185 119 217
0006 193 182 226 228 094 188 118 223
0007 199 187 227 231 091 178 124 215
0008 202 178 236 218 083 166 120 204
0009 207 149 241 184 083 141 118 176
0010 209 112 246 145 066 116 106 148
0011 201 066 237 104 073 073 115 123
0012 071 039 115 102 193 039 236 083
0013 193 015 228 060 073 015 114 074
0014 078 011 118 066 192 010 225 048
0015 188 006 227 042 072 012 116 054
0016 072 011 116 052 194 006 225 038
0017 074 011 117 053 195 007 230 040
0018 193 007 231 038 073 006 120 052
0019 193 007 230 040 076 007 112 055
0020 075 007 114 054 193 010 225 043
0021 187 008 226 045 076 009 111 055
0022 079 021 116 061 184 013 223 058
0023 084 040 116 076 178 036 218 079
0024 179 052 217 095 082 051 116 089
0025 173 054 211 095 085 060 120 099
0026 179 054 213 097 089 058 120 099
0027 175 053 214 094 084 061 117 100
0028 176 057 213 095 089 062 120 099
0029 180 055 212 093 090 066 117 098
0030 088 062 119 099 181 054 212 092
0031 088 061 119 098 182 055 212 093
0032 177 057 214 094 087 061 119 099
0033 086 062 118 100 175 054 216 098
0034 087 062 119 099 176 050 215 096
0035 082 061 120 099 177 051 215 093
0036 082 060 120 099 176 052 215 095
0037 177 052 214 094 085 062 119 104
0038 178 055 215 096 086 062 120 102
0039 087 062 120 102 182 058 213 094
0040 178 050 216 091 085 058 121 100
0041 081 044 118 092 176 047 215 089
0042 074 019 117 071 178 031 217 071
0043 072 014 115 066 181 024 218 063
0044 069 009 115 057 184 011 220 055
0045 073 009 109 050 177 009 220 049
0046 070 006 111 055 178 007 220 045
0047 073 007 111 048 178 006 219 040
0048 069 006 112 053 183 006 220 042
0049 073 007 114 055 184 006 220 039
0050 068 008 115 057 179 006 221 042
0051 068 012 115 058 185 007 220 042
0052 069 010 115 059 178 006 220 038
0053 069 010 117 058 184 006 219 043
0054 074 012 117 065 179 011 220 054
0055 075 032 114 077 178 023 218 066
0056 084 058 115 096 177 048 215 089
0057 174 062 215 103 086 072 122 110
0058 171 079 208 117 089 081 123 121
0059 172 083 208 124 093 084 127 122
0060 174 080 209 120 092 087 125 123
0061 171 077 210 114 092 086 125 123
0062 174 076 211 116 093 087 125 122
0063 170 075 212 116 093 086 124 121
0064 177 078 212 118 092 087 124 123
0065 180 081 211 119 092 086 124 124
0066 181 078 210 119 092 086 125 123
0067 181 080 210 120 094 088 120 120
0068 180 081 210 117 093 088 125 122
0069 175 082 211 122 092 087 125 123
0070 174 081 210 117 089 089 125 127
0071 176 087 213 125 093 085 128 121
0072 177 087 214 127 089 092 126 130
0073 087 111 121 142 183 099 217 139
0074 094 128 127 165 182 126 214 157
0075 189 163 216 196 098 171 124 213
0076 194 182 217 221 094 184 118 224
0077 196 183 222 226 087 182 109 218
