0000 116 183 137 214 194 171 215 205
0001 115 180 137 215 193 174 213 206
0002 115 176 138 210 199 169 220 203
0003 112 164 133 196 207 148 234 187
0004 109 142 143 175 210 123 245 153
0005 106 113 137 147 213 085 245 124
0006 212 058 246 096 102 080 137 120
0007 213 035 242 075 105 047 132 090
0008 206 021 244 069 105 036 141 079
0009 203 015 239 067 106 026 134 067
0010 101 019 136 063 203 017 241 058
0011 199 009 239 059 105 021 133 063
0012 197 010 239 058 109 017 137 051
0013 199 009 240 059 108 017 143 054
0014 204 008 237 060 108 016 144 052
0015 201 013 244 062 109 017 143 055
0016 204 010 236 061 104 015 138 049
0017 203 012 235 063 110 017 136 053
0018 107 019 132 058 205 016 241 062
0019 105 030 134 073 203 039 238 079
0020 104 060 128 087 206 066 230 098
0021 106 078 129 115 204 089 229 127
0022 111 106 133 146 196 105 228 142
0023 107 106 135 146 198 106 231 142
0024 108 107 131 146 199 105 232 142
0025 107 108 134 148 197 104 232 142
0026 112 104 133 145 197 104 230 141
0027 111 107 132 146 197 101 232 139
0028 108 103 132 143 197 104 230 142
0029 113 106 137 146 197 104 229 142
0030 113 108 135 146 196 106 230 144
0031 110 116 133 149 201 116 229 145
0032 106 128 133 155 198 126 231 157
0033 200 136 223 164 108 135 138 168
0034 197 151 219 178 111 152 131 183
0035 196 161 220 196 111 167 132 196
0036 113 173 133 205 193 163 216 198
0037 114 176 134 207 194 174 212 206
