0000 192 191 226 229 108 192 130 223
0001 109 190 130 223 191 195 223 231
0002 187 193 224 232 109 191 129 223
0003 109 191 129 223 192 195 221 229
0004 191 193 221 228 111 188 133 226
0005 186 187 222 225 106 182 138 223
0006 191 189 224 226 105 190 129 228
0007 191 182 227 223 105 191 128 227
0008 108 190 127 222 199 183 227 221
0009 105 186 129 224 218 175 239 205
0010 220 130 255 160 094 156 127 193
0011 227 104 264 142 094 129 127 164
0012 219 053 258 096 086 087 125 130
0013 220 033 257 079 086 056 121 113
0014 217 014 255 066 085 031 127 093
0015 088 017 124 077 214 008 252 056
0016 087 013 127 076 208 011 250 052
0017 088 009 128 073 208 009 247 046
0018 093 010 130 069 203 010 249 051
0019 092 012 132 071 205 010 246 045
0020 092 012 130 070 206 008 249 051
0021 092 013 131 070 207 011 250 051
0022 090 013 129 067 207 009 251 050
0023 089 019 125 071 212 011 249 053
0024 212 028 247 077 089 035 122 080
0025 204 063 242 103 089 055 125 095
0026 205 072 239 116 090 062 125 104
0027 198 072 240 118 092 067 131 110
0028 205 070 237 117 088 065 126 104
0029 203 067 237 112 089 065 127 103
0030 203 066 237 115 093 066 131 104
0031 200 067 238 113 095 067 126 107
0032 200 063 239 107 091 068 125 108
0033 201 066 237 113 095 068 125 108
0034 202 068 236 112 094 069 126 109
0035 203 067 236 113 094 069 126 108
0036 200 066 237 113 089 070 126 109
0037 195 066 238 112 094 073 126 110
0038 092 067 131 113 201 070 239 118
0039 092 084 132 130 200 081 239 126
0040 202 099 241 141 091 117 119 145
0041 211 127 245 164 089 148 123 187
0042 212 160 242 200 097 182 132 218
0043 212 183 238 226 110 191 131 224
0044 206 192 237 234
0045 214 199 235 231 105 185 128 225
0046 101 187 125 225 212 199 235 235
0047 099 186 120 224 210 198 233 235
0048 209 201 230 231 103 187 125 224
0049 203 198 230 236 108 190 129 225
0050 199 200 227 235 111 194 129 224
0051 196 201 223 234 111 193 133 225
0052 196 200 225 234 111 192 132 222
0053 194 198 226 234 110 194 130 224
0054 200 200 231 236 107 190 129 227
0055 200 195 232 235 111 192 131 223
