0010 066 218 096 239
0011 064 214 100 239
0015 070 220 101 239
0016 062 192 104 234
0017 061 169 114 205
0018 074 150 115 179
0019 075 137 117 171
0020 072 128 113 169
0021 062 126 108 168
0022 047 126 087 166
0023 020 132 072 172
0024 021 137 070 177
0025 045 149 086 199
0026 059 151 100 199
0027 070 151 113 191
0028 065 148 122 188
0029 065 144 108 176
0030 047 135 089 172
0031 018 138 072 170
0032 018 138 068 179
0033 021 147 073 184
0034 027 154 076 192
0035 033 151 080 193
0036 037 154 081 194
0037 038 151 080 190
0038 019 146 074 185
0039 015 143 066 181
0040 008 147 062 184
0041 015 146 064 186
0042 043 149 082 192
0043 061 149 101 196
0044 062 150 106 189
0045 065 144 105 180
0046 049 139 088 178
0047 020 138 070 178
0048 017 146 070 185
0049 013 161 063 207
0050 018 176 067 225
0051 024 184 072 235
0052 033 189 064 235
0053 042 183 085 225
0054 057 189 096 234
0055 060 201 099 239
0056 059 204 093 238
0057 051 209 087 239 108 221 165 239
0058 103 191 158 239 048 213 078 239
0059 110 148 157 191 049 213 082 239
0060 116 073 151 116
0061 137 023 166 070
0062 147 015 183 061
0063 165 030 190 083
0064 169 048 195 090
0065 169 048 195 091
0066 165 041 189 088
0067 166 039 190 092 055 215 085 239
0068 164 040 189 089
0069 166 043 189 091 055 218 083 239
0070 165 040 190 089 057 217 085 239
0071 167 039 190 084
0072 164 040 190 091 053 213 088 239
0073 163 029 190 083 055 213 086 239
0074 161 028 198 085 054 219 081 239
0075 052 217 084 239 169 055 199 107
0076 175 146 208 196 054 213 084 239
0077 058 208 089 239 172 205 200 239
0078 062 206 097 238
0079 071 208 098 239
0080 076 208 111 239
0081 079 214 109 239
0082 076 222 103 239
0083 080 112 123 164
0087 086 118 116 165
