0000 144 208 186 239
0001 140 205 192 239
0002 143 192 207 239
0003 147 175 201 232 012 206 048 239
0004 149 145 210 206
0005 150 127 214 190
0006 149 111 209 177
0007 147 104 210 166
0008 153 095 213 165
0009 150 082 206 157
0010 150 075 208 152
0011 146 073 206 138
0012 149 077 209 138
0013 148 076 207 140
0014 148 074 206 140
0015 148 073 207 141
0016 149 073 210 148
0017 150 071 206 145
0018 150 069 206 147
0019 152 075 208 147
0020 152 076 209 144
0021 150 076 207 147
0022 154 096 211 159
0023 146 112 203 168
0024 144 148 200 205
0025 140 200 194 239
0033 144 223 183 239
