0000 045 219 086 239
0001 027 219 062 239 048 224 089 239
0002 022 217 075 239
0003 027 216 060 239 048 218 085 239
0004 029 221 086 239 144 221 199 239
0005 151 204 193 239 024 216 060 239 051 220 087 239
0006 168 177 213 230 032 219 084 239
0007 022 216 063 239 182 125 230 178
0008 181 087 234 139 026 215 059 239
0009 178 067 230 117 025 215 061 239
0010 176 032 230 085 025 216 060 239
0011 179 019 228 075 025 213 067 239
0012 179 007 227 065 022 217 067 239
0013 176 006 229 058 022 215 066 239
0014 173 006 229 058 021 218 067 239
0015 168 006 229 055 029 214 064 239
0016 173 004 230 052 024 213 060 236
0017 174 005 229 051 026 216 060 239
0018 168 007 230 052 025 215 062 239
0019 173 006 231 054 028 218 084 239
0020 168 007 230 052 026 215 062 239
0021 168 008 229 052 030 215 075 239
0022 174 007 230 054 024 217 075 239
0023 172 008 231 055 022 216 061 237 049 224 087 239
0024 171 006 232 055 026 215 059 239 052 220 086 239
0025 172 008 231 055 024 213 061 236
0026 173 008 231 056 027 214 066 239
0027 172 010 229 063 020 211 066 238
0028 178 029 221 078 026 213 062 239
0029 161 069 212 113 028 214 070 239
0030 149 127 205 172 027 212 070 239
0031 139 181 194 235 024 213 059 239
0032 139 208 192 239 023 214 060 237
0033 022 209 053 235
0034 022 212 060 238
