0000 165 214 202 239 021 204 056 239
0001 168 208 199 239 026 208 063 239
0002 027 210 065 239 156 210 200 239
0003 026 199 078 239 147 201 197 239
0004 136 184 195 239 017 189 083 239
0005 127 169 194 224 022 154 083 212
0006 124 150 186 198 020 136 097 183
0007 110 131 180 173 020 120 098 163
0008 108 123 179 164 028 107 106 152
0009 031 099 105 144 103 107 177 149
0010 031 090 108 134 120 103 177 148
0011 029 087 103 128 109 106 182 144
0012 114 104 191 151 019 088 106 131
0013 117 103 200 153 017 094 067 155
0014 017 100 074 169 122 112 205 158
0015 140 112 210 157 009 104 082 155
0016 011 108 076 161 143 114 217 156
0017 163 109 227 159 012 116 077 161
0018 012 115 075 162 158 112 236 163
0019 007 115 073 169 162 115 239 168
0020 008 115 057 182 169 118 242 174
0021 007 113 067 172 174 116 240 171
0022 009 113 055 171 180 123 251 180
0023 008 118 063 170 179 116 258 178
0024 006 120 061 176 177 123 256 181
0025 005 129 061 193 187 132 255 192
0026 009 141 067 227 187 137 234 221
0027 009 180 068 239 179 182 238 239
0028 015 188 071 239 157 193 209 239
0029 019 205 061 239 165 207 198 239
0030 165 207 199 239 023 208 059 239
0031 164 211 203 239 021 211 052 239
0032 166 212 204 239 024 217 057 239
0033 166 213 204 239 017 215 056 239
0034 165 211 205 239 010 204 055 239
0035 165 213 206 239 003 208 044 239
0036 165 213 205 239
0037 166 210 197 239
0038 165 212 205 239
0039 165 211 205 239
0040 165 210 200 239
0041 165 214 204 239
0042 167 210 197 239
0043 164 213 203 239
0044 164 213 203 239
0045 164 211 197 239
