0005 126 205 179 239 041 220 081 239
0006 113 161 166 201 036 184 080 223
0007 092 115 157 161 021 134 075 176
0008 081 105 153 150 023 121 072 166
0009 080 110 150 150 029 123 072 167
0010 080 124 149 160 024 140 071 182
0011 092 131 158 168 029 158 080 202
0012 105 129 171 164 036 159 087 211
0013 117 113 178 144 053 146 110 195
0014 065 109 123 159 132 081 183 133
0015 076 095 134 143 143 072 185 138
0016 084 096 148 133 157 080 197 146
0017 080 114 158 150 159 108 213 156
0018 090 131 167 170 164 123 222 161
0019 175 121 237 165 098 153 176 200
0020 124 144 199 194 186 098 247 141
0021 126 130 190 181 192 079 244 133
0022 203 054 244 140 134 101 192 157
0023 212 056 256 141 150 086 214 129
0024 212 078 264 140 142 095 198 134 175 079 224 122
0025 223 095 275 140 152 104 219 139
0026 232 106 292 145 165 121 233 158
0027 245 105 297 155 166 134 243 175
0028 183 141 247 192 259 120 297 170
0029 202 152 270 188
0030 192 148 271 187
0031 182 140 259 188
0032 183 141 266 183
0033 189 143 265 180 277 111 304 153
0034 187 141 248 183 276 111 303 158
0035 170 149 232 196 262 119 307 170
0036 154 161 220 210 253 133 304 179
0037 234 169 277 222
0038 190 209 231 238
