0000 153 203 178 236 100 206 131 236
0001 154 206 179 236 100 205 132 236
0002 155 205 179 235 100 205 131 236
0003 100 204 131 236 151 207 179 237
0004 154 206 182 236 101 204 131 235
0005 152 202 179 235 097 205 126 236
0006 088 199 113 234 152 169 180 212
0007 080 193 105 228 155 134 196 172
0008 080 191 102 220 167 103 194 133
0009 176 071 202 106
0010 190 049 219 087
0011 195 026 229 067
0012 210 023 256 061
0013 219 022 250 051
0014 220 024 249 051
0015 217 022 252 053 194 024 232 057
0016 217 025 254 048
0017 220 020 257 050 194 023 231 057
0018 218 024 255 048
0019 216 026 253 048
0020 220 022 257 052 193 024 232 057
0021 217 023 253 048
0022 216 020 253 050 194 023 233 056
0023 221 021 257 050
0024 218 022 252 051
0025 216 019 253 051
0026 212 017 252 049 191 022 231 057
0027 200 021 237 062
0028 196 035 223 072 076 195 110 227
0029 067 202 093 231 191 071 218 107
0030 188 120 214 158 066 198 097 234
0031 077 201 107 239 172 154 203 208
0032 169 193 193 237 086 201 118 236
0033 092 203 131 237 158 207 182 239
0034 099 209 132 237 154 206 179 239
0035 155 208 180 239 100 205 128 235
0036 154 209 180 239 099 208 132 237
