0000 098 172 120 200 164 176 181 204
0001 099 172 120 200 166 175 184 206
0002 103 170 123 197 166 175 184 206
0003 164 175 181 202 102 170 119 196
0004 103 169 120 196 167 175 186 204
0005 168 175 186 205 106 165 123 190
0006 165 170 184 198 110 163 127 191
0007 163 166 181 196
0008 151 155 175 184
0009 148 134 177 172
0010 145 117 168 147
0011 140 100 169 128
0012 140 094 174 116
0013 141 085 177 112
0014 153 080 180 106
0015 169 058 194 079
0016 199 027 222 056
0017 222 015 244 049
0018 224 009 249 048
0019 224 011 249 053
0020 223 014 248 053
0021 226 016 251 050
0022 218 011 250 051
0023 223 012 249 052
0024 220 013 244 054
0025 210 019 242 052
0026 205 025 226 061
0027 188 035 212 071
0028 176 051 199 081
0029 173 066 195 091
0030 161 084 188 112
0031 159 103 183 133
0032 160 122 187 160 107 169 124 196
0033 166 148 186 182 105 169 122 194
0034 104 170 121 197 165 166 183 195
0035 167 170 185 201 105 171 122 198
0036 105 171 122 199 170 172 188 205
0037 170 173 188 204 107 171 123 197
0038 168 173 187 203 107 171 123 197
