0000 196 194 217 227 117 189 140 224
0001 196 194 217 227 117 189 141 223
0002 196 194 217 227 117 188 142 223
0003 195 195 216 228 118 189 142 223
0004 195 195 217 228 117 189 142 224
0005 195 195 218 225 117 190 140 222
0006 117 189 139 222 195 195 218 224
0007 194 195 216 227 116 188 139 224
0008 115 189 140 222 194 195 216 227
0009 114 187 138 221 195 195 217 227
0010 115 188 136 219 195 194 216 227
0011 109 185 133 217 195 192 216 227
0012 106 179 132 215 192 176 218 213
0013 104 174 125 205 201 146 225 183
0014 214 107 242 148 111 170 129 199
0015 227 067 254 109 191 105 228 141 104 109 141 159
0016 236 047 260 089 190 099 233 129
0017 240 028 267 068
0018 243 022 272 060
0019 243 022 275 059
0020 246 022 274 057
0021 246 022 273 056
0022 242 022 278 060
0023 248 024 277 059
0024 248 024 278 058
0025 251 024 281 061
0026 247 025 279 062
0027 248 024 286 063
0028 247 028 285 066
0029 247 022 285 062
0030 247 023 285 063
0031 247 023 285 063
0032 244 026 281 065
0033 248 026 285 064
0034 247 026 279 063
0035 248 027 279 062
0036 251 027 278 063
0037 248 024 286 063
0038 248 023 285 062
0039 244 024 280 062
0040 249 019 281 062
0041 243 021 278 061 116 110 144 158
0042 235 023 275 066 116 109 144 153
0043 222 050 262 089 106 177 128 210
0044 095 178 118 214 198 094 248 127
0045 212 118 240 158 094 181 116 215
0046 100 182 123 215 206 145 234 190 190 108 229 146
0047 107 186 129 220 196 169 224 211
0048 190 184 218 219 112 189 134 217
0049 189 195 215 226 116 191 139 227
0050 192 193 216 229 113 187 134 222
0051 114 188 135 223 197 195 219 225
0052 194 192 219 227 114 189 134 222
