0000 179 194 201 229
0001 177 190 199 228
0002 175 190 198 228
0003 178 189 199 227
0004 178 189 199 225
0005 178 189 198 225
0006 178 190 198 226
0007 178 189 198 226
0008 178 188 198 225
0009 178 187 199 228
0010 182 187 203 228
0011 187 177 217 233
0012 221 169 254 200
0013 218 101 267 143
0014 206 052 257 104
0016 196 026 260 077
0018 212 025 248 064
0019 213 024 248 062
0021 219 029 251 062
0023 205 026 262 066
0026 221 029 252 060 097 151 119 173
0032 227 032 254 062
0034 221 027 264 063
0035 227 032 258 068
0036 219 038 269 075
0037 221 054 263 092
0038 217 087 248 114
0039 203 121 246 145
0040 205 158 224 196
0043 183 182 207 223
0044 184 188 205 227
0045 185 185 207 227
