0000 112 165 129 191 160 164 177 190
0001 157 162 175 189 111 167 129 190
0002 161 149 178 178 109 163 125 187
0003 164 121 183 152 105 158 124 186
0004 106 157 122 183
0005 178 071 197 100
0006 184 046 206 081
0007 195 038 218 067
0008 206 031 228 065
0009 205 028 229 065
0010 205 028 227 062
0011 205 028 227 062
0012 193 034 212 067
0013 176 059 198 089
0015 156 098 181 121
0016 160 123 182 157 104 163 123 189
0017 160 154 180 179 103 162 124 190
0018 163 163 181 187 109 163 125 192
0019 112 162 131 190 161 166 177 194
0020 161 165 177 194 112 165 129 192
