0018 140 217 186 238
0019 130 178 199 230
0020 127 145 195 200
0021 131 138 195 192
0022 128 115 181 174
0023 134 098 189 161
0024 137 092 185 163
0025 136 091 190 156
0026 126 090 197 150
0027 131 093 189 147
0028 131 093 191 147
0029 138 091 191 147
0030 137 091 190 146
0031 140 096 194 149
0032 133 089 192 145
0033 133 088 191 145
0034 132 093 196 147
0035 131 093 193 148
0036 133 098 190 150
0037 131 087 188 146
0038 131 085 186 147
0039 132 086 186 146
0040 134 089 189 147 123 060 158 138
0041 131 084 189 148
0042 129 101 194 156
0043 138 116 188 168
0044 136 152 186 204
0045 137 166 184 217
