0000 156 204 208 239 094 217 138 239
0001 157 204 208 239 094 217 138 239
0002 151 207 210 239 093 214 137 239
0003 159 200 210 239 093 214 137 239
0004 160 197 210 239 094 219 133 239
0005 094 220 134 239 155 198 205 239
0006 164 188 208 237 094 219 133 239
0007 094 219 133 239 168 176 204 224
0008 094 219 133 239 175 165 212 220
0009 094 219 133 239 169 136 215 189
0010 094 219 134 239 171 106 219 160
0011 094 219 134 239 169 079 222 138
0012 094 220 133 239 175 065 224 128
0013 094 220 133 239 167 058 217 122
0014 094 220 133 239 167 052 216 118
0015 094 220 133 239 167 053 216 119
0016 094 220 133 239 168 057 218 124
0017 094 220 133 239 178 065 223 132
0018 094 220 133 239 176 067 224 132
0019 094 220 133 239 182 062 218 135
0020 094 220 133 239 177 068 225 134
0021 094 220 133 239 177 068 225 135
0022 094 220 133 239 181 067 218 138
0023 094 220 133 239 177 067 225 134
0024 094 220 133 239 173 072 225 133
0025 093 219 133 239 177 074 223 134
0026 094 220 133 239 173 077 223 139
0027 171 096 220 151 094 220 133 239
0028 094 220 133 239 166 120 213 168
0029 094 219 133 239 167 150 209 203
0030 161 170 201 230 093 219 133 239
0031 153 194 200 239 093 219 133 239
0032 152 200 199 238 093 219 133 239
0033 156 205 200 238 094 214 137 239
0034 157 205 200 238 095 215 136 237
0035 159 205 199 238 094 214 137 239
