0000 126 210 177 239 067 224 116 239
0001 128 212 177 236 069 223 114 239
0002 123 208 181 239 071 215 123 239
0003 070 196 124 239 123 195 185 239
0004 072 166 128 212 130 163 183 221
0005 125 148 179 203 081 148 130 198
0006 077 139 132 188 123 139 179 195
0007 065 128 120 178 140 130 190 185
0008 053 122 107 174 151 126 197 181
0009 046 116 094 165 160 110 205 173
0010 048 120 101 163 154 115 203 171
0011 055 122 101 164 152 116 204 169
0012 060 128 116 171 145 119 189 169
0013 067 129 119 175 138 124 185 175
0014 127 126 177 178 070 132 126 178
0015 125 132 174 177 074 136 127 179
0016 126 132 171 180 074 136 124 177
0017 126 132 172 181 076 136 125 178
0018 125 132 176 183 075 137 124 179
0019 126 133 175 183 078 137 130 186
0020 126 133 175 183 079 138 129 186
0021 125 133 176 185 074 137 126 183
0022 080 153 130 194 123 132 170 184
0023 073 181 126 234 106 136 177 186
0024 073 200 125 239 097 134 165 178
0025 084 136 161 176 076 207 121 239
0026 073 207 121 239 087 129 162 168
0027 073 206 121 239 101 125 171 170
0028 102 135 172 179 073 207 121 239
0029 119 139 189 177 074 207 122 239
0030 127 142 194 180 075 208 121 239
0031 129 137 198 175 075 209 121 239
0032 137 134 202 174 075 209 121 239
0033 145 133 204 183 075 209 121 239
0034 152 138 207 182 075 209 122 239
0035 162 138 214 183 075 209 122 239
0036 169 138 227 183 075 209 121 239
0037 173 138 227 180 073 210 122 239
0038 172 139 226 184 073 210 122 239
0039 170 145 221 197 073 209 123 239
0040 164 159 213 225 073 209 123 239
0041 149 184 208 234 071 209 122 239
0042 143 202 201 239 071 212 122 239
0043 070 210 122 239 150 213 200 238
0044 070 210 122 239 150 215 197 239
0045 070 209 122 239 149 214 200 239
0046 070 210 122 239 150 214 202 239
0047 071 210 121 239 147 221 196 239
0048 071 210 120 239 151 217 198 239
