0015 043 209 080 235
0016 046 208 080 239 177 206 216 236
0017 177 205 218 237 051 204 107 238
0018 066 198 119 238 159 209 214 239 046 197 084 236
0019 151 196 210 237 063 197 120 234
0020 141 198 192 237 042 189 096 225 077 191 128 229 175 182 223 224
0021 137 192 185 236 089 185 139 224 170 178 223 222 041 185 104 225
0022 135 186 184 234 086 189 138 228 043 184 101 224
0023 080 193 135 230 130 187 178 230 041 187 097 227 169 172 222 214
0024 138 181 193 230 061 185 133 231
0025 152 170 211 215 044 177 107 220
0026 169 170 220 215 043 181 097 227
0027 172 174 218 222 049 184 096 232
0028 167 175 214 228 057 190 105 237
0029 068 191 113 236 154 182 198 231
0030 145 180 192 224 078 187 122 230
0031 131 175 182 219 082 181 133 224
0032 087 174 134 214 125 168 177 208 050 176 108 225
0033 083 170 131 207 123 167 173 210 050 175 110 225
0034 129 166 179 204 093 171 129 210 047 170 105 222
0035 091 169 131 210 127 169 178 203 048 170 124 224
0036 088 168 135 208 128 164 178 202 048 171 108 221
0037 094 168 131 204 127 164 182 202 046 168 125 224
0038 090 168 134 209 127 164 177 202
0039 126 164 177 202 089 165 130 204
0040 128 165 181 206 084 166 133 204
0041 092 167 130 204 126 163 181 202 049 165 122 215
0042 125 163 180 203 087 167 131 208
0043 083 164 134 207 128 167 174 202
0044 078 162 127 203 120 159 170 199
0045 071 158 115 199 114 159 172 196
0046 057 155 109 192 106 142 167 173
0047 058 154 110 195 123 120 159 156
0048 054 157 102 200 107 099 155 145
0049 053 161 108 204 117 117 165 157
0050 054 165 105 207 112 141 160 172
0051 053 166 101 209 111 153 166 186 148 155 209 198
0052 051 164 099 208 120 165 176 202
0053 118 165 187 203 050 166 101 210 163 163 217 206
0054 050 168 102 212 133 170 197 210
0055 139 178 185 223 049 169 102 211
0056 151 183 199 234 049 169 103 211
0057 161 189 204 236 050 170 106 211
0058 164 191 208 236 055 171 103 212
0059 170 183 211 239 049 171 104 212
0060 179 189 223 235 052 172 104 212
0061 175 189 225 233 053 173 106 214
0062 181 191 236 229 048 175 108 214
0063 191 189 240 224 052 182 103 222
0064 178 184 237 223 048 192 102 235
0065 181 186 229 225 049 199 105 239
0066 179 192 219 235 047 211 101 239
0067 175 197 212 239
0068 177 201 215 236
