0001 155 206 206 239 079 214 142 239
0002 156 179 206 231 076 184 139 233 023 179 050 212
0003 148 156 211 203 080 159 147 206
0004 146 149 210 195 086 152 153 198
0005 149 143 208 186 089 145 153 188
0006 090 145 154 185 152 140 208 185
0007 152 141 201 180 093 144 154 186
0008 092 146 157 187 147 142 206 179
0009 089 147 157 188 152 142 208 185
0010 156 144 211 190 090 152 148 197
0011 167 147 219 196 078 162 143 208
0012 070 167 140 215 182 147 229 201
0013 196 146 241 203 068 171 128 230
0014 067 176 124 232 207 144 241 212
0015 070 174 132 229 202 141 245 208
0016 078 164 153 215 193 143 236 199
0017 185 144 230 192 094 159 161 210
0018 170 143 222 195 096 154 170 197
0019 170 143 221 193 103 159 173 200
0020 170 144 220 194 099 161 170 203
0021 169 147 219 196 104 160 172 202
0022 170 147 220 196 097 160 170 206
0023 169 147 220 196 104 161 172 202
0024 168 144 219 195 101 161 171 203
0025 167 146 218 195 098 157 171 203
0026 097 158 172 198 164 138 215 187
0027 151 119 207 163 093 171 166 215
0028 100 184 169 231 138 096 191 144
0029 098 198 171 239 129 094 189 145
0030 098 212 161 239 132 119 192 153
0031 132 126 204 163 092 218 151 239
0032 147 130 214 167 088 222 137 239
0033 163 121 218 169
0034 174 105 227 144
0035 181 083 235 129
0036 195 067 241 124
0037 204 073 248 133
0038 215 088 251 146
0039 220 105 265 156
0040 223 114 277 152
0041 228 111 285 154
0042 232 108 295 145
0043 250 096 304 144 204 121 241 150
0044 253 101 308 148 206 122 245 149
0045 259 102 313 149
0046 265 110 318 152 208 124 251 150
0047 270 113 319 155
0048 268 114 318 155
0049 268 113 317 155
0050 261 115 315 160
0051 249 121 302 166
0052 226 149 276 195
0053 180 204 226 239
