0000 179 201 212 235
0011 179 203 215 237
0013 063 218 106 239 153 222 198 239
0014 148 216 196 238 063 207 114 235
0015 140 201 195 234 074 194 122 231
0016 132 187 186 221 064 184 126 221
0017 130 181 184 215 074 179 134 211 162 178 218 215
0018 130 177 185 211 082 170 135 205 164 178 216 213
0019 141 169 191 205 073 169 116 196
0020 156 163 203 202 058 166 114 203
0021 159 163 199 201 066 168 111 205 187 166 212 209
0022 153 166 197 204 062 172 117 208
0023 137 164 194 200 058 169 131 209
0024 086 157 132 197 132 161 184 193 049 169 101 212
0025 083 159 135 197 131 157 180 190
0026 084 152 135 190 130 157 180 191
0027 129 158 178 191 087 159 133 196
0028 130 157 178 190 085 158 133 195
0029 130 157 178 190 089 156 132 195
0030 091 156 133 196 131 155 185 193
0031 132 155 181 187 092 155 137 198
0032 086 157 136 199 127 155 182 187
0033 088 156 136 198 127 155 182 187 054 172 102 217
0034 092 158 138 193 131 155 184 191
0035 128 155 176 190 088 156 136 194
0036 083 157 131 196 128 160 178 190
0037 081 153 121 189 122 157 173 193
0038 105 157 160 195 059 155 110 198
0039 054 164 105 202 095 152 158 190
0040 051 169 097 215 090 143 134 178
0041 089 146 142 182 052 171 097 218
0042 053 170 102 215 091 156 163 193
0043 054 169 101 214 100 162 170 197
0044 053 173 105 216 110 166 179 200
0045 123 168 178 206 054 173 106 214 157 172 208 210
0046 053 174 107 215 122 171 186 208
0047 134 172 195 210 054 171 108 214
0048 155 175 207 215 051 174 109 213
0049 159 172 213 211 052 174 110 213
0050 166 171 214 214 052 174 109 213
0051 171 175 219 209 053 173 109 213
0052 163 174 218 210 054 175 111 215
0053 162 174 218 216 056 174 110 214
0054 162 175 215 211 055 174 109 214
0055 163 175 214 211 055 174 110 214
0056 163 175 214 215 053 176 109 214
0057 168 175 212 213 054 176 109 215
0058 171 176 211 222 056 176 111 215
0059 166 179 213 219 055 179 107 218
0060 053 189 108 231 158 184 208 221
0061 054 197 097 239 153 187 205 224
0062 149 209 195 238 059 219 100 238 175 194 215 234
0063 173 197 214 235 156 225 200 239
0064 177 201 210 237
0065 175 199 213 237
