0000 171 148 228 201 077 190 117 236
0001 087 174 135 218 170 148 232 197
0002 092 168 146 206 174 150 229 200
0003 105 157 155 199 167 150 226 199
0004 163 147 221 196 100 156 155 197 219 153 254 201
0005 097 156 159 192 166 142 232 195
0006 092 152 150 190 178 140 230 192
0007 084 153 135 191 183 138 236 190
0008 081 156 132 197 191 143 244 196
0009 086 159 132 197 187 145 238 198
0010 088 158 137 198 179 148 229 199
0011 095 159 147 197 167 151 224 197
0012 104 154 157 194 164 147 217 195
0013 106 152 157 196 158 148 217 194
0014 160 146 218 196 106 155 160 191
0015 102 160 157 200 163 151 217 197
0016 095 165 153 208 169 153 222 202
0017 088 168 138 213 179 154 228 207
0018 082 168 132 213 186 155 235 208
0019 080 163 130 206 189 149 238 205
0020 088 159 138 201 183 150 235 198
0021 096 153 150 192 169 144 225 196
0022 103 150 156 195 167 143 219 192
0023 164 142 219 195 100 149 159 192
0024 102 149 158 189 171 135 226 187
0025 178 135 235 184 094 147 146 186
0026 182 135 235 182 087 146 140 187
0027 194 138 244 187 079 146 130 189
0028 079 153 130 197 192 141 243 194
0029 183 143 232 198 088 158 139 198
0030 099 157 151 196 172 146 224 196
0031 102 154 160 194 162 145 219 195
0032 098 149 156 192 163 143 218 195
0033 161 143 219 196 105 151 157 195
0034 100 153 158 195 162 147 219 197
0035 170 149 223 201 093 157 150 198
0036 085 161 141 211 182 154 230 208
0037 196 155 248 209 080 166 126 210
0038 196 146 250 204 074 160 118 203
0039 186 141 248 194 079 153 132 193
0040 175 135 231 184 092 147 140 186
0041 098 142 150 180 167 134 224 181
0042 106 141 154 182 163 135 219 181
0043 105 145 154 186 162 137 217 185
0044 100 143 156 183 161 136 218 183
0045 099 141 156 182 159 135 217 182
0046 101 145 151 186 156 136 219 182
0047 100 143 155 183 155 141 217 184
0048 156 141 214 188 100 151 154 191
0049 164 140 220 193 100 151 151 198
0050 168 142 222 188 097 156 146 205
0051 096 170 150 221 179 132 235 171
0052 090 175 141 227 191 126 252 171
0053 088 190 135 239 205 126 263 175
0054 080 194 129 239 208 120 270 177
0055 079 194 125 236 207 120 271 168
0056 075 197 120 239 219 114 282 163
0057 241 107 297 161 075 201 119 239
0058 079 199 125 239 252 101 303 153
0059 075 201 119 238 256 090 313 138
0060 076 207 119 239 257 077 313 125
0061 075 208 119 239 269 060 314 109
0062 073 207 119 239 268 058 316 109 249 073 300 132
0063 074 207 122 239 264 058 315 110
0064 073 207 121 239 264 060 315 112
0065 073 207 120 239 266 059 316 107
0066 073 209 120 239 262 061 316 111
0067 073 209 116 239 263 062 313 109
0068 073 207 120 239 263 067 316 111
0069 073 207 120 239 255 070 309 111 216 106 262 145
0070 072 206 120 239 259 075 308 118
0071 073 206 120 239 247 081 301 122
0072 071 205 120 239 232 097 284 140
0073 071 204 121 239 217 098 270 133
0074 070 204 121 239 209 102 265 140
0075 069 203 120 239 205 110 260 150
0076 069 202 120 239 196 112 256 152
0077 068 203 120 239 209 117 272 168
0078 069 203 120 239 215 118 277 172
0079 071 203 121 239 216 120 280 168
0080 071 203 121 239 215 120 281 168
0081 071 204 120 239 220 119 277 167
0082 069 203 120 239 208 122 275 172
0083 068 203 120 239 207 119 270 166
0084 070 204 119 239 205 119 264 164
0085 070 205 120 239 210 122 268 171
0086 072 206 120 239 210 123 264 176
0087 076 205 117 239 208 125 263 177
0088 070 205 119 239 203 123 258 167
0089 069 205 120 239 202 119 259 171
0090 070 205 120 239 206 124 259 170
0091 071 203 114 239 206 128 263 176
0092 075 207 116 239 206 128 261 174
0093 074 203 114 239 207 128 261 178
0094 200 124 253 172 076 203 116 239
0095 194 130 247 180 074 208 115 239
0096 074 205 120 239 195 145 245 196
0097 073 205 120 239 199 161 245 202
0098 074 205 120 239 198 167 240 211
0099 196 176 239 215 078 203 118 239
0100 185 188 232 227 079 202 119 239
0101 176 201 222 238 081 206 118 238
0102 172 203 223 239 081 208 120 238
0103 080 208 123 239 173 212 216 239
0104 079 205 124 239 168 212 217 239
0105 082 208 122 238 173 211 217 239
0106 082 207 122 238 169 212 216 239
0107 083 207 123 238 169 210 216 239
0108 164 205 215 234 081 209 122 239
