0001 045 217 093 239 139 220 175 239
0002 044 198 094 239 122 207 173 238
0003 051 169 099 219 122 167 174 212
0004 117 139 173 185 060 147 112 189
0005 064 140 117 179 119 131 172 173
0006 074 131 122 174 118 125 169 166
0007 071 130 125 174 117 121 166 166
0008 075 126 124 168 121 121 166 164
0009 074 124 124 169 124 118 170 158
0010 071 124 125 165 119 118 164 161
0011 120 117 166 159 077 122 129 164
0012 078 117 126 155 127 112 174 151
0013 129 108 172 153 076 112 117 156
0014 069 112 109 159 132 105 176 145
0015 056 109 099 154 144 100 187 140
0016 054 108 091 152 151 101 188 141
0017 152 100 188 144 057 108 092 154
0018 147 102 184 149 057 111 100 155
0019 142 102 176 149 061 111 110 153
0020 132 103 175 146 060 111 116 151
0021 131 102 169 150 066 113 117 151
0022 127 104 163 151 069 111 121 150
0023 075 114 123 151 118 104 166 152
0024 077 113 123 150 119 106 159 149
0025 121 104 161 147 071 116 124 150
0026 121 104 164 152 071 117 121 157
0027 120 108 166 152 072 122 128 162
0028 061 139 113 187 128 114 180 146
0029 050 159 101 214 136 111 182 145
0030 036 192 084 239 142 104 190 146
0031 139 093 190 140 025 221 069 239
0032 136 094 191 134
0033 126 106 187 138
0034 123 101 179 141
0035 110 096 176 140
0036 107 093 169 130
0037 103 091 170 129
0038 105 094 159 128
0039 090 095 162 126
0040 089 091 157 127
0041 080 090 155 122
0042 086 091 150 127
0043 080 092 140 124
0044 076 100 141 125
0045 053 099 133 129
0046 054 094 136 122
0047 062 090 130 121
0048 064 089 127 120
0049 050 100 121 130
0050 046 108 126 140
0051 073 117 133 158 060 123 097 159
0052 076 145 148 189
0053 092 173 160 222
0054 113 206 166 239
0055 141 220 177 238
