0002 072 217 106 238
0003 078 215 109 239
0004 075 214 111 239
0005 075 211 112 239
0006 078 211 110 239
0007 075 210 112 237 182 220 225 239
0008 176 213 223 239 074 207 112 237
0009 169 201 219 238 079 210 111 239
0010 167 189 218 234 074 209 112 237
0011 164 176 214 222 074 206 111 239
0012 159 172 209 215 084 193 113 238
0013 155 169 211 211 086 186 131 235
0014 157 168 210 210 085 184 128 231
0015 158 166 212 210 093 176 136 220
0016 094 170 142 212 156 162 207 209
0017 100 169 148 212 155 164 209 209
0018 099 170 149 211 153 162 208 207
0019 153 160 210 206 099 172 149 211
0020 160 158 207 204 094 170 143 211
0021 161 158 215 205 092 168 144 210
0022 167 160 221 204 088 172 137 211
0023 174 158 222 207 081 167 129 212
0024 175 160 223 209 082 173 128 212
0025 170 161 221 210 088 167 135 207
0026 165 161 214 212 095 168 140 207
0027 158 162 208 210 100 167 149 208
0028 102 166 148 208 153 164 206 212
0029 155 163 209 208 101 166 152 206
0030 108 164 156 207 156 164 202 208
0031 105 165 155 209 154 163 208 209
0032 107 165 155 208 156 164 204 211
0033 106 165 156 210 156 164 207 210
0034 159 161 208 210 105 164 155 209
0035 161 159 215 206 098 165 145 206
0036 095 164 143 207 168 157 219 203
0037 171 159 223 204 086 162 131 202
0038 177 157 228 204 085 163 132 206
0039 177 156 230 206 076 166 129 207
0040 179 157 231 207 076 167 127 210
0041 177 157 227 207 075 166 123 209
0042 079 167 131 209 175 156 222 206
0043 170 158 220 206 086 171 133 210
0044 164 156 216 206 090 166 143 206
0045 097 163 146 206 156 158 209 207
0046 102 162 151 205 157 155 210 206
0047 152 159 205 205 101 161 149 204
0048 153 158 206 204 105 161 155 203
0049 107 161 155 204 153 159 208 206
0050 106 159 155 201 153 160 206 205
0051 101 157 152 202 155 156 208 204
0052 155 153 211 201 102 159 147 203
0053 159 152 213 199 098 157 149 201
0054 156 150 211 197 096 157 150 198
0055 168 151 216 196 096 156 143 196
0056 173 152 223 196 090 157 140 198
0057 090 157 137 198 175 152 228 195
0058 180 152 231 197 090 159 136 201
0059 185 151 235 201 080 159 129 204
0060 183 157 237 204 089 165 127 213
0061 077 168 129 214 185 159 231 207
0062 081 169 129 214 182 154 231 207
0063 083 170 128 215 178 159 223 209
0064 087 168 137 213 164 159 217 205
0065 096 168 146 209 158 154 205 204
0066 153 155 206 200 101 165 150 206
0067 150 153 205 199 108 164 155 204
0068 107 160 157 202 155 152 205 195
0069 105 157 154 205 153 151 204 198
0070 105 157 155 199 154 149 207 196
0071 102 152 149 194 157 147 211 192
0072 100 150 150 191 163 144 214 190
0073 170 146 218 190 095 153 148 191
0074 095 151 146 192 174 148 223 191
0075 088 157 138 197 179 149 223 196
0076 180 147 224 193 084 157 139 204
0077 179 150 223 196 093 159 140 206
0078 171 150 223 200 091 158 140 202
0079 164 153 210 198 091 159 150 198
0080 158 151 210 196 100 156 152 198
0081 108 153 153 194 156 149 207 194
0082 102 150 154 199 158 148 209 194
0083 155 146 212 192 101 152 159 194
0084 098 153 146 194 159 144 213 190
0085 096 150 145 192 168 145 215 189
0086 089 151 147 195 170 146 222 189
0087 175 148 227 190 090 156 139 197
0088 178 151 220 200 089 160 139 201
0089 087 159 143 203 170 152 221 199
0090 165 152 217 201 097 161 146 202
0091 163 153 209 199 100 160 149 207
0092 099 163 149 208 159 157 208 203
0093 157 158 203 206 100 164 149 207
0094 154 157 206 203 104 163 150 206
0095 153 160 204 206 103 165 150 210
0096 105 169 150 210 153 164 202 209
0097 153 166 204 210 107 171 154 212
0098 154 169 201 216 103 178 151 218
0099 150 173 203 220 102 180 150 223
0100 151 180 200 226 106 184 153 229
0101 150 183 201 229 106 190 151 232
0102 151 180 202 229 106 188 148 235
0103 150 181 201 231 104 190 147 234
0104 149 185 196 238 101 194 144 238
0105 152 181 200 233 100 194 147 237
0106 150 181 201 235 100 194 146 239
0107 100 200 143 239 147 180 194 231
0108 141 181 197 223 101 196 140 239
0109 137 180 203 222 098 200 145 239
0110 100 199 147 239 134 180 203 220
0111 126 177 196 215 100 201 148 239
0112 099 199 146 237 119 176 192 214
0113 098 199 146 238 123 176 196 213
0114 104 204 141 239 132 178 205 212
0115 141 177 212 215 095 199 145 239
0116 137 177 208 215 100 207 144 239
0117 126 177 198 213 100 206 143 237
0118 121 180 199 218 104 208 141 239
0119 127 179 202 219 100 209 145 237
0120 135 181 211 217 104 214 144 237
0121 140 181 210 220 106 212 148 239
0122 136 182 209 221 099 211 149 239
0123 131 181 207 219 103 210 147 236
0124 132 176 207 215 099 210 148 239
0125 145 176 206 218 098 210 150 239
0126 145 175 216 215 100 209 150 239
0127 147 176 217 212 092 209 148 239
0128 141 169 213 208 091 209 149 239
0129 139 170 211 208 090 206 146 239
0130 140 171 211 205 099 209 152 239
0131 149 169 218 203 095 208 153 239
0132 149 170 216 204 097 207 151 239
0133 143 171 212 208 098 208 151 239
0134 141 170 210 206 090 207 146 238
0135 149 170 217 205 098 207 150 239
0136 153 167 213 206 097 206 152 239
0137 143 171 212 211 098 206 149 239
0138 138 174 207 214 099 207 149 239
0139 143 173 206 218 098 207 149 239
0140 145 174 210 217 099 208 148 239
0141 148 176 213 217 098 208 150 239
0142 153 178 219 220 098 208 149 239
0143 157 178 211 222 104 210 150 239
0144 157 180 212 225 106 210 150 239
0145 157 179 211 228 106 210 149 239
0146 154 179 211 227 105 208 149 239
0147 154 179 209 227 102 207 151 239
0148 155 179 206 228 100 206 150 239
0149 153 182 208 233 103 208 151 239
0150 154 186 209 233 102 206 150 239
0151 151 181 208 229 098 205 150 239
0152 153 179 207 229 103 201 148 239
0153 155 178 207 228 102 201 147 239
0154 156 177 208 226 100 204 150 239
0155 157 172 204 227 091 203 152 239
0156 160 174 214 221 096 204 147 238
0157 159 172 212 219 099 203 146 239
0158 159 172 212 218 101 204 147 239
0159 157 171 216 218 097 206 152 239
0160 165 166 216 209 094 204 148 239
0161 169 157 218 203 100 205 153 239
0162 169 153 226 198 096 203 149 239
0163 169 142 223 183 098 205 153 239
0164 170 133 225 170 100 206 153 239
0165 100 206 153 239 169 125 225 155
0166 099 208 152 239 163 121 235 155
0167 090 204 148 238 159 120 226 147
0168 098 205 152 239 159 121 223 152
0169 160 123 228 152 096 205 152 239
0170 160 121 223 153 097 205 146 239
0171 158 126 223 158 097 205 147 239
0172 155 131 229 161 096 205 153 239
0173 148 133 226 161 096 208 152 239
0174 152 133 218 165 095 207 148 239
0175 153 138 220 167 097 205 148 239
0176 156 139 218 171 091 210 149 239
0177 170 142 220 179 089 207 148 239
0178 095 203 149 239 172 150 214 192
0179 094 204 143 239 165 160 217 204
0180 094 203 144 239 157 173 206 225
0181 096 200 146 239 152 179 195 233
0182 148 187 192 237 097 199 141 239
0183 095 204 144 239 147 189 187 239
0184 097 204 143 239 148 190 192 237
