0000 084 213 117 239 161 210 190 239
0001 086 208 114 239 160 212 181 239
0002 085 209 116 239 158 213 180 239
0003 091 208 116 237 161 212 184 239
0004 163 210 186 239 088 214 124 239
0005 085 205 119 239 162 211 188 239
0006 092 201 125 239 160 207 187 239
0007 090 195 123 235 162 191 187 230
0008 094 175 120 206 157 167 194 208
0009 162 141 197 172 086 140 124 171
0010 086 097 114 137 166 096 203 135
0011 187 053 214 087
0012 052 015 083 057
0013 044 008 077 045 194 016 216 050
0014 184 015 208 046 047 011 079 061
0015 182 015 206 049 056 010 083 047
0016 181 016 206 049 053 011 085 060
0017 182 017 206 048 054 012 085 055
0018 183 016 207 047 059 009 087 051
0019 184 016 209 047 054 009 084 054
0020 185 016 208 046 053 009 085 056
0021 053 010 084 058 184 016 207 047
0022 052 010 085 059 185 016 207 043
0023 053 011 084 059 188 017 210 048
0024 181 019 205 052 054 010 085 051
0025 173 021 209 057 056 018 094 059
0026 062 024 091 071
0027 165 064 201 095 068 063 106 101
0028 168 093 197 133 075 104 101 144
0029 083 144 111 173 165 141 200 177
0030 085 175 112 207 164 175 200 216
0031 081 186 117 223 166 190 192 230
0032 162 203 190 238 082 201 116 237
0033 090 206 119 239 161 212 187 239
0034 092 207 121 239 166 208 195 239
0035 089 206 117 239 164 207 196 239
0036 084 204 118 239 168 210 191 239
0037 085 203 115 238 170 211 193 239
0038 083 204 115 238 163 207 189 237
