0000 122 188 141 221 205 196 227 225
0001 121 187 142 224
0002 125 187 146 221 205 197 227 226
0003 122 188 143 219 205 197 226 226
0004 122 188 143 219 205 197 227 227
0005 123 188 143 218
0006 124 187 145 222 205 196 226 226
0007 122 189 142 219 205 197 226 227
0008 125 186 145 219 200 211 221 239
0009 128 185 149 220 197 207 218 236
0010 131 176 152 210
0011 131 162 158 196 193 163 226 201
0012 189 153 216 181 134 154 159 182
0013 176 115 211 148 138 132 171 161
0014 133 089 170 137 179 078 215 121
0015 137 063 162 100 190 054 216 093
0016 132 040 159 082 194 039 218 071
0017 136 039 157 072 197 035 222 071 292 204 317 236
0018 131 036 157 072 198 034 222 070
0019 200 036 221 070 132 035 154 069
0020 132 034 154 069 198 033 222 067
0021 130 037 151 069 202 034 226 070
0022 125 036 149 070 200 034 226 070
0023 200 033 227 068 125 037 150 073
0024 202 034 226 068 124 037 149 073
0025 202 035 226 069 130 036 152 071
0026 125 037 150 075 201 037 227 059
0027 201 034 226 068 130 039 151 072
0028 126 037 150 074 200 034 227 067
0029 126 037 150 074 200 038 223 064
0030 201 034 227 068 130 036 152 071
0031 201 034 226 068 130 035 152 073
0032 200 035 228 070 126 035 156 073
0033 202 033 226 068 125 034 150 074
0034 201 035 227 070 125 035 151 071
0035 201 034 227 070 131 037 152 071
0036 201 033 228 068 124 034 151 074
0037 202 032 227 068 125 035 152 074
0038 202 034 227 070 130 038 152 073
0039 202 033 226 068 126 034 158 075
0040 202 034 227 068 129 038 151 071
0041 201 034 227 068 125 035 150 072
0042 202 034 227 069 125 035 149 071
0043 125 034 149 071 201 034 228 071
0044 124 034 149 071 202 035 226 071
0045 201 034 227 070 124 035 149 072
0046 201 034 226 069 124 035 149 072
0047 201 034 226 068 124 035 148 072
0048 201 035 226 068 124 035 151 072 293 206 317 239
0049 201 034 225 070 128 036 152 072 293 206 316 239
0050 124 035 149 071 201 034 225 071 293 206 316 239
0051 200 034 225 066 124 037 149 073 293 206 316 239
0052 197 031 231 064 122 036 147 073 293 206 316 239
0053 125 037 148 070 201 035 225 067
0054 199 033 221 068 125 038 148 069
0055 200 032 227 067 125 039 148 073 293 206 316 239
0056 197 040 223 072 125 042 147 080 293 206 316 239
0057 184 071 224 104 128 067 155 097 293 206 316 239
0058 181 093 229 129 124 090 162 128 293 206 316 239
0059 125 119 164 148 179 121 223 155
0060 189 153 217 187 128 146 162 177
0061 130 170 156 200 195 173 219 202
0062 127 179 152 212 201 183 226 219
0063 212 200 230 227 123 184 142 216
0064 217 192 238 228 120 188 142 221
0065 218 193 239 227 117 183 136 215
0066 215 186 237 221 120 191 140 218
0067 120 188 141 217 214 187 235 221
0068 121 188 143 219 211 188 232 224
0069 212 189 233 224 120 188 142 217
0070 210 189 231 222 124 191 143 220
0071 119 188 140 220 209 191 230 225
