0000 144 113 185 156
0001 142 116 185 162 000 210 019 239
0002 143 112 184 154 003 203 032 237
0003 143 116 182 158 007 197 046 238
0004 139 117 180 157 017 189 054 228
0005 139 114 178 153 032 184 075 225
0006 046 178 099 225 137 114 178 153
0007 055 203 106 239 138 112 179 153
0008 136 112 177 151 051 199 103 238
0009 050 202 096 239 130 102 173 137
0010 047 199 099 238 125 078 169 123
0011 119 060 170 114 051 204 101 239
0012 049 203 101 239 113 044 163 101
0013 049 203 096 239 110 043 159 099
0014 115 034 165 098 045 205 101 239
0015 111 034 159 095 050 205 101 239
0016 109 037 159 095 050 201 100 239
0017 109 032 158 096 050 200 098 239
0018 109 031 155 091 048 205 099 239
0019 109 028 158 093 046 205 099 239
0020 110 024 156 089 049 202 100 238
0021 116 033 159 083 049 201 101 239
0022 050 203 097 237 115 040 165 093
0023 110 049 167 101 050 204 096 238
0024 107 058 169 111 048 201 101 239
0025 107 067 165 127 048 203 099 239
0026 112 076 166 135 047 199 099 239
0027 110 082 168 141 051 204 095 238
0028 105 088 172 148 048 200 100 237
0029 108 091 163 148 048 204 097 239
0030 048 204 097 239 111 089 167 150
0031 106 092 168 153 048 202 097 239
0032 113 092 167 147 049 204 097 239
0033 048 203 098 239 109 092 165 145
0034 124 094 176 144 049 204 100 239
0035 050 200 099 239 128 099 174 145
0036 051 199 101 239 147 112 193 159
0037 053 199 101 239 154 130 204 178
0038 048 204 101 239 163 154 207 196
0039 046 202 102 239 177 175 219 220
0040 044 197 098 237 189 212 230 239
0041 045 197 100 237
