0000 105 171 122 200 174 175 191 203
0001 106 171 122 200 174 175 190 203
0002 105 173 121 201 173 175 189 203
0003 103 172 120 203 173 173 190 203
0004 169 176 188 203 099 170 119 201
0005 089 162 113 192 162 163 181 191
0006 152 131 178 157 082 138 107 161
0007 152 079 177 114 084 085 105 119
0008 093 048 113 085 155 048 180 080
0009 095 038 115 071 160 041 178 067
0010 098 033 118 065 162 035 180 060
0011 102 034 121 068 159 032 181 058
0012 099 036 120 067 160 033 180 058
0013 102 035 123 068 163 034 183 061
0014 098 033 120 066 162 032 181 059
0015 100 035 120 064 162 033 182 060
0016 102 031 123 065 161 036 179 062
0017 102 031 123 065 161 036 179 062
0018 161 035 179 060 100 035 122 065
0019 098 034 116 064 161 035 179 060
0020 097 037 118 069 160 035 180 062
0021 162 042 181 068 093 044 113 080
0022 087 065 107 102 158 071 178 101
0023 082 096 104 132 162 119 185 150
0024 164 153 185 185 087 135 108 160
0025 168 163 185 192 091 149 116 177
0026 170 169 187 200 098 159 119 192
0027 105 169 122 199 172 172 189 200
0028 105 169 123 199 171 175 187 204
0029 173 177 194 203 105 170 124 201
0030 174 174 191 203 106 170 124 197
0031 105 174 123 202 173 174 190 203
0032 171 173 188 202 106 172 123 199
