0000 079 206 104 239 201 216 224 239
0001 078 203 110 239 197 210 221 239
0002 077 199 110 239 197 218 221 239
0003 076 203 110 239
0004 081 198 107 237 193 211 221 239
0005 192 201 215 236 079 178 117 220
0006 182 181 205 220 082 166 115 201
0007 170 158 197 193 096 151 120 182
0008 094 131 122 165 159 131 197 171
0009 161 103 190 148 093 100 120 144
0010 089 081 118 126 163 080 198 144
0011 070 060 103 109 175 051 204 121
0012 055 058 092 105 180 052 215 114
0013 041 063 083 107 201 049 230 113
0014 034 067 076 106 207 052 250 105
0015 211 056 262 111 030 074 073 109
0016 213 067 268 113 029 078 071 112
0017 028 081 072 114 211 068 266 117
0018 028 082 071 116 213 075 268 127
0019 026 085 072 119 220 079 280 117
0020 027 085 072 119 214 076 272 118
0021 025 083 077 121 218 078 275 122
0022 027 084 072 118 221 076 274 117
0023 216 077 274 121 028 083 071 118
0024 211 079 267 123 028 084 071 118
0025 211 079 267 123 027 084 071 118
0026 210 078 267 123 029 085 071 117
0027 029 083 071 116 216 078 272 120
0028 028 084 071 118 211 078 267 122
0029 216 082 268 127 028 087 073 122
0030 028 100 080 141 223 090 269 139
0031 031 122 082 158 219 134 250 166
0032 211 170 251 212 039 157 085 188
0033 203 188 239 239 049 174 089 207
0034 062 189 098 233 189 209 226 239
0035 078 198 105 238
0036 083 199 107 233
0037 090 188 115 225
