0000 112 216 134 239 208 220 230 239
0001 113 211 136 239 220 213 241 239
0002 111 202 143 239 222 204 250 239
0003 109 179 141 230 220 187 254 217
0004 105 164 135 205 212 166 250 197
0005 092 142 128 175 204 150 242 180
0006 093 128 133 163 211 130 245 165
0007 216 108 250 147 088 104 129 149
0008 219 088 253 129 084 092 120 136
0009 226 078 260 131 081 081 106 127
0010 235 073 271 115 071 072 096 120
0011 239 076 280 113 041 078 081 117
0012 031 090 077 121 250 081 292 114
0013 031 094 079 119 247 083 297 115
0014 246 086 295 115 035 094 083 121
0015 035 089 091 118 241 089 281 117
0016 239 086 279 118 044 090 089 114
0017 228 085 279 121 045 088 090 113
0018 228 085 272 122 043 089 089 113
0019 233 086 276 118 047 089 090 114
0020 046 090 090 114 226 085 277 119
0021 049 087 091 121 228 088 272 123
0022 058 096 093 141 234 093 273 125
0023 236 102 280 136 055 124 097 164
0024 240 113 279 151 056 155 095 184
0025 081 203 106 235 236 157 286 189
0027 111 216 137 239 220 215 250 239
0028 102 210 135 239 216 220 250 239
0029 092 212 116 239
0030 090 215 121 239 239 215 270 239
