0000 189 155 231 198
0001 190 155 231 197
0002 192 159 232 198
0003 192 158 232 198
0004 124 199 170 237 188 158 233 198
0005 117 157 182 196 195 157 231 198
0006 189 156 230 199 126 118 184 161
0007 196 158 231 196 126 089 193 133
0008 192 156 232 198 128 070 188 114
0009 195 159 231 200 123 056 188 102
0010 193 155 233 197 126 055 188 100
0011 188 155 234 198 124 054 188 098
0012 189 156 232 198 120 052 190 094
0013 196 159 230 200 120 053 189 097
0014 188 157 232 198 122 051 187 096
0015 124 053 187 095 188 157 232 198
0016 188 157 232 198 121 055 186 100
0017 192 156 232 198 120 051 189 097
0018 187 159 233 199 119 057 185 104
0019 188 156 232 199 110 077 177 118
0020 190 156 232 200 117 155 183 191
0021 126 200 173 239 192 157 229 196
0022 188 159 232 198 118 216 160 239
0023 187 158 231 198
0024 192 158 224 196
0025 187 155 229 196
0026 187 156 229 196
0027 189 155 229 195
0028 190 154 231 196
0029 190 154 231 195
0030 191 154 231 194
0031 191 155 231 199
0032 191 156 230 199
0033 191 155 231 199
0034 187 155 229 195
0035 191 155 231 199
0036 191 153 229 197
