0023 174 210 212 239 157 170 206 232
0024 191 189 225 234
0025 195 175 231 221
0026 195 157 241 198
0027 194 139 242 177
0028 199 123 251 162
0029 198 108 250 149
0030 203 100 254 140
0031 201 090 256 132
0032 201 091 255 131
0033 201 087 254 127
0034 201 085 257 123
0035 207 085 258 120
0036 202 079 255 120
0037 199 073 253 114
0038 202 075 252 113
0039 195 070 248 111
0040 194 068 249 109
0041 198 070 250 111
0042 193 065 249 107
0043 193 066 248 107
0044 192 066 247 107
0045 194 066 248 108
0046 192 066 247 108
0047 191 066 248 109
0048 193 066 247 109
0049 194 066 247 109
0050 193 067 248 109
0051 193 068 246 108
0052 195 069 246 109
0053 196 068 246 107
0054 197 068 246 107
0055 195 067 246 106
0056 195 067 245 106
0057 195 067 246 107
0058 193 065 244 108
0059 196 066 247 108
0060 189 066 242 108
0061 196 066 247 107
0062 197 063 243 107
0063 192 066 244 108
0064 193 065 245 107
0065 194 066 244 110
0066 194 067 244 109
0067 198 066 242 109
0068 197 065 242 110
0069 189 067 240 112
0070 173 085 225 138
0071 150 115 201 176
0072 139 139 187 190
0073 121 172 163 233
0074 115 202 156 239
