0011 084 215 129 239
0012 096 215 144 239
0013 100 196 148 239
0014 099 180 151 230
0015 097 166 149 212
0016 101 153 154 197 048 153 106 201
0017 101 143 157 184
0018 105 136 157 176
0019 103 133 160 172
0020 102 128 160 161
0021 106 128 163 166
0022 103 127 159 166
0023 105 124 158 160
0024 108 122 164 158
0025 108 122 166 160
0026 106 120 160 157
0027 102 120 165 154
0028 106 116 160 158
0029 109 117 163 153
0030 109 117 166 155
0031 108 114 166 153
0032 110 117 167 155
0033 110 116 167 154
0034 107 116 166 153
0035 109 116 167 153
0036 113 115 165 154
0037 107 113 169 152
0038 109 111 164 150
0039 111 115 167 151
0040 108 114 167 147
0041 109 114 167 147
0042 107 115 164 151
0043 106 116 170 152
0044 109 113 164 152
0045 109 114 169 147
0046 108 114 169 148
0047 107 115 166 151
0048 109 114 169 148
0049 106 116 166 151
0050 111 115 170 152
0051 111 115 171 152
0052 110 115 171 152
0053 111 113 170 151
0054 110 112 171 151
0055 110 112 170 150
0056 113 113 168 152
0057 114 115 169 152
0058 113 115 167 151
0059 111 114 166 154
0060 113 113 169 151
0061 113 111 174 151
0062 115 114 173 152
0063 111 113 171 151
0064 120 112 174 149
0065 112 111 176 147
0066 112 114 174 147
0067 114 112 175 148
0068 114 113 170 150
0069 111 113 170 150
0070 112 115 170 151
0071 110 116 170 152
0072 116 117 173 152
0073 109 117 168 153
0074 111 115 170 152
0075 110 115 170 152
0076 112 116 171 152
0077 113 116 170 151
0078 110 116 171 152
0079 110 116 171 151
0080 112 115 173 152
0081 112 115 172 152
0082 112 115 172 152
0083 111 116 170 152
0084 118 117 172 154
0085 116 115 174 152
0086 116 114 170 154
0087 115 114 170 154
0088 111 115 171 151
0089 117 114 171 152
0090 113 114 173 151
0091 119 114 174 148
0092 117 115 172 152
0093 117 115 172 152
0094 118 115 172 152
0095 118 115 172 152
0096 117 116 172 152
0097 117 116 172 152
0098 114 117 163 150
0099 114 116 164 150
0100 119 115 172 147
0101 118 115 172 147
0102 115 116 173 153
0103 115 116 171 154
0104 114 114 173 154
0105 116 114 172 155
0106 113 107 174 153
0107 114 107 169 152
0108 114 105 171 152
0109 116 105 169 146
0110 116 107 171 151
0111 117 107 171 150
0112 119 105 173 151
0113 120 105 173 151
0114 116 106 172 149
0115 119 105 169 150
0116 119 108 170 150
0117 118 109 169 152
0118 118 110 170 152
0119 118 111 168 153
0120 116 113 168 153
0121 116 112 165 153
0122 123 111 169 155 178 220 205 239
0123 123 113 168 157 176 220 207 238
0124 117 114 162 160 178 220 205 239
0125 113 115 166 161 176 220 207 238
0126 115 117 164 161 176 220 207 238
0127 110 116 165 158 175 220 207 238
0128 111 117 167 158 175 220 207 238
0129 111 117 165 158 175 220 207 238
0130 112 118 169 158 175 220 207 238
0131 115 118 162 161
0132 117 113 167 156
0133 121 112 168 156
0134 117 112 168 152
0135 114 114 166 152
0136 114 110 165 152 178 224 207 239
0137 114 114 166 152
0138 114 113 168 153
0139 114 113 169 154
0140 117 114 168 153
0141 117 113 169 154
0142 116 113 169 153
0143 116 112 168 154
0144 121 111 172 155
0145 117 114 178 158
0146 120 118 170 158
0147 124 118 175 160
0148 118 123 174 164
0149 118 131 173 172
0150 122 136 174 180
0151 118 140 176 182
0152 117 141 179 183
0153 114 138 173 184
0154 123 135 175 179
0155 118 135 176 179
0156 117 131 173 178
0157 121 132 172 176
0158 116 127 172 172
0159 113 125 171 169
0160 120 127 171 171
0161 117 121 178 165
0162 118 122 178 162 175 219 207 238
0163 118 122 175 162
0164 118 122 175 162
0165 119 122 175 162
0166 119 120 172 164
0167 119 120 172 165
0168 117 120 172 164
0169 117 119 172 164
0170 120 120 177 160 047 131 100 179
0171 119 119 177 165 047 131 099 179
0172 117 119 177 165 047 132 098 179
0173 118 120 178 162
0174 118 123 171 168
0175 117 129 170 178
0176 118 138 173 185
0177 115 153 175 195
0178 115 165 169 207
0179 115 182 164 227
0180 112 202 162 239
0181 087 212 153 239
0182 089 222 131 239
