0000 125 206 161 239
0001 125 206 161 239
0002 130 204 161 239
0003 136 185 175 235
0004 151 162 195 199
0005 165 131 215 168
0006 172 101 231 140
0007 180 077 235 114
0008 179 073 231 112
0009 180 070 236 107
0010 183 073 234 111
0011 179 071 230 109
0012 180 073 237 110
0013 183 073 237 110
0014 183 073 238 110
0015 178 074 237 109
0016 182 073 238 107
0017 181 073 237 107
0018 183 073 235 112
0019 183 073 234 112
0020 182 072 237 107
0021 179 072 235 112
0022 177 075 237 108
0023 159 080 211 118
0024 148 092 194 134
0025 140 124 179 164
0026 130 153 165 210
0027 124 176 157 234
0028 123 193 157 239
0029 118 208 155 238
0030 122 210 156 239
0031 123 212 154 235
0032 122 211 152 239
0033 122 214 152 239
0034 122 214 152 239
0035 122 214 152 239
0036 123 214 152 239
