0000 060 201 102 238 137 206 177 237 163 162 203 202
0001 060 200 102 238 138 207 176 237 163 162 203 202
0002 062 198 106 238 138 207 176 237 163 161 203 202
0003 064 197 104 239 138 207 176 237 163 161 203 203
0004 062 198 106 238 138 206 176 237 163 161 203 203
0005 064 197 104 239 138 206 176 237 164 164 203 205
0006 064 198 104 239 138 205 176 237 164 164 203 204
0007 060 201 102 238 138 205 176 237 164 164 203 204
0008 062 198 106 238 137 205 177 237 164 164 203 205
0009 062 198 106 238 137 205 177 237 164 164 203 205
0010 061 197 107 238 143 202 183 237
0011 060 197 107 239 166 191 209 233
0012 058 199 104 239 233 161 259 208 190 148 247 194
0013 058 200 104 239 239 105 287 150 190 113 235 152
0014 058 200 104 239 236 075 286 129
0015 059 200 104 239 255 070 289 123
0016 059 200 103 239 241 062 290 113
0017 060 194 107 238 255 062 286 111
0018 060 194 107 238 244 057 289 108
0019 058 199 104 239 244 055 290 109
0020 060 194 107 238 244 054 290 107
0021 060 194 107 238 240 051 284 095
0022 058 200 103 239 240 053 289 102
0023 058 200 103 239 242 050 288 103
0024 062 194 108 238 245 047 290 097
0025 061 194 108 238 246 045 290 098
0026 061 194 108 238 244 044 289 095
0027 062 194 108 238 243 046 288 097
0028 061 195 108 238 231 054 279 100
0029 061 195 108 238 220 092 256 153
0030 059 199 103 239 184 134 218 179
0031 063 195 108 238 163 163 209 213
0032 062 195 108 238 147 194 184 234
0033 062 195 108 238 144 207 180 238
0034 058 200 108 237 140 209 178 237
0035 061 198 108 238 138 208 178 236 162 168 196 206
0036 061 197 108 238 145 208 179 237 165 167 196 205
