0000 124 206 163 239
0001 128 202 162 239
0002 125 196 168 238
0003 130 197 168 237
0004 135 193 170 239
0005 129 195 173 239
0006 136 182 181 234
0007 136 179 186 219
0008 147 166 196 202
0009 156 154 208 198
0010 156 148 212 185
0011 162 138 219 173
0012 166 131 217 168
0013 165 118 227 153
0014 167 116 229 151
0015 167 115 228 149
0016 172 105 224 145
0017 171 104 226 142
0018 174 103 230 141
0019 175 100 228 140
0020 176 102 229 141
0021 175 103 224 144
0022 175 100 228 140
0023 172 102 229 139
0024 175 103 228 141
0025 175 103 228 140
0026 175 101 229 140
0027 171 103 229 141
0028 168 108 221 145
0029 164 107 213 146
0030 151 131 197 172
0031 137 151 182 190
0032 127 169 167 221
0033 124 182 157 237
0034 122 197 155 239
0035 119 203 155 239
0036 119 204 155 239
0037 124 210 153 239
0038 124 210 152 239
0039 124 210 153 239
0040 120 205 156 239
0041 124 210 153 239
0042 124 210 153 239
0043 124 210 153 239
