0000 202 193 222 227 110 190 131 221
0001 204 192 227 225 110 188 130 218
0002 202 193 223 229 109 186 128 216
0003 202 193 222 229
0004 201 188 223 227
0005 201 189 225 226
0006 201 188 226 228 085 170 109 203
0007 200 188 226 228 071 142 106 176
0008 203 187 228 227 069 086 101 133
0009 070 060 101 115 204 188 227 227
0010 074 032 107 095 209 187 230 224
0011 079 022 110 078 210 183 235 222
0012 083 020 121 070 220 182 244 218
0013 225 180 248 213 087 015 122 064
0014 091 015 129 062 221 178 252 215
0015 098 014 124 058 224 182 248 215
0016 092 012 122 060 225 178 249 211
0017 088 011 126 060 230 175 255 210
0018 094 011 123 061 234 159 265 195
0019 091 012 121 062 245 137 281 165
0020 094 014 122 062 257 104 293 136
0021 094 012 121 063 256 087 290 120
0022 094 013 121 062 254 055 290 096
0023 093 013 121 061 257 047 284 090
0024 093 016 120 062 249 036 280 082
0025 253 032 278 083 090 015 127 064
0026 090 015 128 064 250 030 277 083
0027 245 027 277 074 093 015 123 062
0028 092 016 123 063 244 027 277 074
0029 246 029 274 071 092 014 122 062
0030 244 022 273 070 089 016 128 065
0031 245 023 271 072 089 017 127 065
0032 238 018 272 065 083 010 124 061
0033 091 015 121 062 241 018 269 066
0034 238 015 268 064 090 014 120 065
0035 088 013 118 063 223 019 262 062
0036 087 015 125 063 212 015 253 054
0037 091 015 120 064 182 017 228 046
0038 093 016 125 065 163 020 222 048
0039 096 019 123 061 148 021 204 051
0040 097 015 126 061 147 025 194 052
0041 098 018 126 066 133 021 187 056
0042 128 025 174 055 100 016 127 064
0043 100 015 128 062 119 024 180 057
0044 097 015 125 063 118 023 176 058
0045 099 015 127 059 123 024 185 057
0046 100 016 127 059 116 025 179 057
0047 117 024 178 056 097 017 125 063
0048 116 025 177 057 103 017 128 061
0049 116 024 176 059 100 020 125 064
0050 100 020 125 064 114 024 178 059
0051 099 015 127 059 119 026 172 061
0052 096 018 126 067 119 030 182 066
0053 085 046 115 098 140 065 187 095
0054 077 076 111 121 155 093 196 119
0055 079 143 113 181 182 136 220 174
0056 194 161 221 195 087 168 110 199
0057 102 182 123 220 200 172 227 211
0058 207 183 231 220
0059 207 185 230 221
0060 204 185 228 222 109 188 128 219
0061 101 189 120 220 202 186 225 221
0062 098 186 119 225 200 186 222 220
0063 098 183 119 220 197 185 219 221
0064 099 182 121 220 199 185 223 221
0065 099 181 123 221 197 181 220 219
0066 108 187 127 220 198 183 223 222
0067 105 184 129 217 198 184 222 218
0068 108 187 130 220 202 184 224 219
0069 110 189 128 217
0070 103 186 124 221 206 185 225 215
0071 102 184 124 219 204 182 227 215
0072 101 182 123 222 203 184 227 220
0073 102 182 124 222 206 184 228 219
0074 105 183 126 220 198 182 231 220
