0000 117 176 148 207 169 171 203 204
0001 157 126 196 158 119 129 161 163
0002 164 078 204 111 102 081 146 113
0003 076 048 127 090 196 045 234 086
0004 230 029 255 059 058 024 094 068
0005 261 024 297 053 005 016 040 048
0006 269 034 305 061
0007 270 040 304 066 009 043 048 074
0008 271 037 303 065 009 043 048 075
0009 267 035 306 063 006 041 049 076
0010 264 034 302 063
0011 272 068 309 096 016 079 063 121
0012 271 119 308 149
0013 272 123 306 150 010 142 048 175
0014 269 119 308 144 008 134 053 167
0015 273 119 307 145 009 134 050 163
0016 270 120 307 146 008 128 052 163
0017 275 124 307 146 006 131 054 164
0018 274 125 306 146 004 132 044 163
0019 256 114 300 145 020 124 064 158
0020 206 108 240 145 091 108 119 148
0021 107 109 155 142 180 107 217 150
0022 154 130 195 160
0023 160 148 196 183 115 149 160 183
0024 116 177 156 213 175 176 199 215
0025 099 181 135 225 180 192 203 228
0026 102 203 126 235 187 193 208 229
0027 097 205 123 239 185 193 206 230
0028 098 199 122 237 184 192 207 232
0029 100 200 123 235 184 197 204 230
0030 100 200 128 237 183 196 204 229
