0000 156 159 176 184 101 154 121 186
0001 154 152 175 185 098 147 119 180
0002 093 136 115 170 161 133 182 172
0003 075 107 107 148 167 108 198 151
0004 181 093 232 124 050 092 086 120
0005 195 081 244 109 026 074 074 103
0006 022 066 046 088 212 070 262 097
0007 012 066 048 088
0008 014 060 046 085 210 068 269 100
0009 013 060 047 084
0010 020 057 048 081
0011 016 059 042 081 223 070 262 093
0012 198 089 241 116 014 085 050 108
0013 199 112 246 147 024 110 058 138
0014 029 119 069 152 204 118 248 152
0015 209 125 247 155 030 118 070 153 151 082 178 109
0016 207 119 248 151 027 119 067 151
0017 029 124 066 150 205 113 256 152
0018 023 110 064 141 209 120 248 151
0019 023 111 063 141
0020 023 103 066 135 201 106 255 140
0021 030 105 070 136 205 104 246 135
0022 038 114 074 142 202 107 236 135
0023 049 112 084 144 194 110 228 146
0024 062 113 094 153 184 117 209 160
0025 080 127 104 164 172 129 194 169
0026 097 138 115 165 163 143 182 177
0027 159 139 179 178 099 139 121 174
0028 104 150 122 180 156 148 175 183
0029 104 155 122 184 156 149 175 183
0030 154 151 175 185 102 154 123 185
0031 102 152 122 183 156 150 175 184
