0000 079 202 109 238 145 208 189 237
0001 079 202 109 238 145 209 188 237
0002 142 208 189 238 079 202 109 238
0003 140 206 192 238 079 203 109 238
0004 079 203 109 238 140 208 195 238
0005 143 208 195 238 078 202 109 238
0006 078 202 109 238 143 203 197 239
0007 078 202 109 237 144 199 197 238
0008 079 202 109 237 144 195 198 236
0009 079 202 109 237 145 185 204 237
0010 079 202 109 237 145 180 197 227
0011 080 204 110 238 145 168 199 210
0012 080 205 110 238 151 154 201 196
0013 080 204 110 238 152 144 204 186
0014 080 202 109 237 151 137 209 184
0015 080 202 109 237 148 136 207 177
0016 080 202 109 237 150 136 202 179
0017 080 202 109 237 154 138 200 183
0018 079 202 109 238 151 139 203 186
0019 079 205 109 238 152 141 205 188
0020 079 202 109 237 150 137 203 188
0021 079 202 109 237 152 140 205 189
0022 079 202 109 237 155 139 205 193
0023 079 203 109 237 155 139 208 194
0024 079 203 109 237 154 139 202 192
0025 079 203 109 237 152 141 201 192
0026 079 203 109 237 153 141 202 190
0027 079 203 109 237 152 141 201 192
0028 079 203 109 237 154 145 203 198
0029 079 203 109 237 151 141 201 191
0030 079 203 109 237 152 144 203 199
0031 079 203 109 237 152 143 203 196
0032 080 203 110 237 147 142 204 190
0033 080 204 110 237 149 144 197 193
0034 080 203 110 237 148 141 199 192
0035 080 203 110 237 146 142 204 189
0036 080 203 110 237 149 141 199 193
0037 080 203 110 237 151 144 203 198
0038 080 203 110 237 151 146 198 199
0039 080 203 109 237 149 143 195 194
0040 080 203 109 238 146 142 200 192
0041 080 203 109 238 146 142 200 191
0042 080 203 109 238 147 142 200 191
0043 080 203 109 238 146 144 196 190
0044 080 203 109 237 147 141 202 192
0045 080 203 109 237 147 141 199 192
0046 080 203 109 237 148 142 199 191
0047 080 203 109 237 147 143 196 190
0048 080 203 109 237 147 144 196 191
0049 080 203 109 237 147 143 203 195
0050 080 203 109 237 147 142 201 195
0051 080 204 109 237 148 151 199 207
0052 074 204 113 239 146 157 196 210
0053 146 158 195 212 074 204 113 239
0054 074 204 113 239 145 164 193 217
0055 080 204 109 236 145 178 187 238
0056 079 203 109 237 139 201 190 239
0057 079 203 110 237 143 209 190 239
