0008 184 181 224 238
0009 192 170 230 236
0010 196 162 238 238
0011 168 177 226 220
0012 134 138 198 190
0013 114 120 175 172
0014 094 112 163 165
0015 081 109 147 162
0016 073 106 138 159
0017 065 110 132 163
0018 063 108 125 161
0019 062 113 128 160
0020 059 112 117 165
0021 061 113 119 165
0022 061 111 123 165
0023 060 110 127 161
0024 063 107 120 161
0025 059 109 121 161
0026 065 103 121 157
0027 061 105 134 157
0028 066 100 127 161
0029 060 103 126 155
0030 067 102 134 158
0031 067 102 139 156
0032 088 107 143 161
0033 101 122 168 170
0034 133 146 186 203
0035 154 195 218 239 181 155 219 197
0036 186 168 226 238
