0005 144 203 199 239
0006 140 158 191 200
0007 133 119 186 160 197 132 239 172
0008 128 098 178 153
0009 122 088 170 140
0010 110 080 165 122
0011 109 075 162 119
0012 115 072 162 120
0013 107 075 159 119
0014 111 074 156 122
0015 111 075 156 120
0016 107 076 159 120
0017 110 078 156 127
0018 105 081 159 124
0019 103 080 159 124
0020 112 077 158 127
0021 108 078 160 117
0022 116 078 157 117
0023 114 078 157 117
0024 107 079 158 118
0025 112 078 156 127
0026 112 078 156 127
0027 110 079 157 129
0028 111 078 155 127
0029 112 077 154 127
0030 111 076 153 127
0031 113 078 153 125
0032 109 078 151 122
0033 112 078 154 125
0034 112 078 155 128
0035 104 082 163 130
0036 112 090 167 142 185 094 234 136
0037 119 110 174 148
0038 127 137 179 180
0039 138 207 194 239
