0004 216 207 255 238
0005 240 202 282 239
0006 249 150 296 181
0007 236 111 281 157
0008 230 093 262 137
0009 200 077 245 120
0010 186 069 220 109
0011 171 067 215 107
0012 171 068 214 108
0013 170 070 212 107
0014 170 071 211 108
0015 171 070 211 108
0016 175 072 208 110
0017 170 072 210 106
0018 170 072 210 107
0019 170 072 210 107
0020 170 072 211 107
0021 171 072 215 109
0022 176 074 218 111
0023 182 080 223 120
0024 198 098 229 137
0025 207 127 237 167
0026 205 180 242 227
0028 151 137 185 199
