0003 082 224 131 239
0004 082 222 130 239
0005 081 222 129 239
0006 089 217 132 239 187 219 220 239
0007 094 208 137 239 172 194 215 239
0008 098 199 143 239 157 166 209 208
0009 104 188 156 231 144 128 190 170
0010 143 118 184 158 113 180 171 223
0011 139 120 186 162 125 174 177 210
0012 136 147 190 192
0013 132 138 180 173 140 169 189 210
0014 132 126 180 166 138 175 190 215
0015 126 145 181 186
0016 135 125 184 164 124 170 179 210
0017 135 123 183 165 120 165 180 200
0018 133 149 186 193
0019 131 120 179 159 135 168 191 209
0020 123 141 175 182
0021 121 159 182 200
0022 134 123 185 163 121 172 182 211
0023 138 127 186 166 120 168 180 205
0024 143 130 191 174 120 155 169 190
0025 151 134 201 180 109 137 160 179
0026 165 134 215 180 088 134 134 179
0027 195 129 234 175 069 137 105 183
0028 205 127 242 174 063 139 097 187
0029 063 137 100 190 204 130 239 178
0030 201 130 239 179 065 138 102 187
0031 071 143 103 186 194 132 238 179
0032 197 133 235 181 070 144 103 190
0033 197 134 237 181 070 143 103 191
0034 195 144 233 193 070 152 109 198
0035 194 165 233 212 074 166 119 209
0036 191 178 233 232 076 184 119 230
0037 190 194 233 239 073 196 121 239
0038 080 218 126 239 190 211 224 239
0039 078 221 127 239
