0000 010 209 052 239
0001 009 210 052 239
0002 009 211 047 239
0003 008 210 047 239
0004 009 205 052 239
0005 006 209 052 239
0006 007 201 051 239
0007 011 184 060 236
0008 072 204 123 239 019 160 076 206
0009 040 130 093 178 071 163 133 199
0010 039 124 095 173 081 109 128 140
0011 050 140 119 183 079 062 131 105
0012 088 088 139 140
0013 079 073 118 116 077 131 128 174
0014 080 067 128 110 067 127 115 172
0015 063 117 125 151 087 069 132 119
0016 077 126 137 171 083 073 116 101
0017 044 107 104 146 081 087 121 120
0018 057 115 120 146 093 072 131 117
0019 059 074 113 120 079 119 133 160
0020 082 068 124 108 050 122 111 163
0021 056 095 119 129 084 116 128 151
0022 051 089 100 136
0023 058 115 118 149 091 064 134 111
0024 080 121 131 163 073 069 112 111
0025 081 068 123 108 049 120 113 165
0026 078 094 136 141
0027 082 082 130 119 054 109 120 150
0028 041 106 095 148 094 133 142 170
0029 157 160 202 202
0030 212 168 254 211
0031 239 170 286 216
0032 248 172 296 220
0033 246 170 294 217
0034 242 170 290 223
0035 245 170 289 220
0036 243 172 289 220
0037 245 171 287 219
0038 244 170 289 221
0039 232 176 280 226
0040 210 183 258 239
0041 182 201 222 239
0042 006 197 048 239 146 210 189 239
0043 008 195 055 239 137 218 172 239
0044 005 201 052 239
0045 008 204 051 239
0046 008 200 050 239
0047 006 204 049 239
0048 008 209 054 239
0049 008 206 048 239
0050 008 208 048 239
0051 011 210 051 239
