0000 103 211 131 239 194 215 228 239
0001 202 206 240 239 097 205 123 239
0002 212 201 246 232 092 192 127 232
0003 213 187 252 217 098 179 123 210
0004 210 164 257 190
0005 091 136 126 172 218 135 254 167
0006 087 110 123 163 218 112 255 154
0007 225 084 255 131 089 078 124 133
0008 220 065 248 108 094 052 126 110
0009 096 041 129 098 219 048 245 093
0010 101 040 131 091 214 045 239 086
0011 101 037 132 083 212 043 238 085
0012 096 032 135 079 210 041 237 082
0013 203 040 230 081 102 034 134 079
0014 206 039 233 078 102 028 135 077
0015 204 035 232 072 101 033 144 077
0016 202 035 233 075 107 028 140 073
0017 194 029 231 071 107 027 141 073
0018 192 033 231 073 108 030 140 072
0019 196 034 234 074 105 030 139 075
0020 198 036 232 076 104 035 144 078
0021 104 031 139 079 203 039 229 079
0022 103 031 143 078 203 041 229 082
0023 103 031 138 079 207 040 235 086
0024 103 033 137 080 206 042 234 084
0025 209 044 239 086 104 035 134 081
0026 212 046 238 090 104 039 134 081
0027 212 047 238 091 101 036 135 086
0028 101 040 133 084 212 045 240 093
0029 212 048 239 092 101 035 133 084
0030 212 048 238 091 100 035 132 088
0031 101 039 132 086 213 046 240 090
0032 096 040 136 088 213 048 238 088
0033 096 038 136 088 213 046 238 090
0034 094 036 131 087 213 045 239 092
0035 098 035 132 088 213 046 239 093
0036 213 048 238 092 098 035 131 088
0037 096 037 128 091 213 048 238 091
0038 096 037 129 092 213 048 239 092
0039 212 047 239 092 096 036 129 091
0040 212 048 239 092 096 036 130 091
0041 100 036 137 088 212 048 239 093
0042 096 039 136 091 212 049 239 092
0043 100 042 131 089 212 046 239 093
0044 094 046 134 094 212 049 240 098
0045 096 045 128 097 213 052 238 098
0046 096 051 126 104 216 056 243 102
0047 096 061 126 112 221 064 245 110
0048 227 075 252 122 091 074 119 122
0049 076 104 110 147 231 103 264 147
0050 071 126 108 166 235 129 274 163
0051 236 160 280 187 075 155 110 186
0052 077 177 114 208 232 179 279 209
0053 227 198 267 229 085 198 113 231
0054 216 214 251 239
0055 199 219 227 239
0056 193 214 224 239
0057 193 211 223 239
