0000 199 209 230 239
0001 196 213 228 239
0002 201 215 224 239 113 220 138 239
0003 202 210 231 239 109 207 133 236
0004 213 199 245 237 107 193 133 224
0005 105 171 141 202 221 173 247 210
0006 103 146 138 180 218 150 256 178
0007 100 129 139 178 222 136 259 168
0008 218 097 255 145 104 108 147 167
0009 220 073 251 126 107 080 144 138
0010 219 053 251 107 110 058 146 113
0011 216 022 255 073 109 023 149 074
0012 107 008 141 052 225 007 253 056
0013 223 009 250 039 106 006 137 038
0014 215 005 248 041 110 007 142 029
0015 211 005 244 042 113 009 146 029
0016 212 008 238 040 117 008 151 030
0017 207 005 237 039 118 009 148 029
0018 206 006 236 040 126 007 157 027
0019 206 006 234 041 122 009 155 032
0020 127 006 158 029 205 005 230 031
0021 127 007 158 030 206 004 235 037
0022 203 003 242 030 123 009 154 032
0023 211 004 240 036 123 009 154 032
0024 206 004 232 027
0025 207 004 234 035 123 010 155 033
0026 125 006 156 026 206 005 235 037
0027 130 006 159 024 205 008 231 038
0028 130 006 159 024
0029 129 009 160 032
0030 133 007 162 032 191 007 234 039
0031 130 006 159 027 204 007 233 037
0032 130 006 159 026 199 006 223 030
0033 130 010 159 034 196 005 234 034
0034 131 007 160 026 194 006 236 034
0035 131 007 160 032 200 006 228 038
0036 130 007 159 032 198 008 224 033
0037 196 005 226 040 132 009 159 033
0038 204 010 232 041 130 005 169 046
0039 205 011 234 056 127 009 165 055
0040 211 028 240 078 128 031 158 080
0041 219 055 248 105 121 064 154 111
0042 227 103 256 148 116 106 148 148
0043 216 174 251 208 119 177 143 204
0044 214 208 235 237 110 202 143 238
0045 108 220 136 239
