0000 090 209 110 239
0001 088 213 113 239
0002 091 214 109 236
0003 094 213 115 239
0004 095 219 115 239
0005 095 218 115 239
0006 086 214 108 239
0007 064 203 087 237 179 202 203 236
0008 044 184 081 218 179 181 214 218
0009 179 138 212 174 035 146 081 175
0010 037 098 074 134 177 085 204 140
0011 048 066 076 104 177 054 202 117
0012 060 051 083 090 177 043 203 101
0013 066 047 090 077 180 039 208 104
0014 069 043 092 079 181 042 207 090
0015 179 044 206 091 073 042 097 079
0016 073 043 097 081 177 043 203 095
0017 073 042 098 081 175 046 201 096
0018 074 043 098 083 177 045 208 095
0019 073 045 096 084 174 046 200 095
0020 073 046 097 081 176 045 203 099
0021 176 046 203 094 070 047 098 085
0022 074 045 100 081 175 044 203 097
0023 074 047 100 079 168 042 206 092
0024 175 043 203 098 071 044 095 083
0025 176 044 203 097 072 043 096 081
0026 071 045 097 083 176 046 202 100
0027 071 047 095 082 175 045 203 099
0028 070 045 095 083 176 045 202 098
0029 067 054 091 087 177 051 201 105
0030 060 072 086 109
0031 056 112 090 150 179 147 208 183
0032 168 190 196 238 058 156 094 184
0033 161 209 190 239 066 189 100 224
0034 079 205 104 239 160 216 187 239
0035 082 212 103 238 155 215 188 239
0036 159 212 188 239 085 214 106 239
0037 086 218 106 239 161 213 185 239
0038 089 215 109 239 160 212 185 239
0039 158 215 185 239 093 217 110 239
0040 158 213 185 239 094 215 114 239
0041 093 212 119 239 157 214 189 239
0042 097 212 119 239
0043 095 213 116 237
