0000 151 212 176 239 087 206 106 236
0001 152 207 177 239 086 207 105 237
0002 155 211 178 235 080 205 101 238
0003 157 213 182 239 072 204 091 231
0004 053 192 078 225 162 201 190 237
0005 031 171 073 199 174 159 208 209
0006 172 123 211 154 027 128 067 159
0007 180 075 216 124 029 088 066 129
0008 178 036 213 086 040 061 067 105
0009 055 054 079 091 172 025 205 070
0010 062 049 087 088 176 033 200 073
0011 068 058 092 088 171 042 196 080
0012 070 062 095 093 161 048 194 091
0013 070 058 105 097 165 057 189 091
0014 074 061 108 096 162 056 190 094
0015 075 061 108 099 161 056 185 093
0016 075 064 101 096 166 060 192 099
0017 078 061 104 098 165 056 189 095
0018 076 064 101 097 161 055 186 093
0019 075 057 109 097 162 054 188 096
0020 073 065 109 098 163 057 189 093
0021 074 063 101 097 164 057 189 093
0022 075 062 099 094 167 052 192 092
0023 070 060 095 097 168 050 194 093
0024 071 058 095 092 170 048 194 088
0025 170 045 195 088 072 054 098 092
0026 168 043 193 085 073 051 097 086
0027 165 045 198 086 073 054 098 090
0028 073 054 099 090 170 047 195 086
0029 170 046 196 085 073 053 099 092
0030 073 054 098 092 165 044 198 088
0031 072 054 095 089 170 043 197 086
0032 068 059 091 091 175 044 202 087
0033 066 061 089 095 174 048 205 095
0034 062 065 087 100 181 058 202 100
0035 060 077 081 115 184 076 208 120
0036 059 093 082 130 186 098 212 139
0037 052 111 087 147 177 123 211 163
0038 058 136 088 164 174 151 209 182
0039 054 151 091 181 176 172 204 212
0040 176 195 196 230 054 168 088 197
0041 062 184 094 221 163 207 185 239
0042 064 195 093 230 160 201 184 237
0043 072 202 096 231 154 214 184 239
0044 155 213 180 239 075 203 095 231
0045 077 206 098 231 157 209 176 236
0046 155 206 177 239 080 203 099 233
0047 154 208 178 238 081 204 100 237
0048 151 205 175 239 082 203 100 232
0049 150 206 177 239 084 207 105 235
0050 150 208 178 239 082 203 101 231
0051 152 206 175 236 085 206 104 232
0052 149 207 177 239 082 205 102 238
0053 150 204 177 239 083 207 104 233
0054 152 204 177 239 085 206 106 238
0055 153 208 178 239 085 205 104 232
0056 082 204 100 235 153 207 178 239
0057 153 207 178 239 082 205 101 235
0058 153 204 178 239 082 206 102 238
0059 152 204 177 239 082 206 101 237
0060 082 204 101 236 150 206 178 239
0061 152 206 177 239 082 202 102 233
0062 150 208 174 238 082 205 102 237
0063 153 207 175 235 082 206 101 237
0064 150 208 174 238 082 202 102 236
0065 151 207 178 239 083 203 104 231
0066 149 210 180 239 083 206 103 233
0067 151 209 177 239 085 204 103 231
0068 151 210 177 239 082 206 101 237
0069 154 208 175 236 081 207 101 233
0070 152 207 178 239 083 206 102 238
0071 152 207 175 237 082 205 100 237
0072 149 204 177 239 083 204 104 231
0073 152 209 177 239 083 204 104 231
0074 153 208 179 239 081 202 100 234
0075 082 206 101 237 153 202 179 239
0076 153 208 174 236 081 203 102 237
0077 153 208 175 237 082 205 102 237
0078 152 207 175 237 082 205 102 237
0079 152 207 178 239 082 205 100 237
0080 153 208 178 239 084 206 105 231
0081 151 208 174 238 081 205 101 231
0082 152 208 174 238 083 205 102 236
0083 153 202 178 239 083 205 104 232
0084 153 208 178 239 081 204 101 231
0085 153 201 178 239 081 207 102 235
0086 082 205 101 235 152 204 177 239
0087 081 205 102 238 153 206 178 239
0088 151 208 174 239 082 206 101 237
0089 150 209 173 239 082 206 102 238
0090 152 208 178 239 082 205 101 231
0091 082 206 101 232 153 203 177 239
0092 082 206 101 238 152 206 177 239
0093 152 206 177 239 083 205 102 236
0094 153 204 178 239 082 203 102 235
