0012 117 196 171 238
0013 126 161 178 231
0014 127 136 181 213
0015 133 114 187 198
0016 137 091 190 170
0017 134 086 190 162
0018 140 074 190 146 046 194 088 239
0019 145 058 187 141 048 196 089 239
0020 144 050 191 138
0021 141 053 191 130 127 156 164 215
0022 146 045 192 134
0023 143 045 195 131
0024 145 046 191 130 045 197 101 236
0025 143 048 190 120 044 198 103 236
0026 144 044 187 128
0027 138 054 187 133
0028 140 055 187 138
0029 135 062 189 143 045 199 098 236
0030 134 085 185 160
0031 138 095 186 169 047 193 096 239
0032 132 115 179 194
0033 127 155 176 221
0034 123 184 166 235 052 199 093 239
0035 119 205 170 239 053 201 094 239
0036 053 197 094 238
0037 053 197 095 238
0043 052 197 092 237
0044 051 196 094 237
0045 048 196 094 238
