0000 151 209 191 239 084 216 129 239
0001 082 216 127 239 154 213 194 239
0002 150 209 191 239 083 216 124 239
0003 083 216 127 239 150 208 191 239
0004 084 216 128 239 150 209 191 239
0005 084 216 128 239 150 209 191 239
0006 080 214 129 239 151 212 193 239
0007 084 216 128 239 151 211 193 239
0008 082 216 131 239 151 211 195 239
0009 081 212 130 239 160 211 199 239
0010 165 199 204 239 081 212 129 239
0011 168 176 214 229 083 215 127 239
0012 082 217 131 239 168 157 212 198
0013 167 125 216 174 082 217 131 239
0014 168 105 216 158 083 215 127 239
0015 172 080 217 143 083 215 127 239
0016 170 061 217 127 085 220 123 239
0017 176 052 221 120 083 215 124 239
0018 179 040 224 114 084 215 129 239
0019 179 035 221 110 083 215 128 239
0020 178 029 219 105 083 215 128 239
0021 173 019 220 093 083 215 128 239
0022 177 019 223 091 081 214 131 239
0023 173 017 217 085 084 216 131 239
0024 173 016 217 083 084 216 130 239
0025 174 021 217 088 084 216 131 239
0026 174 020 219 082 084 216 129 239
0027 174 020 218 084 084 216 129 239
0028 173 015 219 087 084 216 129 239
0029 176 015 223 081 084 216 129 239
0030 182 016 226 081 084 217 128 239
0031 176 015 226 079 083 216 127 239
0032 178 019 222 082 081 214 130 239
0033 178 022 222 083 081 214 130 239
0034 179 017 222 077 082 214 131 239
0035 185 023 226 080 083 216 128 239
0036 179 016 225 075 082 215 132 239
0037 177 015 223 078 082 215 132 239
0038 183 016 227 083 082 215 130 239
0039 182 014 224 080 082 215 130 239
0040 177 014 223 079 083 215 129 239
0041 178 014 223 080 082 215 128 239
0042 178 014 222 082 083 217 130 239
0043 179 016 223 085 083 217 128 239
0044 183 019 223 080 080 216 132 239
0045 179 011 224 078 081 216 132 239
0046 178 016 224 079 081 216 132 239
0047 183 018 227 077 081 216 131 239
0048 178 015 222 082 081 216 131 239
0049 177 016 226 081 081 216 132 239
0050 178 023 227 086 082 218 131 239
0051 177 040 227 100 082 218 130 239
0052 181 067 223 124 082 217 130 239
0053 170 113 220 164 081 216 130 239
0054 082 216 129 239 174 149 214 185
0055 171 185 216 235 083 215 128 239
0056 161 197 203 239 083 215 127 239
0057 151 205 195 239 083 215 127 239
0058 153 207 191 239 080 216 124 239
0059 083 216 127 239 152 210 191 239
