0003 143 215 189 239
0004 134 220 167 239
0005 133 210 168 239
0006 132 207 168 239
0007 129 209 169 239
0008 126 192 162 225
0009 134 139 171 182
0010 123 090 172 145
0011 124 070 174 126
0012 126 052 175 113
0013 129 045 173 106
0014 130 042 171 105
0015 126 044 175 102
0016 127 042 174 102
0017 129 041 172 101
0018 129 043 172 100
0019 128 042 171 099
0020 126 038 167 104
0021 129 044 171 104
0022 129 042 170 099
0023 128 039 165 100
0024 129 040 170 099
0025 128 038 166 098
0026 128 042 172 100
0027 128 042 173 100
0028 129 043 175 102
0029 123 054 169 109
0030 127 115 171 146
0031 129 183 169 234
