0001 137 224 174 239
0002 131 204 178 239
0003 132 169 174 221
0004 139 144 181 208
0005 149 122 191 195
0006 144 104 192 189
0007 142 097 188 173
0008 141 088 191 163
0009 140 082 193 157
0010 134 083 191 155
0011 142 080 187 158
0012 138 080 191 151
0013 143 080 190 155
0014 142 082 191 152
0015 142 082 192 151
0016 142 084 191 153
0017 144 082 190 153
0018 146 081 191 156
0019 139 082 190 151
0020 139 081 189 152
0021 142 080 190 152
0022 142 081 189 151
0023 145 080 191 159
0024 143 082 186 158
0025 143 083 186 158
0026 144 083 186 158
0027 143 081 187 159
0028 139 083 188 157
0029 143 081 192 153
0030 139 081 189 151
0031 145 081 190 157
0032 143 082 193 152
0033 145 081 191 157
0034 144 079 191 158
0035 144 081 193 149
0036 139 084 191 153
0037 142 087 191 160
0038 139 105 194 178
0039 127 144 175 194
0040 123 191 178 237
