0000 062 217 094 239
0001 061 217 095 239
0002 061 216 095 239
0003 061 217 095 239
0004 061 216 094 239
0005 061 216 094 239
0006 061 217 094 239
0007 061 216 094 239
0008 061 216 094 239
0009 060 216 093 239
0010 061 217 094 239
0011 061 217 094 239
0012 061 216 093 239
0013 104 193 141 239 060 216 091 238
0014 110 163 141 215 060 217 093 239
0015 104 134 148 196 061 221 097 239
0016 099 098 146 175 059 217 094 239
0017 103 093 145 163 060 217 094 239
0018 095 080 141 148 060 217 094 239
0019 103 074 144 148 060 217 094 239
0020 102 070 144 142 060 217 094 239
0021 100 066 147 136 060 217 094 239
0022 103 067 146 137 060 217 094 239
0023 101 063 144 131 060 217 094 239
0024 108 060 148 134 060 217 094 239
0025 108 055 145 131 061 217 094 239
0026 104 060 147 132 061 217 094 239
0027 104 059 145 136 061 217 094 239
0028 108 053 146 133 061 217 094 239
0029 105 054 145 131 061 217 094 239
0030 105 053 145 132 061 217 094 239
0031 102 061 149 129 061 217 094 239
0032 112 057 148 133 061 217 094 239
0033 115 056 150 134 061 217 094 239
0034 106 058 145 134 061 217 094 239
0035 104 058 145 135 061 217 094 239
0036 101 061 141 132 061 217 094 239
0037 101 061 148 131 061 217 094 239
0038 102 061 148 132 061 217 094 239
0039 103 060 148 131 061 217 094 239
0040 109 052 144 132 061 217 094 239
0041 101 061 141 135 061 217 094 239
0042 109 058 143 135 061 217 094 239
0043 097 072 138 142 061 217 095 239
0044 103 112 136 165 061 217 094 239
0045 091 184 128 222 061 218 094 239
0046 094 211 135 239 062 217 092 239
0047 062 218 094 239
0048 062 218 094 239
0049 060 217 094 239
0050 061 217 093 239
