0000 174 207 198 239 067 210 092 237
0001 171 203 195 239 061 211 089 239
0002 167 200 194 238 065 213 096 239
0003 169 190 195 230 067 209 098 239
0004 067 207 098 239 159 179 194 216
0005 065 212 098 239 169 165 193 198
0006 063 209 098 239 157 144 194 177
0007 063 213 092 239 159 129 192 165
0008 162 116 190 158 060 214 089 239
0009 059 214 092 239 162 110 189 155
0010 065 214 088 239 159 100 191 142
0011 058 213 089 239 156 096 188 139
0012 057 212 085 239 151 086 184 129
0013 055 208 089 239 155 084 188 127
0014 055 211 086 239 153 083 183 126
0015 059 208 087 239 151 077 184 116
0016 056 210 085 239 156 079 178 109
0017 057 212 086 239 156 071 183 111
0018 055 212 088 239 159 056 184 094
0019 048 208 083 239 163 022 189 064
0020 046 207 075 239
0021 047 203 075 236
0022 043 203 076 239
0023 043 203 079 238
0024 044 208 075 239
0025 043 202 080 239
0026 042 205 075 239
0027 044 206 076 239
0028 049 205 084 239
0029 047 206 081 239 172 009 196 037
0030 047 207 082 239 175 009 199 046
0031 049 207 083 239 172 022 206 062
0032 048 208 083 239 174 033 209 074
0033 054 209 080 239 176 054 204 096
0034 055 211 080 239 174 071 203 117
0035 052 204 087 239 165 095 202 145
0036 162 143 195 176 058 214 087 239
0037 065 208 087 237 156 169 191 208
0038 156 190 191 232 062 213 087 239
0039 158 211 186 239 058 215 090 239
0040 163 207 186 239 065 214 090 239
0041 159 211 192 239 065 214 091 239
0042 066 213 091 239 169 209 197 239
0043 166 204 200 239 066 215 092 239
