0008 090 142 145 205 107 164 171 224
0009 100 119 155 184
0010 099 107 152 173
0011 085 093 135 146 124 089 162 141
0012 081 084 127 138 109 084 165 140
0013 074 076 122 144 097 076 171 135
0014 111 078 180 135 076 068 119 143
0015 068 082 129 141 119 081 172 143
0016 069 069 128 151 092 074 185 145
0017 103 075 180 147 064 078 110 118 071 083 141 157
0018 067 074 129 155 112 087 170 139
0019 119 073 171 147 064 085 112 122
0020 121 068 169 143 064 081 123 144
0021 063 082 125 146 109 073 176 144
0022 069 077 121 146 112 070 172 143
0023 062 083 124 143 117 074 166 146
0024 065 076 119 143 108 074 175 139
0025 068 075 118 143 111 070 172 141
0026 115 070 165 141 067 080 123 149
0027 115 073 165 144 069 075 120 149
0028 108 078 175 144 068 077 117 155
0029 070 074 121 149 107 071 168 145
0030 069 085 121 147 114 068 165 143
0031 075 084 120 144 099 069 177 145
0032 072 090 121 145 100 080 176 140
0033 075 091 121 146 105 072 170 146
0034 091 101 150 179
0035 110 147 158 217
0036 084 186 139 239 138 212 179 239
