0011 112 200 154 239
0012 116 183 176 234
0013 142 149 183 215 079 158 125 201 109 148 153 210
0014 144 112 184 187 082 135 138 190 113 130 164 191
0015 147 099 187 165 097 111 156 189
0016 145 088 186 156 104 085 163 172 158 137 184 180
0017 092 084 128 160 114 084 170 168
0018 078 089 121 153 114 082 169 162
0019 074 095 123 155 117 087 178 143 152 116 182 173
0020 126 086 182 146 073 095 125 162 158 131 181 171
0021 086 096 125 164 130 087 190 146 160 136 188 183
0022 087 099 127 170 111 099 181 161
0023 074 107 128 163 115 092 170 178 158 128 185 180 082 171 144 237
0024 116 095 172 158 068 106 121 161
0025 070 104 118 160 117 094 181 153
0026 069 106 120 158 119 093 184 151 082 171 139 236
0027 070 105 120 158 117 095 184 151
0028 068 106 122 159 115 094 178 155 158 130 183 181
0029 071 110 121 160 106 102 170 160
0030 114 097 169 159 069 108 121 160
0031 113 098 175 158 068 108 117 161
0032 117 102 168 163 068 110 118 165
0033 083 118 125 180 113 119 174 180
0034 102 155 174 211
0035 113 204 177 239
