0007 091 220 121 239
0008 087 189 118 231
0009 084 174 123 218
0010 086 150 125 177
0011 088 144 131 165
0012 093 140 138 160
0013 094 134 136 158
0014 092 139 139 160
0015 090 142 134 164
0016 107 208 146 239 093 134 132 158
0017 103 194 148 234 092 135 137 157
0018 105 169 155 209 091 132 135 157
0019 106 164 162 198 093 132 134 155
0020 090 123 132 153 122 137 162 176
0021 096 131 162 163 091 127 124 154
0022 089 129 156 158
0023 122 121 166 160 088 129 136 158
0024 124 123 165 161 092 134 132 157
0025 127 127 170 160
0026 124 122 169 158 087 137 132 160
0027 116 115 150 151 140 122 176 162 090 130 128 159
0028 091 127 126 156 120 119 167 154
0029 128 113 175 157 091 136 127 158
0030 146 110 188 155 090 134 134 157
0031 145 114 187 159 090 134 133 157
0032 150 111 190 160 093 138 134 157
0033 153 114 192 159 088 135 133 161
0034 151 120 189 164 090 138 133 161
0035 150 121 185 164 091 138 134 161
0036 142 114 192 167 093 133 140 156
0037 093 132 139 154 139 130 178 166
0038 130 110 174 158 093 136 136 157
0039 118 111 157 152 095 133 129 157
0040 095 116 154 157
0041 094 114 147 157
0042 083 119 131 162
0043 076 125 128 166
0044 078 117 123 162
0045 061 125 118 165
0046 059 128 114 172
0047 066 121 111 164 098 134 147 155
0048 050 133 099 175 103 132 148 152
0049 101 128 147 154 051 124 097 166
0050 044 130 095 176 102 128 147 154
0051 043 134 092 180 102 129 145 153
0052 041 147 091 191 101 131 146 154
0053 044 147 090 197 101 131 147 155
0054 049 161 098 204 100 131 148 155
0055 060 171 110 213 095 133 144 159
0056 086 185 120 233 083 138 139 166
0057 082 148 124 177 096 213 134 239
0058 072 187 106 231
0059 074 214 113 239
