0007 067 207 127 238
0008 084 189 131 229 058 189 100 224
0009 069 165 141 209
0010 084 150 145 190
0011 085 150 159 184
0013 086 141 165 176
0014 092 141 155 174
0015 085 142 164 174
0016 094 142 149 176 194 199 228 238
0017 194 196 230 234 087 142 155 176
0018 090 146 161 176 189 197 229 234
0019 174 210 226 239 089 146 161 176
0020 174 191 230 238 098 147 160 174
0021 170 177 230 231 098 147 159 174
0022 172 164 225 215 083 146 159 178
0023 171 148 220 194 089 145 157 177
0024 165 127 220 168 092 147 155 178
0025 149 120 214 158 083 147 165 178
0026 138 117 207 159 087 148 173 176
0027 130 118 197 156
0028 132 124 185 158
0029 108 133 184 171
0030 110 138 177 176 160 136 220 184
0031 107 136 182 176 168 139 222 187
0032 129 142 194 179 174 139 226 181
0033 144 137 200 177 095 150 154 181 183 136 232 180
0034 148 138 219 181 095 149 160 179
0035 155 138 225 181 096 143 163 178
0036 158 144 226 189 092 145 166 178
0037 166 143 228 188 091 147 168 178
0038 175 140 233 187 094 148 167 178
0039 171 144 241 187 093 147 168 178
0040 175 138 241 178 090 146 168 176
0041 177 140 243 177 095 148 170 176
0042 171 138 239 175 096 147 149 181
0043 177 138 234 176 096 147 167 177
0044 172 139 225 178 095 147 169 177
0045 171 139 226 176 084 147 168 176
0046 160 140 220 175 090 147 164 176
0047 157 137 215 178 097 143 154 176
0048 155 135 212 170
0049 146 135 210 172 100 152 162 177
0050 139 139 203 174 095 150 158 176
0051 128 140 201 176
0052 130 144 187 175 157 139 236 180
0053 134 142 197 180 097 151 159 182 162 135 238 178
0054 151 139 234 180 089 146 190 180
0055 160 143 237 183 122 146 187 176
0056 125 144 195 177 167 138 236 187
0057 132 145 194 171 152 140 236 186
0058 136 146 210 179 093 153 161 182
0059 144 153 199 188 092 153 155 184
0060 142 162 199 201
0061 151 180 207 219 070 158 144 193
0062 160 192 218 234 079 169 135 204
0063 171 207 217 239 084 180 132 219
0064 079 194 123 239 190 201 229 237
0065 072 208 126 238
0066 191 201 226 233
0067 192 201 227 234
