0000 116 191 135 222
0001 117 190 136 222
0002 118 191 136 222
0003 116 191 136 222
0004 116 191 136 223 175 203 196 236
0005 115 192 136 225 183 202 201 235
0006 187 195 206 233 110 188 132 222
0007 185 186 211 234 105 176 129 222
0008 100 186 122 222
0009 186 175 210 220 101 181 125 220
0010 168 159 206 209
0011 123 183 150 214 149 160 190 196
0012 137 187 165 212 164 143 199 177
0013 154 183 183 209 119 161 159 194 148 143 189 178
0014 162 181 191 204 112 160 162 193
0015 161 175 196 202 131 147 182 181 111 165 155 196
0016 168 178 196 202 133 150 187 188 113 166 152 200
0017 135 149 185 185 169 181 196 203 114 165 156 200
0018 135 148 185 184 163 180 195 203 111 169 153 203
0019 136 148 185 184 161 179 195 200 111 170 153 203
0020 163 180 194 204 134 149 184 185 112 169 154 203
0021 167 181 195 205 131 149 185 187 114 166 156 201
0022 163 178 193 203 131 150 184 186 118 163 160 200
0023 162 178 193 204 131 149 186 186 113 165 155 201
0024 163 178 193 203 128 150 182 187 113 167 155 201
0025 164 180 194 204 131 150 187 186 113 164 153 199
0026 162 181 191 206 129 147 186 182 112 164 152 196
0027 159 181 187 206 116 160 159 196 136 150 188 182
0028 149 185 180 209 122 161 166 196 150 150 195 181
0029 135 165 177 206
0030 161 169 192 209 126 185 150 214
0031 188 186 212 221 118 188 139 221
0032 200 196 221 233 112 194 136 228
0033 200 199 221 237 111 193 133 230
0034 201 201 223 237 108 198 130 229
0035 114 196 137 231 197 202 216 237
0036 118 196 139 230 193 200 211 233
0037 188 200 208 235 119 198 140 228
0038 120 199 143 229 183 197 203 234
0039 119 197 142 229 183 199 202 231
