0000 134 213 170 239
0001 128 212 166 237
0002 131 209 166 239
0003 132 214 167 239
0004 128 210 167 236
0005 125 211 168 239
0006 134 214 170 239
0007 134 214 170 239
0008 134 208 168 239
0009 128 209 168 239
0010 135 209 169 238
0011 128 207 170 239
0012 128 199 163 238
0013 124 185 165 217
0014 130 156 162 205
0015 120 138 170 196
0016 115 115 169 178
0017 120 105 172 161
0018 124 093 175 155
0019 131 088 175 156
0020 137 088 177 155
0021 135 089 179 151
0022 133 087 180 153
0023 136 089 183 154
0024 133 089 177 151
0025 136 088 178 151
0026 135 088 179 151
0027 131 088 178 151
0028 134 090 178 149
0029 133 088 177 150
0030 134 088 183 151
0031 137 085 181 150
0032 137 084 181 152
0033 138 083 180 155
0034 139 097 175 156
0035 135 127 175 173
0036 134 149 173 192
0037 132 172 170 210
0038 131 190 169 225
0039 129 206 164 238
0040 130 204 168 238
0041 127 204 166 239
0042 128 208 164 239
0043 126 208 163 238
0044 126 209 163 238
0045 127 209 165 239
0046 131 205 170 238
0047 132 209 172 238
0048 126 208 165 238
0049 130 209 171 238
