0000 099 216 148 239
0001 099 216 149 239
0002 094 219 147 239
0003 097 217 151 239
0004 099 208 155 239
0005 111 190 164 235
0006 122 161 171 204
0007 129 114 181 170
0008 137 077 190 141
0009 134 048 194 122
0010 140 037 192 114
0011 134 032 194 112
0012 125 041 195 113
0013 124 041 195 113
0014 137 037 192 113
0015 134 042 196 112
0016 133 043 195 111
0017 133 042 196 111
0018 134 045 195 113
0019 121 050 193 116
0020 128 082 182 131
0021 123 112 172 158
0022 110 152 162 200
0023 099 197 155 239
0024 111 206 151 239
0025 110 217 159 239
0026 117 219 157 239
0027 104 216 159 239
