0003 217 195 254 236
0004 230 171 284 209
0005 236 121 284 173
0006 235 083 285 149
0007 234 071 287 137
0008 238 063 288 135
0009 243 062 289 132
0010 246 054 290 135
0011 245 059 294 134
0012 239 067 292 132
0013 240 064 294 132
0014 249 057 295 133
0015 248 059 294 132
0016 248 058 292 128
0017 250 060 291 130
0018 249 062 294 131
0019 242 066 294 131
0020 249 058 292 130
0021 251 059 291 129
0022 243 060 296 130
0023 242 065 296 131
0024 243 066 287 135
0025 240 108 280 155
0026 227 153 269 199
0027 208 186 250 236
0028 199 213 234 239
0029 202 202 236 239
