0003 055 198 094 239
0004 055 198 095 239
0005 056 198 095 239
0007 055 196 096 239
0013 093 192 152 239 062 192 097 239
0014 096 157 166 223
0015 112 101 173 195
0016 109 069 183 154
0017 121 054 190 139
0018 129 041 191 134
0019 129 032 191 125
0020 134 029 194 116
0021 132 027 196 114
0022 139 030 200 114
0023 137 027 201 117
0024 134 031 204 105 062 192 103 239
0025 146 023 198 109 062 191 103 239
0026 139 027 200 112 057 192 107 236
0027 138 022 199 113 062 194 101 239
0028 141 026 204 114
0029 132 034 194 122 056 192 107 236
0030 133 039 197 128 062 195 101 239
0031 122 044 194 129
0032 126 058 186 139 053 200 100 237
0033 113 090 191 172
0034 118 137 180 204
0035 106 187 162 234
0036 093 220 153 239 061 200 096 239
