0014 130 213 168 238
0015 137 205 171 239
0016 146 195 183 239
0017 150 169 189 234
0018 149 151 194 216
0019 152 140 199 202
0020 157 129 207 185
0021 156 127 208 183
0022 157 121 208 173
0023 155 110 203 165
0024 156 111 207 167
0025 158 111 206 168
0026 158 111 206 166
0027 158 111 206 166
0028 158 111 206 166
0029 158 110 206 165
0030 158 110 207 165
0031 158 109 206 164
0032 158 108 205 165
0033 155 108 202 163
0034 157 108 205 163
0035 152 107 202 165
0036 152 107 201 165
0037 151 105 201 163
0038 151 106 200 165
0039 151 107 200 163
0040 150 106 201 164
0041 150 105 201 164
0042 150 105 200 166
0043 149 106 200 165
0044 150 106 199 164
0045 151 106 199 164
0046 149 106 198 164
0047 150 106 199 163
0048 149 108 192 164
0049 141 124 184 179
0050 128 160 167 213
0051 115 194 157 239
0052 117 205 155 239
0053 108 215 151 239
0054 113 214 154 239
