0000 204 216 227 239
0001 206 216 226 239
0002 110 220 132 239
0003 101 217 127 239
0004 208 173 240 203 077 188 112 217
0005 206 080 238 124 068 103 106 141
0006 191 016 232 069 087 030 123 070
0007 106 034 137 068 194 033 221 067
0008 108 049 143 083 192 049 226 081
0009 110 053 137 083 195 048 223 081
0010 102 038 127 072 190 025 229 068
0011 201 014 239 071 080 035 107 077
0012 210 094 246 153 055 095 093 135
0013 213 166 253 202 062 165 103 193
0014 090 207 118 237 211 221 240 239
0015 080 209 117 239 212 220 244 239
0016 066 189 108 226 213 183 250 226
0017 206 125 234 161 054 142 083 167
0018 197 030 238 080 058 059 091 097
0019 094 028 120 064 185 019 225 062
0020 112 046 139 076 187 046 224 081
0021 114 061 146 089 186 059 221 088
0022 188 049 221 084 109 054 134 086
0023 187 044 222 073 110 052 136 081
0024 195 041 224 075 100 046 125 079
0025 203 032 245 091 063 053 093 094
0026 212 089 257 144 048 100 083 142
0027 049 165 087 200 227 161 252 207
0028 079 214 103 239 211 213 246 239
0029 212 220 233 239 093 215 122 239
0030 102 215 129 239
0031 103 218 128 239 212 219 233 239
0033 095 217 117 239
0034 213 221 235 239 093 216 120 239
0035 097 217 121 239
0036 102 219 122 239 203 220 226 239
0037 102 220 126 238 205 219 229 239
0038 101 220 121 239
