0000 051 132 092 183 139 181 161 213
0001 054 147 081 188 141 178 164 214
0002 141 178 165 215 053 156 077 194
0003 139 179 161 214 058 167 082 203
0004 140 179 164 214 055 176 077 204
0005 137 180 159 215
0006 139 179 163 216
0007 140 178 164 216
0008 139 182 163 217
0009 139 178 164 216 055 167 079 206
0010 141 180 163 214
0011 140 177 164 216 056 170 080 209
0012 139 178 163 216
0013 144 171 165 213 052 169 075 205
0014 144 174 166 214 046 167 071 203
0015 044 162 069 205 146 172 171 217
0016 150 172 173 210 041 157 068 199
0017 027 149 068 185 148 158 181 196
0018 019 137 055 163 150 133 185 169
0019 148 100 189 132 009 104 047 130
0020 148 062 192 117 007 067 038 098
0021 149 010 186 058 010 028 045 065
0022 015 012 050 052 147 011 177 043
0023 028 008 062 041
0024 041 006 066 042 138 008 165 033 050 070 078 110
0025 127 007 163 045 049 007 081 042
0026 134 012 159 044 055 011 082 045
0027 130 012 158 046 055 013 083 045
0028 131 012 160 041 057 010 082 051
0029 050 009 076 049 135 007 159 045
0030 133 011 162 043 040 010 072 052
0031 025 014 060 060 143 010 171 052
0032 146 015 184 068 011 030 047 076
0033 149 046 186 092 008 065 031 096 142 078 178 125
0034 007 095 039 124 140 083 192 124
0035 152 120 192 151 007 125 041 154
0036 149 143 187 180 012 145 053 178
0037 151 156 186 203 024 150 061 198
0038 151 165 183 211 031 156 065 203
0039 152 164 183 210 026 158 059 198
0040 155 156 186 196 012 147 053 183
0041 154 132 191 168 011 121 047 151 031 094 076 140
0042 139 093 195 124 010 093 034 116
0043 155 048 190 094 007 053 028 077 137 074 174 115
0044 152 009 188 051 010 017 046 057
0045 026 008 060 040 149 009 175 039
0046 042 010 068 036
0048 129 007 156 045
0049 127 013 151 043 060 009 087 041
0050 067 015 090 046
0051 059 012 093 051
0052 067 021 092 047 127 019 151 050 052 039 084 105
0053 052 030 086 104 129 016 155 048 063 014 097 051
0054 059 013 091 050 051 038 084 110 128 016 153 051
0055 061 014 094 054 130 015 157 045
0056 133 009 160 044 060 014 085 049
0057 044 011 080 055 132 012 162 041
0058 031 026 065 071 136 008 169 055
0059 143 050 177 094 022 073 060 113
0060 025 115 063 153 145 109 182 141
0061 025 151 062 192 152 152 175 192
0062 045 166 066 202 151 172 172 214
0063 140 177 162 217 057 174 079 209
0074 136 183 157 216 059 170 081 206
0075 059 165 085 206 144 179 161 212
0076 059 169 081 202 142 175 165 216
0077 054 153 079 193 140 175 164 214
0078 052 139 085 181 141 175 163 215
0079 049 124 085 168 139 176 163 215
0080 140 176 161 210 053 122 089 162
0081 139 178 162 212 057 118 091 159
