0000 098 155 120 186 153 189 175 227
0001 088 163 116 198 151 191 175 226
0002 086 171 114 205 154 196 179 228
0003 087 182 113 212
0004 086 184 110 218
0005 083 191 109 228
0006 080 195 106 233 154 194 176 229
0007 077 195 099 230
0008 075 198 099 231
0009 075 195 102 228
0010 078 193 102 227
0011 080 190 108 230
0012 082 194 104 227
0013 082 194 105 227
0014 079 192 105 230 153 190 176 226
0015 078 195 101 231
0016 075 194 102 233 153 192 175 228
0017 075 195 102 232
0018 076 196 099 229
0019 076 196 099 232 164 134 189 164
0020 077 196 099 228 170 111 193 139
0021 171 087 195 120 075 195 099 229
0022 075 193 102 230 170 075 194 112
0023 168 073 191 102 076 198 098 229
0024 077 199 099 229 165 065 188 099
0025 166 066 189 094 077 200 099 230
0026 077 197 099 228 165 064 190 101
0027 163 066 189 100 077 198 098 228
0028 076 199 098 229 167 066 191 101
0029 076 197 102 234 168 067 191 101
0030 076 197 102 233 165 063 191 097
0031 076 197 099 229 168 068 196 105
0032 076 198 101 233
0033 077 200 099 233
0034 077 198 099 233
0035 076 196 099 233 160 198 180 232
0036 084 194 106 230
0037 082 199 105 227
