0000 092 155 118 195
0001 092 170 118 205
0002 087 181 113 218
0003 082 194 108 234
0004 079 202 106 238
0005 077 200 102 235
0006 073 198 096 231
0007 070 197 093 232
0008 071 199 094 236
0009 074 201 098 236
0010 077 200 100 234
0011 080 198 105 233 175 189 195 219
0012 079 196 106 234 188 163 209 192
0013 081 201 102 235
0014 192 087 217 121 073 201 097 230
0015 182 068 210 103 066 201 095 234
0016 177 063 203 096 069 199 095 235
0017 068 198 095 233 173 060 202 096
0018 175 059 203 095 068 201 091 235
0019 175 061 202 096 072 200 093 233
0020 174 061 202 096 072 200 093 233
0021 173 060 202 096 072 200 093 233
0022 173 059 203 095 068 197 098 233
0023 175 061 202 096 071 198 093 231
0024 175 059 202 094 071 200 095 235
0025 176 060 203 094 072 201 095 235
0026 181 067 210 104 071 201 096 235
0027 072 202 097 236 189 090 228 127
0028 072 202 097 237 198 142 232 186
0029 073 201 098 236
0030 075 200 099 235
0031 077 198 104 234
0032 087 202 111 234
0033 085 200 108 232
