0000 058 209 081 239 174 199 200 230
0001 163 181 196 220 070 207 089 237
0002 150 168 192 198 080 196 106 235
0003 138 147 177 178 094 185 123 222
0004 103 138 153 172
0005 118 103 163 147
0006 134 088 173 132 108 091 143 133
0007 143 079 173 121 109 090 148 141
0008 143 080 171 121
0009 138 085 174 128
0010 141 088 174 129
0011 109 098 154 140 137 092 169 127
0012 100 099 151 145 137 093 168 130
0013 141 091 174 132 112 098 149 141
0014 103 100 150 148 140 094 173 136
0015 138 094 170 127 110 095 149 144
0016 140 096 172 133 109 098 148 143
0017 139 096 169 135
0018 141 095 172 136 108 098 144 147
0019 140 095 171 136 108 097 144 147
0020 103 096 146 149 140 095 171 133
0021 103 092 142 137 139 094 171 134
0022 136 095 167 134 115 094 146 143
0023 136 097 170 135 111 094 139 135
0024 103 093 139 138 136 095 169 137
0025 138 098 164 135 110 097 141 146
0026 108 098 143 147 134 096 166 136
0027 112 092 149 145 134 097 168 136
0028 111 099 149 147 135 096 168 137
0029 111 099 148 145 135 097 168 137
0030 135 096 167 135
0031 135 097 167 136
0032 137 098 166 130
0033 108 102 143 145
0034 109 096 143 147 135 097 167 135
0035 111 101 139 144 136 108 175 147
0036 109 113 148 150 116 145 161 174
0037 107 173 147 209 119 134 169 171 118 104 169 145
0038 140 169 181 199 094 194 130 233
0039 156 186 194 222 086 207 117 239
0040 170 194 204 231 081 215 105 239
0041 175 200 207 237 080 209 103 239
0042 180 199 208 237 079 205 103 238
