0000 096 184 122 226 181 181 202 222
0001 174 174 202 219 093 183 116 224
0002 174 169 201 220 089 185 113 223
0003 176 167 204 214 079 186 103 218
0004 172 159 203 206 077 175 103 212 173 103 206 149
0005 175 160 202 199 067 169 098 202 168 095 200 139
0006 173 157 201 195 064 162 096 194
0007 171 152 201 196 061 163 098 201
0008 170 153 200 195 065 162 098 201
0009 174 150 204 194 065 163 097 201
0010 174 153 202 197 065 163 095 200
0011 172 154 201 193 065 160 106 198
0012 173 151 203 195 066 158 107 196
0013 173 151 203 192 067 160 106 197
0014 174 150 203 194 066 163 105 199
0015 175 152 202 195 064 160 106 195
0016 168 157 198 201 079 176 106 207
0017 165 176 193 221 178 111 210 163 092 188 120 226
0018 096 195 119 228 172 183 195 230
0019 175 188 196 218 099 185 122 225
0020 100 186 122 223 182 182 205 216
0021 183 185 205 216 098 191 120 221
0022 177 188 201 219 096 192 117 218
0023 174 185 195 218 099 194 120 223
