0001 180 050 229 102
0002 173 056 224 108
0003 179 045 216 102
0004 181 044 228 103
0005 196 038 239 102
0006 192 047 231 107
0007 172 060 227 109
0008 182 048 228 104
0009 192 049 237 106
0010 196 048 233 107
0011 181 054 227 108
0012 181 050 223 110
0013 191 047 237 099
0014 189 047 239 100
0015 188 048 231 111
0016 188 052 223 119
0017 194 045 231 109
0018 200 048 236 110
0019 187 054 234 111
0020 188 052 222 120
0021 185 053 230 112
0022 189 052 234 114
0023 197 061 240 124
0024 194 085 242 140
0025 188 118 234 182
0026 176 195 225 238
