0008 119 223 160 239
0009 129 189 168 227
0010 136 148 174 208
0011 141 123 181 198
0012 141 091 182 171
0013 143 079 184 158
0014 145 075 192 158
0015 147 075 188 155
0016 148 073 190 158
0017 148 076 189 154
0018 145 076 189 154
0019 146 075 189 153
0020 143 073 192 158
0021 143 074 192 157
0022 147 074 188 156
0023 147 073 189 157
0024 145 075 189 158
0025 145 072 189 159
0026 147 074 188 154
0027 146 072 189 159
0028 146 073 189 158
0029 147 071 188 155
0030 139 075 187 151
0031 144 073 190 159
0032 146 074 187 158
0033 145 072 188 155
0034 146 074 189 154
0035 147 076 188 156
0036 141 077 186 161
0037 145 093 190 167
0038 139 113 185 191
0039 129 148 179 213
0040 128 176 174 228
0041 126 192 172 235
0042 124 194 164 235
0043 116 214 157 239
