0012 125 212 170 239
0013 127 187 171 233 050 202 104 239
0014 053 183 113 238 124 162 179 203
0015 119 135 189 175 058 170 112 237
0016 119 122 187 160 063 155 118 220
0017 120 109 181 150 073 144 113 211
0018 070 134 113 214 139 093 203 145
0019 069 138 112 216 136 090 194 144
0020 069 140 114 212 128 068 208 117
0021 070 138 112 212 144 062 205 114
0022 067 141 109 211 157 059 210 117
0023 141 054 217 104 067 140 111 213
0024 068 139 117 215 138 051 208 094
0025 066 137 116 212 179 041 227 096
0026 063 143 118 212 180 033 236 097
0027 065 138 113 218 174 033 239 085
0028 059 146 115 212 199 018 250 071
0029 058 145 115 212 205 023 253 079
0030 060 144 114 222 204 020 258 072
0031 058 145 115 219 207 007 259 058
0032 062 147 111 221 215 012 258 057
0033 062 150 112 221 223 014 267 064
0034 063 152 106 223 214 009 264 057
0035 062 155 105 228 218 005 257 043
0036 056 172 107 230 233 005 265 040
0037 056 165 103 229 236 005 270 048
0038 056 165 103 231 237 008 269 038
0039 054 166 104 233 231 006 261 047
0040 058 168 106 231 214 011 255 053
0041 055 175 106 236 197 020 241 070
0042 042 196 104 239 169 074 214 115
0043 163 095 216 144 045 211 105 239
0044 146 150 206 191
0045 146 195 191 239
0047 152 210 186 239
