0000 144 190 197 239 051 204 108 239
0001 047 201 100 239 147 184 198 239
0002 045 206 105 239 133 155 190 217
0003 129 142 186 198 045 194 097 239
0004 053 190 116 239 123 139 181 196
0005 131 132 184 196 055 194 116 238
0006 056 194 115 239 120 120 201 186
0007 143 115 198 194 048 198 107 239
0008 062 196 124 239 127 110 191 175
0009 053 195 109 239 112 094 194 159
0010 055 195 108 239 167 087 216 180 091 199 146 237
0011 055 195 109 239 099 209 139 238 149 083 203 158 056 053 080 094
0012 049 196 103 239 146 065 225 139
0013 051 196 102 239 099 204 141 239 050 050 078 100
0014 052 194 110 234 146 068 197 126 099 206 141 239
0015 049 191 107 239 154 052 221 109
0016 053 192 107 239 192 050 253 149
0017 051 199 106 239 159 059 228 124 100 210 138 239
0018 053 193 107 239 146 032 220 084 101 210 139 239
0019 050 199 104 239 193 020 244 076
0020 049 200 108 239 099 212 140 239 211 040 257 109
0021 045 192 101 237 177 052 243 108
0022 045 191 106 239 143 034 195 078 094 204 145 239
0023 054 195 114 239 150 021 229 064
0024 046 194 116 234 171 027 230 078
0025 053 199 126 239 161 055 216 100
0026 142 090 206 137 059 198 126 236
0027 158 138 206 198 075 211 142 239 049 199 103 239
0028 161 166 209 234 072 214 140 239
0029 154 177 205 239 056 051 081 093 069 209 116 239
0030 156 180 211 239 072 208 134 239
0031 070 213 136 239 154 187 205 239
0032 160 187 210 239 077 219 144 239
