0000 055 190 129 239 147 174 201 233 202 145 254 203
0001 044 184 127 239 134 152 203 223 172 144 249 196
0002 045 184 124 238 140 149 193 215 057 047 083 093
0003 058 186 122 236 142 143 195 225
0004 148 136 210 218 050 187 129 239
0005 056 189 127 239 134 127 204 198 169 122 246 192
0006 058 184 128 233 133 131 193 194
0007 055 187 127 239 139 119 200 199
0008 124 116 200 189 043 185 126 237
0009 044 184 124 238 150 108 203 186
0010 055 186 125 237 150 114 192 184
0011 050 188 127 239 121 092 187 169
0012 045 183 122 239 151 089 202 167
0013 056 184 126 234
0014 050 184 124 234 136 085 182 145
0015 056 187 126 238 136 071 206 138
0016 056 185 125 238 172 074 209 166
0017 046 185 131 237
0018 046 183 128 237 131 046 191 095
0019 058 183 129 239
0020 044 184 125 238 163 041 205 118
0021 051 185 120 235 140 030 189 074
0022 049 187 119 237 139 009 208 046
0023 045 186 128 238 177 017 226 070
0024 052 186 129 239 151 027 197 084
0025 055 185 130 239 140 025 197 068
0026 047 185 125 239 143 012 209 048
0027 051 184 122 237 175 007 226 052 092 191 136 222
0028 043 182 126 239 165 030 219 069 094 193 135 225
0029 051 183 117 239 156 056 212 099
0030 038 181 112 237 148 106 196 160
0031 035 191 100 239 150 152 197 227
0032 030 206 084 239 155 183 202 239
0033 154 191 207 239 044 211 090 239
0034 155 192 206 239 035 211 095 239
0035 158 190 203 239 040 210 093 239
