0000 085 216 123 239
0001 082 222 121 239
0002 080 222 120 239
0003 084 215 127 239 154 212 199 239
0004 082 196 135 239 144 190 199 239
0005 087 180 136 234 137 161 193 204
0006 135 147 196 190 091 167 136 222
0007 087 164 137 220 142 125 201 177
0008 130 101 189 140 089 167 138 220
0009 158 099 208 153 089 161 138 218
0010 082 164 135 219 150 077 205 139
0011 086 169 135 220 143 038 198 089
0012 080 172 133 223 176 068 214 127
0013 081 183 139 232
0014 082 186 137 236
0015 074 194 129 239
0016 179 010 227 069 077 203 130 239
0017 086 217 140 239 156 008 184 036
0018 077 209 120 239
0019 085 213 125 239
0020 088 218 125 239
0021 087 217 125 239 202 012 238 034
0022 090 214 127 239 195 095 247 133
0023 179 173 230 228 088 218 125 239
0024 088 220 122 239 164 202 210 239
0025 087 219 121 239 161 218 199 239
