0000 111 206 148 239
0001 112 212 153 239
0002 118 209 155 239
0003 118 208 155 239
0004 119 210 156 239
0005 113 200 150 239
0006 109 178 149 231
0007 110 159 153 209
0008 107 140 154 190
0009 106 131 149 181
0010 106 124 150 178
0011 108 116 151 176
0012 109 115 147 171
0013 107 110 146 162
0014 105 112 146 153
0015 103 113 147 140
0016 101 092 144 142
0017 106 082 146 153
0018 105 081 146 150
0019 105 083 145 146
0020 105 085 145 148
0021 105 086 146 151
0022 106 090 149 149
0023 106 095 148 149
0024 107 115 144 152
0025 107 128 158 173
0026 100 139 150 175
0027 107 162 152 201
0028 112 182 154 222
0029 113 191 153 235
0030 115 194 152 236
0031 117 205 148 239
