0000 006 206 030 236
0002 002 201 033 239
0003 007 195 046 239
0004 021 180 065 230 187 214 231 239
0005 039 180 087 225 183 196 234 239
0006 050 195 098 238 167 156 212 221
0007 147 131 200 184 051 202 095 238
0008 047 203 098 239 143 108 198 158
0009 047 202 098 239 138 084 194 140
0010 048 201 097 239 132 069 190 122
0011 047 200 097 239 127 055 184 111
0012 046 201 096 239 125 048 179 103
0013 123 044 185 110 047 204 095 239
0014 123 046 176 108 045 202 097 239
0015 040 205 097 239 124 043 182 114
0016 044 202 096 239 126 046 181 112
0017 126 045 182 111 049 202 098 239
0018 046 202 092 239 128 047 189 109
0019 042 200 095 239 128 043 180 113
0020 045 198 098 238 128 046 193 095
0021 048 204 093 239 127 046 193 085 177 047 222 105
0022 049 203 094 239 134 045 212 089
0023 052 203 094 238 128 050 202 086 172 047 225 110
0024 051 202 093 238 131 044 204 086 182 053 222 109
0025 048 203 097 239 128 050 201 088 174 048 222 107
0026 049 201 093 239 127 050 212 088
0027 047 203 094 239 129 051 209 091 175 051 225 110
0028 045 203 100 239 131 049 206 092
0029 135 053 196 106 048 199 100 236
0030 049 202 097 239 130 057 193 126 177 053 228 104
0031 126 058 180 128 043 198 098 237
0032 048 202 098 239 127 048 182 118
0033 045 198 098 237 126 048 180 105
0034 048 201 096 239 126 047 185 106
0035 044 203 100 239 128 049 185 106 166 047 228 102
0036 043 200 096 239 130 047 185 116
0037 045 205 091 239 133 051 183 112 171 050 224 111
0038 048 202 094 238 139 052 221 097
0039 050 201 092 239 140 057 210 095
0040 049 201 096 239 120 053 197 093
0041 051 202 093 239 127 054 203 092
0042 049 201 093 239 130 058 208 095
0043 048 200 093 239 131 066 192 108
0044 048 201 095 239 138 082 195 139
0045 045 203 091 239 150 105 204 166
0046 045 201 095 239 159 133 209 204
0047 046 202 095 239 181 166 223 239
0048 048 204 095 239 194 204 230 239
0049 049 202 095 239 195 218 226 239
0050 049 202 094 239
