0000 171 210 196 239 084 193 107 229
0001 172 209 197 239 084 193 108 229
0002 169 209 197 239 089 194 110 229
0003 171 207 196 239 085 195 109 229
0004 171 205 196 239 088 194 111 230
0005 171 206 196 239 085 194 108 229
0006 167 205 201 239 089 194 113 229
0007 170 206 196 239 081 191 114 227
0008 170 207 195 239 081 188 113 228
0009 169 210 196 239 086 194 111 229
0010 170 204 194 239 082 190 116 229
0011 086 195 111 229 171 207 196 239
0012 083 193 107 229 170 211 196 239
0013 166 207 193 239 086 194 111 229
0014 086 193 110 228 155 206 189 239
0015 086 192 108 228 156 210 183 239
0016 084 194 108 224 144 207 170 239
0017 082 189 108 224 116 179 151 224
0018 085 187 109 222 102 137 169 172
0019 086 189 108 223 096 087 134 134 106 107 155 152
0020 101 055 134 105 075 181 112 219
0021 082 185 108 221 111 041 139 097
0022 081 186 107 220 118 049 143 100
0023 082 187 107 221 120 052 144 097
0024 080 186 106 222 124 059 151 099
0025 085 188 110 222 126 068 156 109
0026 128 073 158 110 085 188 110 221
0027 085 186 112 224 128 072 158 115
0028 085 187 112 224 128 072 158 108
0029 086 186 112 224 132 073 158 109
0030 086 187 111 225 130 071 157 111
0031 085 189 110 222 123 072 160 114
0032 085 187 111 224 130 101 168 137
0033 082 189 109 223 135 121 176 152
0034 086 187 111 222 142 163 179 203
0035 083 188 107 224 159 179 193 222
0036 086 189 108 226 164 196 190 236
