0000 119 215 163 239
0001 120 214 164 238
0002 119 211 165 239
0003 117 208 160 239
0004 116 207 157 239 183 208 221 239
0005 114 209 153 238 203 165 246 207
0006 223 123 266 169 117 216 148 239
0007 225 093 285 145
0008 243 089 290 136
0009 235 082 285 150
0010 203 084 279 145
0011 194 085 270 146
0012 214 077 277 144
0013 240 078 276 124
0014 210 085 275 155
0015 196 084 268 148
0016 209 092 273 152
0017 240 086 278 146
0018 234 087 276 150
0019 184 092 256 152
0020 187 091 259 147
0021 193 101 262 161
0022 205 114 269 179
0023 210 126 268 198 125 220 157 239
0024 205 124 258 197 123 219 157 239
0025 196 127 256 185 120 219 157 239
0026 188 146 250 204
0027 191 192 225 236
0028 188 209 215 239
0029 184 218 212 239
