0000 031 208 076 239
0001 031 207 076 239
0002 031 208 076 239
0003 031 207 071 239
0004 030 205 077 239 121 212 169 238
0005 028 204 079 239 116 193 171 239
0006 020 201 076 239 120 159 177 212
0007 124 136 189 186 015 203 046 239
0008 127 121 193 169 012 201 041 237
0009 126 116 192 167 018 196 048 233
0010 130 119 193 175 027 204 063 235
0011 025 206 061 237 136 125 187 191
0012 025 207 064 237 144 132 201 203
0013 155 127 213 184 024 208 064 237
0014 019 207 064 237 161 117 220 169
0015 024 207 062 236 163 112 222 163
0016 025 209 064 237 157 115 220 163
0017 159 116 223 165 025 209 064 237
0018 024 208 064 237 158 113 218 163
0019 019 208 065 237 147 102 212 159
0020 135 085 188 147 020 208 063 239
0021 127 080 192 132 022 207 062 236
0022 122 082 189 129 021 211 063 239
0023 122 091 192 142 023 207 063 236
0024 125 121 189 181 023 207 065 236
0025 024 207 064 236 162 137 214 203
0026 182 100 243 156 020 207 064 235
0027 176 074 235 144 020 207 064 236
0028 174 066 223 140 022 210 062 239
0029 167 065 215 138 021 211 062 239
0030 021 210 062 239 148 086 200 124
0031 122 081 196 133 022 210 062 239
0032 021 211 061 239 121 073 189 128
0033 022 210 060 236 119 082 181 125
0034 022 207 065 236 125 101 185 171
0035 023 209 066 236 154 129 223 179
0036 025 209 066 236 178 090 235 149
0037 176 055 236 132 025 209 066 236
0038 171 033 225 118 020 209 066 236
0039 168 036 215 114 020 209 065 236
0040 019 206 067 236 155 068 209 118
0041 022 207 062 236 138 097 197 147
0042 011 200 050 239 134 132 186 206
0043 006 197 037 239 125 167 180 233
0044 006 192 038 239 115 196 172 239
0045 012 195 047 239 113 209 168 239
0046 019 199 064 239
0047 025 199 075 239
0048 029 202 076 239
0049 029 202 078 239
0050 032 207 076 237
0051 032 206 075 236
0052 030 205 071 239
0053 030 205 070 239
0054 030 205 070 239
