0000 139 158 204 194 060 163 113 206
0001 057 151 109 190 124 146 187 184
0002 050 140 103 180 118 151 189 183
0003 051 138 102 177 131 158 194 194
0004 169 163 241 203 071 158 120 197
0005 200 157 260 203 082 173 135 221
0006 084 176 134 217 161 166 236 208
0007 137 171 198 210 067 152 114 191
0008 128 171 185 210 061 137 104 174
0009 055 125 103 167 126 168 180 208
0010 128 167 188 203 061 135 106 173
0011 149 160 214 198 064 163 116 206
0012 169 152 238 195 084 193 131 239
0013 169 152 231 200 081 181 131 227
0014 147 172 212 216 069 163 127 200
0015 125 185 192 230 072 137 116 174
0016 129 186 184 235 069 132 116 169 088 147 132 184
0017 074 136 120 176 136 185 179 238
0018 138 180 206 226 071 152 117 185
0019 158 172 226 213 077 179 125 223
0020 084 195 142 236 172 161 237 207
0021 157 175 228 216 080 178 128 222
0022 144 187 208 235 075 163 132 201
0023 141 199 198 239 079 151 131 191
0024 131 201 191 239 074 156 132 196
0025 075 182 124 223 135 200 205 239
0026 074 204 114 239 144 215 206 239
0027 070 208 109 239 166 213 218 239
0028 067 212 108 239 171 215 222 239
0029 072 219 108 239 165 220 214 239
0030 067 218 108 239 174 213 225 239
0031 064 220 105 239
