0016 146 211 185 239 080 201 117 237
0017 127 189 172 224
0018 055 156 099 194 105 163 161 192
0019 056 130 094 173 105 140 169 168
0020 134 131 187 156 071 125 115 161
0021 179 125 235 156 102 125 147 158
0022 201 126 258 159 114 131 156 159
0023 201 119 255 154 109 130 154 163
0024 096 127 137 158 170 123 230 155
0025 139 128 193 156 074 124 108 159
0026 110 124 167 152 052 123 096 158
0027 111 125 170 151 061 119 102 159
0028 075 120 128 152 146 133 196 153
0029 094 129 140 158 178 130 229 181
0030 195 125 251 161 092 125 147 163
0031 081 127 136 162 184 125 242 158
0032 154 132 202 155 075 124 114 158
0033 125 131 176 153 061 116 099 152
0034 069 116 099 154 107 126 164 155
0035 126 124 183 151 075 122 120 154
0036 087 129 140 164 167 137 223 159
0037 088 137 146 172 179 142 237 169
0038 182 158 235 192 095 152 145 191
0039 098 178 144 234 171 185 212 227
0040 094 200 136 238 160 209 203 239
0041 096 218 132 239 155 215 199 239
