0003 152 202 199 239
0004 118 192 170 236 006 164 052 234
0005 067 153 130 192 006 140 041 171
0006 050 119 116 158 005 120 045 157
0007 050 116 116 157 006 110 042 159
0008 012 109 058 152 064 115 129 150
0009 088 116 155 153 009 107 064 148
0010 140 110 196 143 055 114 107 152
0011 080 112 141 154 165 106 227 156
0012 114 114 171 163 200 104 264 149 186 102 221 146 093 108 141 150
0013 112 112 181 158 193 101 266 149
0014 104 118 169 164 183 108 253 150
0015 167 121 214 161 070 121 121 167
0016 137 135 194 177 048 136 100 199
0017 112 145 163 193 034 146 092 223
0018 081 162 133 217 018 160 067 231
0019 063 163 130 220 004 183 049 239
0020 067 167 135 220
0021 092 168 147 222 018 164 071 239 196 210 221 236
0022 131 162 187 231
0023 175 168 233 217 074 147 129 206 103 167 154 217
0024 202 157 264 210 110 150 169 199 153 176 194 215
0025 219 159 289 202 137 158 210 202 207 143 255 193
0026 142 153 218 203 214 155 286 199
0027 139 159 208 209 211 156 281 203
0028 206 152 261 205 130 166 201 218 112 151 172 201
0029 207 155 264 212 109 164 171 211
0030 199 176 254 239 068 194 129 235
0031 200 194 244 239
0032 190 204 240 239
