0000 206 196 247 237 061 220 100 238
0001 201 201 248 237 065 221 106 239
0002 197 200 247 235 068 222 104 239
0003 210 201 257 238 051 223 105 239
0004 219 196 268 237 043 215 086 239
0005 220 182 271 232 034 211 078 239
0006 049 197 094 239 212 157 263 207
0007 051 155 090 209 204 131 250 183
0008 063 123 098 180 197 113 231 164
0009 165 081 206 141 091 086 135 141
0010 096 089 147 129 151 080 188 128
0011 097 084 152 124 151 080 186 123
0012 150 078 193 126 096 085 150 125
0013 096 084 149 126 150 080 192 127
0014 096 085 147 126 152 080 194 128
0015 158 078 197 129 090 083 143 133
0016 084 084 135 141 163 081 206 133
0017 189 094 217 152 069 099 110 162
0018 046 130 085 181 202 117 249 170
0019 207 144 260 195 027 163 076 211
0020 211 150 262 198 026 164 080 214
0021 033 147 087 192 204 136 259 186
0022 070 104 118 155 190 110 222 158
0023 162 081 199 134 093 078 142 136
0024 159 074 200 124 101 077 145 129
0025 102 077 147 124 158 074 194 124
0026 157 074 196 128 101 078 152 126
0027 101 078 152 126 159 074 192 125
0028 099 078 150 127 158 076 196 128
0029 099 082 150 128 158 079 196 123
0030 099 078 148 127 158 079 196 124
0031 103 077 148 127 158 079 196 123
0032 158 079 196 125 099 083 149 127
0033 102 082 152 128 149 075 189 124
0034 139 091 190 125 100 087 146 140
0035 142 104 190 131 095 096 134 168
0036 135 113 185 140 091 127 133 170
0037 134 120 184 150 101 144 141 182
0038 104 151 147 199 131 123 181 161
0039 103 147 145 201 129 127 179 163
0040 130 126 179 166 101 148 149 200
0041 098 148 149 201 119 132 175 172
0042 100 146 146 199 115 134 170 179
0043 106 141 159 196
0044 096 146 156 195
0045 084 150 145 206
0046 084 153 134 202
0047 091 151 137 209
0048 086 155 138 208
0049 082 159 131 214
0050 091 158 133 209
0051 090 158 135 214
0052 091 156 135 209
0053 092 155 134 212
0054 091 154 136 211
0055 087 158 132 213
0056 093 154 140 212
0057 090 157 145 208
0058 100 158 154 202
0059 111 159 169 202 102 164 138 221
0060 133 152 179 187 101 190 135 235
0061 147 130 193 166 101 198 142 236
