0002 160 221 200 238
0003 160 221 201 238
0004 160 221 201 238
0005 159 219 202 239
0006 159 219 202 239
0007 159 219 202 239
0009 112 211 147 239 157 214 210 237
0010 102 201 143 239 157 212 206 239
0011 080 183 108 228 186 189 216 232
0012 035 137 088 188 200 156 246 210
0013 055 107 099 163 195 121 238 162
0014 081 075 129 128 164 071 213 132
0015 073 089 125 135 173 091 216 129
0016 057 080 101 128 173 098 218 151
0017 060 081 107 129 180 103 217 154 188 135 215 177
0018 163 076 205 126 082 067 127 124
0019 170 081 206 127 089 084 133 131
0020 168 085 206 123 091 083 121 143
0021 147 104 195 150 087 129 124 169
0022 088 143 130 179 135 123 180 162
0023 129 146 168 180 097 158 140 202
0024 104 154 148 203 112 141 177 181
0025 108 159 149 204 114 141 175 183
0026 119 141 171 189 117 161 144 200
0027 119 144 173 193
0028 128 147 179 193
0029 125 143 184 193
0030 118 133 184 175
0031 116 133 172 175
0032 116 127 165 176
0033 114 126 142 171
0034 121 134 167 177
0035 114 139 176 180
0036 116 140 172 186
0037 133 146 190 186 115 144 145 184
0038 139 149 190 191 113 153 133 197
0039 109 167 139 207 146 164 193 208
0040 104 182 136 229 149 178 197 225
0041 148 197 195 238 110 198 141 239
0042 110 203 145 235 151 206 196 239
0043 160 211 193 239
