0005 157 222 211 239
0006 099 220 137 239 167 217 211 239
0007 090 211 130 239 167 217 208 239
0008 187 204 224 236 077 194 103 239
0009 196 186 234 239 052 165 098 216
0010 058 093 101 142 180 111 213 163
0011 076 064 122 126 165 074 206 129
0012 084 079 130 125 169 083 207 131
0013 071 065 108 129 165 079 213 141
0014 079 060 118 124 163 081 211 129
0015 165 062 208 121 088 065 132 119
0016 088 076 132 125 177 083 211 121
0017 079 075 119 138 172 082 214 131
0018 079 125 110 169 171 118 207 172
0019 080 197 122 237 165 169 200 214
0020 152 173 194 221 086 211 129 239
0021 136 175 177 223 101 210 142 238
0022 108 197 151 239 129 177 181 220
0023 127 175 177 219 110 188 150 236
0024 117 174 168 224
0025 123 169 176 217
0026 127 167 176 214
0027 139 165 180 213 125 164 157 200
0028 147 157 181 196 122 161 151 190
0029 125 145 183 184
0030 129 139 160 183
0031 124 145 153 185 146 145 176 184
0032 124 145 158 189
0033 122 150 166 188
0034 127 150 178 202
0035 140 153 187 197 120 161 154 194
0036 147 163 187 214 117 162 149 201
0037 150 186 198 236 116 176 151 217
0038 115 198 153 239 160 212 202 239
0039 115 211 148 239 163 209 198 238
0040 110 212 152 239
0041 111 215 148 236 164 219 197 239
