0000 155 193 211 232
0001 119 155 191 195
0002 108 143 186 183
0003 120 145 204 184
0004 160 154 236 196
0005 209 158 294 221
0006 231 158 309 218
0007 220 154 303 212
0008 195 155 278 203
0009 153 144 216 185
0010 120 139 200 178
0011 105 136 191 172
0012 117 139 193 177
0013 149 152 219 195
0014 171 154 236 201
0015 194 165 282 211
0016 217 168 301 220
0017 220 164 304 219
0018 217 163 303 217
0019 218 158 303 215
0020 220 164 302 217
0021 214 160 305 222
0022 217 168 277 228
0023 201 167 263 222
0024 184 191 244 239
0025 183 211 228 239
0029 157 207 196 239
