0003 107 211 152 239
0004 092 190 145 239
0005 099 154 154 202
0006 100 121 161 169
0007 098 110 157 154
0008 098 093 164 132
0009 100 084 165 120
0010 102 069 159 107
0011 105 065 165 100
0012 098 066 165 100
0013 102 068 170 101
0014 104 070 161 105
0015 105 072 166 106
0016 107 075 173 111
0017 126 079 191 115
0018 125 075 186 109
0019 137 076 197 111
0020 143 078 201 113
0021 158 077 213 111
0022 165 076 216 110
0023 173 080 221 109
0024 182 074 237 111
0025 193 075 245 112
0026 196 075 254 109
0027 202 073 263 110
0028 210 074 265 108
0029 214 072 272 109
0030 213 072 274 108
0031 215 074 277 113
0032 212 071 276 108
0033 214 074 275 108
0034 208 073 273 107
0035 210 073 266 106
0036 196 072 260 107
0037 197 073 260 108
0038 190 071 247 105
0039 171 074 226 106
0040 164 073 216 099
0041 149 068 208 100
0042 141 062 206 098
0043 128 063 187 093
0044 118 060 183 090
0045 116 059 181 090
0046 104 065 168 096
0047 098 063 166 093
0048 094 059 156 091
0049 089 066 155 095
0050 087 066 149 096
0051 084 065 146 093
0052 086 067 157 095
0053 086 062 155 093
0054 092 064 161 093
0055 099 064 168 094
0056 112 065 170 096
0057 124 067 186 098
0058 134 069 192 099
0059 143 070 203 100
0060 154 068 216 101
0061 161 068 214 101
0062 172 070 230 102
0063 185 067 237 104
0064 190 069 252 101
0065 209 066 270 100
0066 211 064 276 097
0067 215 067 280 101
0068 221 068 287 101
0069 221 067 287 103
0070 224 068 290 101
0071 222 068 288 105
0072 218 067 288 100
0073 217 067 280 097
0074 210 066 273 100
0075 204 066 264 100
0076 192 061 250 101
0077 181 064 238 098
0078 163 068 221 097
0079 156 063 216 094
0080 149 061 213 096
0081 133 059 192 088
0082 126 057 184 085
0083 122 051 177 083
0084 114 054 170 085
0085 104 053 168 085
0086 096 050 160 083
0087 097 056 162 085
0088 094 054 154 086
0089 089 060 155 089
0090 088 062 157 093
0091 085 064 150 093
0092 087 064 154 096
0093 086 067 148 097
0094 092 067 151 101
0095 100 068 147 102
0096 107 070 149 109
0097 114 080 146 119
0098 113 088 145 132
0099 109 103 145 154
0100 115 122 145 175
0101 112 154 142 210
0102 115 192 147 239
