0003 123 209 163 239
0004 130 175 177 221
0005 121 147 177 188
0006 119 133 180 162
0007 118 117 185 151
0008 128 115 198 151
0009 138 117 206 153
0010 159 124 224 158
0011 175 124 245 159
0012 195 117 267 154
0013 206 117 277 156
0014 220 118 294 156
0015 222 116 298 155
0016 226 112 296 151
0017 211 116 285 156
0018 201 113 273 150
0019 183 117 254 151
0020 163 111 231 144
0021 141 103 208 138
0022 125 103 194 138
0023 110 099 180 132
0024 105 098 173 129
0025 097 093 168 129
0026 090 096 166 126
0027 088 096 164 125
0028 094 093 166 126
0029 096 096 171 127
0030 107 098 181 131
0031 126 100 189 131
0032 142 102 212 137
0033 161 100 228 138
0034 185 104 256 141
0035 205 108 278 144
0036 215 111 292 151
0037 222 111 297 150
0038 223 111 298 149
0039 222 112 297 148
0040 211 107 280 144
0041 197 111 265 146
0042 175 105 245 144
0043 155 104 218 142
0044 142 103 210 137
0045 127 099 192 131
0046 120 098 186 131
0047 115 097 182 131
0048 109 096 173 128
0049 105 097 174 130
0050 107 098 171 134
0051 103 105 167 142
0052 101 110 161 148
0053 100 137 159 178
0054 092 189 147 239
0055 086 215 143 239
