0000 140 207 187 239 038 215 081 239
0001 144 208 184 239 039 213 081 239
0002 146 207 186 239 039 213 079 239
0003 140 199 196 239 040 213 080 239
0004 136 182 187 228 039 211 080 239
0005 133 154 189 191 039 216 085 239
0006 131 129 191 164 037 214 083 239
0007 118 107 194 140
0008 114 098 188 132 037 220 082 239
0009 108 091 183 128 032 216 079 239
0010 086 087 168 122 038 216 082 239
0011 083 080 152 118 037 217 081 239
0012 065 083 144 115 039 213 085 239
0013 059 081 136 117 038 216 081 239
0014 063 073 140 111 040 213 086 239
0015 082 075 157 108 036 213 083 239
0016 109 076 184 109
0017 128 071 204 108
0018 137 073 211 110 034 215 078 239
0019 134 073 208 111 044 211 086 239
0020 109 072 189 111 039 211 086 239
0021 086 073 167 108
0022 068 073 145 110 038 212 083 239
0023 059 071 134 110 039 214 083 239
0024 065 071 147 108
0025 088 070 166 106 032 214 081 239
0026 117 068 189 112 039 216 082 239
0027 132 075 203 112 039 209 081 239
0028 139 083 224 120 040 212 085 239
0029 148 098 218 133 034 213 075 239
0030 147 130 214 172 028 204 082 239
0031 147 167 206 215 025 201 075 239
0032 147 203 193 239 032 213 076 239
0033 144 208 187 239 037 204 071 235
0034 144 212 187 239 033 208 072 239
0035 144 211 186 239 029 211 074 238
