0000 119 212 156 239
0001 113 211 159 239
0002 119 211 156 239
0003 105 162 147 205
0004 105 140 145 187
0005 105 120 145 167
0006 101 109 138 153
0007 104 101 135 148
0008 104 097 135 151
0009 106 102 133 149
0010 104 097 134 144
0011 101 083 138 138
0012 101 087 138 140
0013 103 102 133 146
0014 097 131 135 168
0015 104 154 138 180
0016 103 156 147 199
0017 102 160 145 196
0018 101 158 146 192
0019 105 158 148 186
0020 107 159 145 196
0021 108 156 146 188
0022 110 155 148 194
0023 109 164 147 208
0024 111 177 154 218
0025 111 188 154 231
0026 111 202 152 239
0027 115 200 157 239
0028 118 203 155 239
