0000 015 207 053 239
0001 013 206 052 239
0002 016 208 053 239
0003 016 204 055 239
0004 015 207 051 239
0005 015 207 048 239
0006 016 202 056 239
0007 015 206 057 239
0008 015 207 055 239
0009 013 207 053 239
0010 014 206 052 239 108 213 148 239
0011 093 186 144 236 011 202 054 239
0012 089 157 142 210 009 203 046 239
0013 092 121 148 176 009 200 049 237
0014 098 098 147 154 008 196 031 231
0015 096 085 142 138
0016 100 073 150 129
0017 097 072 148 125 004 183 035 223
0018 095 068 149 120
0019 095 063 150 120 011 202 035 237
0020 104 055 151 115 013 201 042 235
0021 104 054 152 111 008 200 039 237
0022 099 056 154 111 010 203 037 237
0023 096 056 148 108 008 198 044 237
0024 103 054 152 111 007 202 039 237
0025 105 049 156 110 006 201 045 238
0026 115 038 160 105 009 204 045 238
0027 123 064 171 115 008 202 038 238
0028 006 201 042 238 128 080 174 131
0029 008 200 039 239 120 084 174 144
0030 120 089 172 144 006 201 040 236
0031 118 088 168 144 004 202 039 236
0032 008 202 039 236 119 087 169 144
0033 120 088 174 149 004 201 046 235
0034 120 087 168 143 009 203 037 236
0035 122 087 172 142 005 202 046 238
0036 123 087 171 145 006 203 039 237
0037 120 093 165 150 006 202 041 238
0038 114 112 159 171 009 202 040 234
0039 114 146 161 201 007 203 042 238
0040 114 184 159 232 010 202 041 238
0041 112 208 156 239 009 201 045 237
0042 112 218 152 239 013 203 051 239
0043 110 215 155 239 011 198 048 234
