0000 119 213 154 239 052 212 082 239
0001 120 212 156 239 052 212 082 239
0002 119 213 156 239 052 212 082 239
0003 117 208 153 239 052 213 081 239
0004 113 195 152 235 050 213 081 239
0005 105 169 144 207
0006 103 132 142 175
0007 111 117 139 159
0008 104 097 134 154
0009 103 096 134 152 050 208 080 239
0010 099 093 137 144 049 206 080 239
0011 104 095 135 142 048 210 077 239
0012 105 087 136 137 048 209 077 239
0013 107 078 141 130
0014 108 084 141 144
0015 110 110 138 151
0016 104 142 140 174
0017 105 163 144 195
0018 107 169 144 203
0019 106 172 144 206
0020 111 171 150 207
0021 109 171 149 218
0022 109 171 149 218
0023 107 167 147 204
0024 107 164 148 205
0025 106 162 149 212
0026 108 165 148 216
0027 115 173 147 217 050 212 080 239
0028 114 187 150 229 051 213 084 239
0029 116 193 151 236 049 210 083 239
0030 117 202 151 239 049 212 083 239
