0000 121 195 167 239 054 201 095 238
0001 126 199 175 239 052 200 096 238
0002 121 195 167 239 052 202 095 239
0003 126 198 176 239 054 204 095 239
0004 122 199 174 239 049 200 095 239
0005 125 197 176 239 048 201 090 239
0006 123 197 177 239 047 201 090 239
0007 125 193 176 239 049 203 094 239
0008 119 191 173 239 053 201 091 237
0009 123 177 174 229 053 203 090 239
0010 115 166 167 220 054 201 094 237
0011 115 154 172 202 055 202 094 237
0012 118 133 169 179 053 205 092 239
0013 117 113 170 155 052 202 093 239
0014 053 205 092 239 113 091 169 140
0015 113 069 165 114 047 201 092 238
0016 115 062 165 107 049 203 093 239
0017 116 060 167 103 046 202 092 238
0018 115 058 166 103 048 200 091 239
0019 117 056 172 104 052 206 090 239
0020 120 056 169 104 053 204 095 239
0021 116 055 168 101 052 206 096 239
0022 114 056 167 100 048 201 096 239
0023 116 057 170 106 050 202 089 237
0024 119 054 170 107 052 203 092 239
0025 120 052 170 103 048 200 095 239
0026 120 051 171 103 053 203 095 238
0027 117 051 166 103 052 202 095 239
0028 128 041 176 097 052 203 090 239
0029 050 201 090 239 150 033 178 101
0030 161 036 193 102 040 200 086 239
0031 161 038 193 103 050 202 093 239
0032 160 038 192 103 053 203 095 239
0033 160 040 192 101 049 204 093 239
0034 159 041 192 105 049 203 093 238
0035 161 035 193 103 050 202 093 239
0036 156 039 188 106 055 200 096 238
0037 156 040 187 105 051 199 089 237
0038 155 044 188 107 050 200 089 237
0039 149 047 185 105 048 201 094 239
0040 143 052 181 095 050 204 094 238
0041 137 053 179 092 052 202 094 238
0042 136 053 181 097 053 201 091 235
0043 136 052 180 097 048 204 090 239
0044 135 052 178 097 053 202 094 237
0045 132 050 176 093 053 202 094 238
0046 128 047 175 087 050 201 090 239
0047 050 203 089 239 127 049 175 095
0048 128 048 174 098 053 204 093 237
0049 127 047 175 099 052 202 094 238
0050 128 048 174 100 052 206 097 239
0051 128 047 174 100 051 204 090 239
0052 129 052 174 103 051 201 091 239
0053 127 047 174 101 054 201 096 239
0054 126 047 174 101 056 202 096 239
0055 126 047 175 100 053 203 095 237
0056 126 048 175 099 052 203 090 239
0057 130 047 173 088 047 200 093 239
0058 147 039 181 095 052 201 095 238
0059 165 042 199 102 052 201 095 238
0060 170 041 203 100 051 203 090 239
0061 164 040 205 101 049 201 087 237
0062 164 039 205 101 050 199 090 237
0063 164 039 205 101 041 197 085 239
0064 164 040 201 105 051 201 094 239
0065 165 043 202 106 047 202 091 238
0066 170 045 200 103 048 204 093 239
0067 160 061 196 120 053 203 095 239
0068 153 086 191 135 053 204 089 239
0069 145 121 191 167 051 205 090 239
0070 146 152 189 209 052 205 090 239
0071 148 178 187 228 050 200 087 237
0072 145 191 184 239 048 201 093 238
0073 145 189 184 239 054 201 097 239
0074 145 190 186 239 051 201 095 239
0075 145 196 186 239 051 202 094 239
0076 144 196 187 237 048 200 095 239
