0000 051 155 107 206
0001 053 159 112 210
0002 056 161 111 211
0003 053 155 108 206
0004 053 157 108 209
0005 049 156 106 205
0006 161 152 207 195 052 157 112 209
0007 057 161 110 209 142 114 191 158
0008 059 163 112 209 131 072 181 126
0009 060 160 110 211 124 048 163 097
0010 055 160 110 209 125 047 160 092
0011 056 161 112 209 121 038 165 088
0012 057 159 112 205 126 028 159 084
0013 056 162 112 210 124 030 155 076
0014 055 165 112 211 121 024 163 075
0015 054 164 110 207 123 022 163 075
0016 058 164 111 209 128 023 172 074
0017 056 161 108 208 125 016 169 075
0018 058 164 111 208 151 022 187 080
0019 149 024 191 087 057 158 110 207
0020 056 159 111 207 153 042 193 094
0021 054 158 111 207 150 060 195 118
0022 056 160 114 207 153 109 195 157
0023 053 156 112 205 159 144 203 190
0024 058 161 112 211 165 165 216 216
0025 058 161 110 208
0026 053 163 113 209 157 164 202 212
0027 053 160 115 209
0028 053 160 115 208 150 163 194 212
0029 054 153 108 208 151 160 198 212
0030 054 160 111 210 152 155 190 211
0031 056 162 111 211 151 158 200 210
0032 053 157 107 204 151 164 195 211
0033 054 161 111 206 155 162 201 212
