0000 139 199 182 239 047 201 093 238
0001 141 187 186 239 049 204 096 239
0002 048 204 096 239 139 177 183 233
0003 049 202 092 239 137 163 183 217
0004 048 201 093 239 133 151 183 201
0005 128 141 180 184 048 202 093 239
0006 049 202 092 239 129 118 178 161
0007 048 201 093 238 125 096 176 144
0008 048 202 093 239 125 079 174 140
0009 124 070 174 128 048 202 093 238
0010 121 063 174 124 048 202 094 239
0011 118 057 166 121 049 201 094 238
0012 046 200 089 238 121 055 168 114
0013 119 049 168 110 048 200 091 237
0014 116 048 162 103 045 196 091 235
0015 114 044 162 102 047 194 092 234
0016 116 048 160 101 049 201 093 238
0017 116 046 161 101 048 205 090 239
0018 114 046 161 102 049 207 090 239
0019 114 047 159 100 049 203 092 238
0020 113 046 161 102 048 195 093 235
0021 114 047 160 102 050 202 093 238
0022 113 046 159 101 049 202 092 238
0023 112 045 161 102 049 203 088 236
0024 115 048 161 103 052 205 092 239
0025 114 047 162 103 049 201 092 237
0026 116 048 162 103 049 201 093 238
0027 115 048 161 102 049 201 092 239
0028 115 047 162 104 050 201 093 239
0029 115 047 161 103 050 203 094 239
0030 120 046 165 105 049 202 093 238
0031 124 040 170 104 050 202 093 238
0032 050 203 093 239 142 029 175 096
0033 154 034 187 097 049 202 093 239
0034 158 029 191 095 050 202 094 239
0035 158 031 188 095 050 202 095 239
0036 048 202 093 238 156 032 189 097
0037 156 033 188 098 047 205 091 239
0038 048 205 090 239 156 036 186 094
0039 151 035 182 095 049 202 093 238
0040 149 036 181 103 049 202 094 238
0041 147 035 179 093 049 202 094 239
0042 138 041 177 103 049 202 094 239
0043 128 046 174 100 049 203 094 238
0044 127 047 172 100 050 203 094 239
0045 124 047 165 108 050 203 094 239
0046 123 049 167 103 048 202 093 238
0047 120 050 168 104 048 204 090 239
0048 118 050 160 108 048 201 092 238
0049 120 049 160 106 048 201 091 237
0050 119 052 167 105 049 201 091 238
0051 118 049 167 102 048 201 091 238
0052 118 050 161 103 048 201 091 237
0053 122 049 164 104 049 201 091 237
0054 127 046 171 099 046 207 087 239
0055 047 201 091 238 140 041 178 100
0056 049 201 092 238 168 035 195 090
0057 049 200 092 238 163 039 203 101
0058 044 202 087 239 161 040 202 104
0059 048 201 090 239 163 041 200 099
0060 164 037 198 099 048 201 090 239
0061 164 037 198 102 050 206 091 239
0062 050 205 091 239 157 036 195 106
0063 156 036 194 110 049 200 093 238
0064 050 200 094 239 153 050 190 118
0065 149 067 185 127 050 201 094 239
0066 050 201 094 239 144 099 178 151
0067 050 200 093 238 145 119 182 165
0068 050 200 093 239 142 158 180 209
0069 140 183 183 236 050 201 093 239
0070 145 195 184 239 049 201 093 239
0071 047 201 091 239 142 204 185 239
0072 140 201 186 239 048 201 093 238
0073 137 202 187 239 048 200 092 238
0074 138 202 186 239 049 201 093 238
