0000 119 185 141 219 204 120 238 149
0001 118 189 140 222 209 089 245 130
0002 116 186 137 219 202 081 245 113
0003 201 076 243 108 116 187 137 219
0004 117 186 137 221 197 074 240 113
0005 117 187 140 221 196 080 240 118
0006 115 189 139 222 196 080 240 118
0007 193 080 240 119 115 189 139 223
0008 114 189 137 222 196 080 238 119
0009 115 188 137 222 195 080 241 117
0010 115 189 137 222 194 080 242 117
0011 115 188 138 222 196 081 239 118
0012 115 189 138 222 205 078 235 115
0013 115 188 138 222 190 076 229 109
0014 115 187 138 221 186 086 228 124
0015 115 190 135 220 188 117 227 147
0016 114 187 139 224 194 162 217 196
0017 115 189 138 223 195 179 216 206
0018 115 187 137 222 196 180 218 213
0019 206 186 226 216 115 188 139 221
0020 116 185 137 219 206 188 229 219
