0000 096 185 119 221 180 185 200 217
0001 172 165 193 194 096 185 118 218
0002 096 188 118 219 176 121 200 152
0003 097 184 118 218 168 085 206 137
0004 097 185 117 217 168 087 204 125
0005 096 184 115 215 166 087 204 125
0006 097 184 117 216 169 093 196 127
0007 096 182 117 217 170 093 197 129
0008 096 180 119 216 169 093 197 129
0009 095 182 118 216 163 088 198 127
0010 094 180 116 215 166 089 202 129
0011 162 087 197 127 095 182 116 216
0012 093 181 114 216 169 092 196 127
0013 095 182 114 216 162 089 196 127
0014 093 181 116 218 161 089 196 128
0015 095 181 118 216 163 091 197 127
0016 094 182 116 217 158 087 196 126
0017 156 084 195 120 095 186 114 215
0018 094 182 116 217 152 099 188 132
0019 155 121 186 145 094 186 116 220
0020 094 185 116 219 150 145 185 176
0021 093 187 114 220
0022 094 188 116 221
0023 095 186 116 220
0024 094 184 117 219
0025 094 185 117 219
0026 094 183 117 219
0027 094 182 116 219
0028 092 187 110 217
0029 094 185 113 219
0030 093 185 113 220
0031 093 183 114 218
