0011 039 205 094 239
0012 024 189 097 239 134 208 174 239
0013 137 190 182 238 036 173 092 225
0014 031 165 093 220 144 167 188 222
0015 032 157 090 211 151 155 193 198
0016 030 157 093 214 153 144 196 184
0017 038 153 093 207 150 140 200 209
0018 040 153 097 204 149 135 201 184
0019 040 150 096 204 133 129 185 172
0020 038 149 095 203 138 134 204 198
0021 040 149 095 201 123 125 176 185
0022 041 148 095 200 108 126 171 167
0023 042 148 096 201 097 121 159 158
0024 040 148 100 197 141 122 198 183 087 115 159 155
0025 078 120 136 164 044 144 103 193
0026 070 117 133 160 046 142 101 201
0027 066 119 129 164 049 138 099 194
0028 047 143 101 193 062 118 121 154
0029 057 116 113 155 045 145 095 194
0030 040 147 096 199 052 119 108 154
0031 043 126 093 193
0032 038 142 097 195 053 116 103 157
0033 040 145 097 195 054 118 106 154
0034 040 146 096 194 057 118 113 152
0035 038 147 096 201 057 120 115 156
0036 037 146 095 196 062 124 115 155
0037 031 145 093 199 065 122 118 163
0038 032 146 092 199 068 125 120 161
0039 030 146 092 199 077 126 124 162
0040 031 147 092 199 075 125 131 164
0041 030 147 091 199 078 130 130 164
0042 031 148 091 199 087 135 133 166
0043 031 146 091 199 093 136 136 166
0044 031 147 091 198 095 134 146 165
0045 030 143 090 197 095 136 149 167
0046 033 143 092 196 102 126 167 165
0047 033 147 094 198 099 130 166 164
0048 035 144 092 196 098 129 171 168
0049 094 131 146 172 034 148 094 199
0050 102 136 165 186 042 185 103 234
0051 100 152 151 204 138 161 188 224 036 204 107 239
0052 112 197 166 239
