0008 048 212 078 239
0009 042 171 081 213
0010 054 132 105 157
0011 058 115 108 146
0012 054 103 118 136
0013 053 101 118 134
0014 057 103 119 136
0015 065 103 120 136
0016 063 106 124 137
0017 063 104 124 137
0018 067 106 125 138
0019 057 106 126 139
0020 059 112 121 142 111 213 153 239
0021 100 192 150 236 046 114 120 147
0022 108 160 165 201 045 119 119 150
0023 124 114 166 172 036 119 116 153
0024 120 110 162 155 067 125 114 152
0025 115 108 149 147 044 124 116 157
0026 109 107 154 150 060 128 119 156
0027 103 101 156 149 059 128 119 157
0028 109 100 142 146 077 136 118 160
0029 095 094 134 137 074 135 114 159
0030 115 092 155 151 077 136 120 162
0031 102 098 137 133 074 131 120 157
0033 115 094 164 146 077 129 123 157
0034 119 096 160 143 066 125 123 153
0035 131 092 166 162 068 129 117 153
0036 134 086 176 158 053 125 118 155
0037 135 086 175 150 065 127 119 151
0038 138 091 170 153 067 126 118 151
0039 130 098 182 153 066 125 121 151
0040 126 103 176 155 065 126 119 153
0041 132 114 159 163 070 125 118 151
0042 103 123 166 166 067 125 118 150
0043 117 128 169 184 063 124 123 151
0044 101 130 165 182
0045 113 113 159 175
0046 086 121 141 164
0047 091 122 143 166
0048 072 122 142 172
0049 076 121 140 169
0050 058 125 124 166
0051 052 122 127 167
0052 049 123 121 166
0053 045 123 119 164
0054 047 123 119 164
0055 043 125 115 164
0057 037 118 094 160 078 119 124 143
0058 067 116 129 145
0059 065 116 130 147
0060 082 124 125 148 024 139 084 179
0061 081 121 128 147 025 149 094 188
0062 033 164 088 204 067 123 128 153
0063 037 185 088 227 069 121 121 149
0064 062 130 119 159 056 208 115 239
0065 041 159 082 192 104 219 151 239
0066 030 180 068 224
0067 030 215 060 239
