0000 118 207 138 234 190 192 212 232
0001 190 193 212 232 117 207 139 237
0002 118 205 142 235 191 191 213 231
0003 124 193 151 226 195 182 215 217
0004 143 164 166 189 177 133 216 163
0005 167 091 205 113 150 112 180 146
0006 147 072 191 111
0007 148 077 185 112
0008 160 079 185 112
0009 160 078 185 112
0010 156 074 195 111
0011 153 073 188 108
0012 159 076 185 110
0013 156 074 193 108
0014 144 066 186 097
0015 136 066 191 099 152 079 179 117
0016 148 099 172 133 148 077 197 104
0017 165 095 202 126 140 122 164 157
0018 136 152 161 183 187 143 214 173
0019 125 181 150 204 191 175 212 215
0020 118 199 141 235 190 190 210 227
0021 109 206 129 235 189 189 211 228
0022 109 204 130 235 193 193 211 229
0023 112 210 134 237 190 190 211 230
0024 113 208 136 238 192 195 210 229
0025 114 206 137 237 189 192 209 230
0026 115 205 135 236 190 194 210 227
