0001 093 217 128 237
0002 159 190 200 237 090 185 132 229
0003 096 164 138 204 158 155 195 194
0004 094 131 139 184 157 115 195 154
0005 101 109 142 142 151 087 194 133
0006 102 086 140 127 153 067 186 113
0007 102 080 132 124 145 059 186 099
0008 143 058 190 094 104 072 134 115
0009 134 062 192 097 105 072 131 117
0010 106 074 131 113 142 060 186 094
0011 106 074 131 115 137 061 183 092
0012 106 073 131 113 138 061 181 090
0013 107 074 131 115 136 062 182 090
0014 108 075 130 111 137 065 178 090
0015 105 076 134 115 134 060 180 092
0016 105 075 134 116 139 065 181 094
0017 103 070 141 110 137 064 181 094
0018 103 072 142 112 141 068 173 092
0019 103 071 140 112
0020 103 069 140 112 134 063 181 091
0021 110 069 138 111
0022 111 075 137 113 138 065 185 097
0023 112 076 137 114 143 071 184 097
0024 112 076 139 114 143 071 185 097
0025 104 071 145 109 142 071 184 098
0026 109 076 135 116 136 067 180 097
0027 109 076 136 117 135 065 175 098
0028 109 077 137 118 132 073 178 096
0029 110 076 138 117 128 065 179 098
0030 104 077 144 124 127 068 178 098
0031 104 079 144 123 128 067 177 096
0032 104 080 142 124 127 073 182 102
0033 108 084 137 125 130 074 180 103
0034 105 081 142 121 136 074 177 104
0035 104 081 144 125 136 069 173 105
0036 106 081 145 128 136 072 175 105
0037 107 081 147 128 122 075 176 104
0038 107 081 147 128 138 070 172 101
0039 109 083 141 129 137 071 175 105
0040 108 080 143 130 129 072 181 105
0041 110 083 142 128 133 073 180 104
0042 110 082 145 129 137 073 176 105
0043 110 083 143 129 132 075 182 105
0044 111 083 144 129 137 073 177 105 121 082 190 124
0045 112 083 146 127 136 074 176 106
0046 110 082 146 129 133 072 181 105
0047 110 083 148 130 134 071 181 104
0048 111 083 152 129 137 072 176 105
0049 133 080 187 115 111 090 144 129
0050 119 095 188 137 105 097 144 142 186 111 236 152
0051 091 152 141 199 149 133 208 171
0052 185 150 211 192 174 212 208 237
