0001 173 210 194 239
0003 176 209 197 239
0004 105 183 149 227 161 210 189 236
0005 121 101 167 130 144 131 174 166 168 153 194 185
0006 118 077 177 108 147 095 179 152 164 143 193 187
0007 127 082 182 116
0008 126 084 183 117
0009 128 085 181 120
0010 130 086 180 121
0011 131 086 181 121
0012 131 086 180 118 148 100 178 146
0013 128 085 186 119 148 098 175 144
0014 127 085 186 119 148 097 175 144
0015 134 086 181 121 140 100 176 146
0016 134 086 181 120 145 100 174 141
0017 133 086 181 120 145 103 171 139
0018 134 086 180 121 145 103 171 139
0019 134 086 180 121 145 102 174 141
0020 133 086 181 121
0021 130 085 181 121
0022 129 098 176 125 162 134 193 184 149 112 179 158
0023 164 197 191 239 100 155 160 193
0024 171 214 195 239
0025 175 214 192 239
0026 173 208 191 238
