0000 200 218 218 239 105 204 130 237
0001 200 218 218 239 105 205 130 238
0002 200 218 218 239 105 204 130 237
0003 105 209 127 235 200 218 218 239
0004 197 221 217 239 103 204 129 239
0005 197 221 217 239 103 204 129 239
0006 197 221 217 239 104 206 126 239
0007 197 220 217 239 104 204 127 239
0008 196 220 217 239 105 203 129 237
0009 198 213 225 239 106 192 129 226
0010 195 188 223 234 111 167 132 205
0011 178 140 222 176 116 137 147 177
0012 122 107 151 151 160 089 209 123
0013 127 089 150 125 148 060 192 099
0014 136 055 193 082 132 074 158 112
0015 126 052 182 098
0016 129 052 178 098
0017 128 047 176 091
0018 127 044 179 090
0019 131 046 179 095
0020 130 049 177 085
0021 129 048 178 084
0022 129 049 181 091
0023 129 049 180 090
0024 129 049 178 091
0025 129 049 179 093
0026 129 049 176 093
0027 134 052 170 100
0028 131 049 183 097
0029 144 055 195 083 134 064 184 108
0030 134 096 163 133 150 062 198 100
0031 131 125 160 159 174 109 214 146
0032 190 164 217 215 124 143 154 183
0033 192 203 219 239 113 173 137 210
0034 108 190 129 229 189 213 215 239
0035 104 204 125 238 195 214 217 239
0036 197 216 222 239 102 210 126 239
0037 198 210 223 239 102 210 126 239
0038 190 204 220 239 103 211 127 239
0039 189 202 216 239 100 209 128 239
0040 183 200 213 239 104 211 126 239
0041 175 201 210 239 104 209 127 239
0042 183 203 210 239 104 210 126 239
0043 183 207 211 238 104 211 126 239
0044 181 210 207 237 104 210 126 239
