0003 163 204 188 237 105 201 130 231
0004 108 147 153 180 143 166 185 195
0005 145 125 190 181 132 104 166 132
0006 128 105 176 135 144 122 194 184
0007 134 107 180 137 144 113 189 178
0008 132 107 182 143
0009 133 106 181 140
0010 133 106 181 139
0011 136 106 184 141 164 145 196 187
0012 134 106 180 141 164 145 196 187
0013 135 106 186 141 164 145 196 188
0014 135 106 182 141 164 145 195 188
0015 135 106 187 143 160 142 194 189
0016 135 106 187 143 146 128 192 184
0017 135 106 182 143 146 127 193 184
0018 137 106 187 143 159 144 195 189
0019 136 106 186 143 150 125 192 184
0020 136 106 185 143 159 144 194 188
0021 135 106 184 141 158 141 199 187
0022 136 111 180 137 152 124 188 178
0023 148 179 184 214 123 139 164 176
0025 179 204 202 236
0026 081 214 103 239 179 204 203 238
0027 176 202 199 234 086 219 106 239
