0000 104 212 123 239 199 209 222 239
0001 105 213 123 239 201 211 225 239
0002 104 211 124 239 202 215 227 239
0003 105 211 127 239 200 212 225 237
0004 197 216 222 239 105 210 126 239
0005 105 212 124 238 199 216 223 239
0006 105 212 126 239 198 210 219 238
0007 105 210 126 239 198 217 222 239
0008 102 209 126 239 198 217 223 239
0009 100 206 123 239 199 217 227 239
0010 205 199 232 236 102 186 128 229
0011 191 139 230 188
0012 135 112 162 149 167 087 211 120
0013 147 053 201 087 136 080 168 137
0014 141 037 197 064 143 058 169 106
0015 140 036 189 062 142 051 171 104
0016 139 037 187 061 141 047 176 102
0017 139 045 182 100 136 038 186 061
0018 138 050 181 106 136 043 187 064
0019 137 049 185 102 136 040 187 065
0020 139 049 183 101
0021 139 049 183 101
0022 137 050 182 102 133 043 190 069
0023 137 051 182 103 134 043 190 069
0024 136 047 184 099
0025 136 050 184 105 134 043 189 069
0026 137 049 185 098
0027 137 049 185 100 138 043 189 066
0028 139 048 188 100
0029 149 055 199 091 147 080 180 123
0030 184 123 215 163 133 149 164 185
0031 114 188 141 232 195 175 225 231
0032 198 209 222 239 104 207 129 239
0033 198 214 224 239 103 213 126 239
0034 195 215 221 239 105 213 126 239
0035 197 216 222 239 107 214 126 237
