0001 191 210 235 239
0002 209 185 261 229
0003 220 170 273 216
0004 225 150 282 194
0005 235 138 282 185
0006 238 132 291 174
0007 239 128 294 175
0008 242 127 296 172
0009 245 125 298 171
0010 243 124 299 168
0011 246 124 291 166
0012 244 123 298 167
0013 244 122 301 166
0014 245 123 298 166
0015 246 124 298 169
0016 245 122 298 167
0017 245 122 296 165
0018 248 122 299 165
0019 245 122 300 163
0020 246 123 297 166
0021 242 128 294 170
0022 224 156 278 197
0023 207 186 258 232
0024 185 210 233 239
