0008 163 214 197 239
0009 181 212 229 239
0010 197 203 254 239
0011 208 180 264 219
0012 218 152 274 191
0013 228 143 282 182
0014 231 137 291 175
0015 234 131 290 167
0016 230 119 294 155
0017 232 118 290 158
0018 236 114 293 150
0019 232 111 295 148
0020 236 108 299 144
0021 237 110 294 148
0022 236 108 296 149
0023 243 104 298 144
0024 236 101 296 143
0025 239 098 297 139
0026 240 101 296 140
0027 241 100 297 139
0028 240 102 294 139
0029 241 103 295 144
0030 238 103 301 141
0031 230 111 290 150
0032 223 127 280 166
0033 211 147 264 188
0034 195 175 245 218
0035 181 207 226 239
0036 151 215 189 239
