0000 088 150 124 188
0001 085 163 119 202
0002 077 172 112 215 156 186 176 220
0003 072 192 103 236 154 190 175 223
0004 070 201 093 239 153 192 172 227
0005 069 194 092 233
0006 069 191 090 230 157 192 176 224
0007 068 192 091 229 157 195 176 229
0008 068 191 090 231 151 197 170 231
0009 069 192 091 233 154 195 173 231
0010 070 195 092 231
0011 160 195 177 223 063 199 084 232
0012 046 199 073 235
0013 012 190 045 228 193 178 215 209
0014 004 179 027 213 211 178 236 205
0015 209 173 246 217 007 179 028 220
0016 198 180 233 221 009 187 037 227
0017 036 185 068 233 177 186 209 231
0018 067 195 095 239 157 195 184 238
0019 143 198 170 239 088 199 123 239
0020 135 192 164 239 100 201 126 239
0021 131 192 162 239 100 196 126 234
0022 130 195 163 238 094 194 132 235
0023 133 196 161 239 099 196 127 239
0024 133 196 161 239 099 200 128 239
0025 132 191 161 235 100 201 125 239
0026 130 195 163 235 100 201 125 239
0027 136 195 165 237 098 196 127 234
0028 133 194 170 236 095 197 125 236
0029 145 196 177 236 085 206 110 239
0030 152 200 180 239 070 201 102 239
0031 068 200 092 239 155 196 181 237
0032 159 199 181 235 064 196 092 237
0033 158 196 178 230 067 196 092 237
0034 155 198 174 232 074 199 094 233
0035 070 195 094 235 155 194 173 226
0036 070 199 091 235
0037 068 199 091 236 153 191 172 224
0038 069 199 092 235 152 193 171 226
0039 072 198 094 231 150 196 168 230
0040 071 198 094 234 156 193 174 225
0041 068 201 094 238 149 197 170 231
0042 070 188 103 231 152 195 172 228
0043 077 182 110 223 153 193 172 224
0044 085 171 115 206
0045 088 151 126 187 151 194 170 227
0046 092 147 134 180 151 194 170 228
0047 094 143 133 179 156 191 174 224
0048 095 148 133 179 151 198 170 228
0049 088 156 126 191
0050 082 167 117 208 154 192 173 224
0051 075 182 108 226 156 191 173 223
0052 068 194 096 236 156 192 173 224
0053 069 194 094 237
0054 062 195 084 233 154 195 171 224
0055 063 194 087 234 154 193 173 225
0056 063 200 084 233
0057 063 201 086 237 152 197 170 230
0058 069 196 092 236 154 194 171 225
0059 071 182 104 224
0060 082 181 107 218 150 193 169 226
0061 087 164 123 201 154 193 171 224
0062 092 162 123 193 152 190 171 224
0063 086 157 122 187 154 189 173 221
0064 093 158 130 187 153 189 173 222
0065 088 156 128 186 151 191 171 225
0066 084 153 123 186 152 193 170 223
0067 092 156 122 179
0068 092 154 124 180 153 196 171 227
0069 091 154 123 178 152 198 169 228
0070 091 150 127 180 151 198 170 229
0071 089 150 128 179
0072 095 149 131 181 153 193 172 223
0073 096 150 135 179 151 191 170 225
0074 100 150 138 177 151 194 170 228
0075 153 190 172 222 102 150 139 178
0076 103 150 139 177 152 190 171 224
0077 096 150 137 177 154 190 172 223
0078 099 149 139 178 152 192 172 228
0079 098 150 136 179 150 192 170 227
0080 100 150 138 178 152 193 171 228
0081 099 150 138 179 153 194 171 228
0082 097 150 137 180 154 192 172 225
0083 096 151 136 179 152 193 171 226
0084 097 149 136 179 151 191 170 223
0085 089 151 128 179 152 195 171 226
0086 154 194 173 225 097 157 131 183
0087 087 153 124 183 153 191 171 223
0088 091 158 126 185 152 192 171 227
0089 087 157 122 187 154 193 172 224
0090 085 155 122 186
0091 086 154 124 187 153 192 171 225
0092 086 152 125 187 151 193 170 228
0093 082 151 120 182 151 190 171 226
0094 088 151 124 184
0095 087 153 125 185
0096 085 153 123 184 151 195 170 227
0097 087 154 122 185
0098 087 154 123 186
0099 086 154 122 187
0100 088 155 119 186
0101 083 152 118 185
0102 087 153 121 184 152 190 170 223
0103 087 153 121 185 154 188 172 219
0104 086 154 121 188 154 188 172 220
0105 086 155 120 188 153 192 171 224
0106 086 156 122 189
0107 085 157 121 188
0108 084 156 121 189
0109 087 158 124 190 151 193 170 227
0110 088 159 127 190
0111 084 157 125 188
