0000 184 208 213 239 104 153 139 188
0001 193 213 231 239 105 164 129 201
0002 207 209 245 239 094 158 131 207
0003 199 183 240 235 097 157 124 202
0004 178 152 223 197 103 143 131 190
0005 116 124 144 174 157 121 200 162
0006 121 117 151 166 153 112 195 152
0007 123 107 162 162 152 118 192 149
0008 123 106 175 157
0009 127 110 173 160
0010 125 107 172 155
0011 124 106 175 157
0012 123 108 174 156
0013 124 113 172 161
0014 115 131 156 170 161 133 203 161
0015 108 137 147 175 175 148 215 179
0016 105 147 134 184 186 184 223 238
0017 191 207 224 239 101 159 135 196
