0000 036 221 058 239
0001 015 214 041 239 188 219 211 237
0002 229 200 265 228
0003 252 160 292 189 007 132 031 171
0004 261 140 298 172
0005 263 146 302 172
0006 269 134 309 160 008 112 030 146
0007 009 107 031 145 252 109 304 141
0008 007 106 052 148 187 098 264 136
0009 144 093 211 132 018 111 071 164
0010 061 094 108 164 130 087 176 136
0011 124 089 171 132 066 095 121 161
0012 124 088 171 132 071 100 124 152
0013 116 090 163 133 069 098 127 152
0014 123 092 166 135 070 097 130 149
0015 121 086 166 131 075 093 125 148
0016 117 089 163 133 070 095 127 148
0017 067 102 123 152 126 094 169 135
0019 020 203 052 239 173 211 200 235
0020 024 219 049 239 167 220 189 239
0021 032 215 054 239
0024 024 218 052 239
