0000 072 194 094 229 155 193 172 226
0001 154 189 172 225
0002 075 194 093 229 153 192 171 224
0003 072 198 090 227
0004 074 198 091 224 153 189 172 223
0005 071 199 090 228
0006 068 192 089 232
0007 067 193 091 236 158 193 174 222
0008 057 193 087 235 156 194 174 225
0009 047 196 077 235 171 188 190 226
0010 029 187 065 228 190 176 215 219
0011 015 182 041 218 214 169 240 201
0012 228 155 255 187
0013 231 148 270 180
0014 235 153 270 190
0015 220 172 258 211
0016 020 180 054 228 189 179 223 233
0017 155 195 185 236 066 193 094 239
0018 090 188 126 234 130 195 161 239
0019 126 200 155 239 094 201 125 239
0020 089 200 125 239 123 196 157 239
0021 091 203 116 237 124 201 163 239
0022 092 197 120 239 125 201 155 239
0023 094 193 125 238 127 197 159 239
0024 092 198 119 239 120 199 158 239
0025 095 195 121 238 123 203 154 239
0026 124 201 162 239 092 196 119 239
0027 129 199 159 239 089 200 123 239
0028 133 199 171 239 081 194 108 235
0029 072 200 098 239 150 198 180 236
0030 062 195 088 239 159 196 185 239
0031 055 197 087 238 166 198 187 235
0032 058 191 089 235 166 192 186 229
0033 068 197 090 231 156 196 174 229
0034 074 192 095 228 152 190 172 223
0035 073 193 095 225
0036 073 194 094 225
0037 071 198 091 231
0038 065 195 093 234
0039 062 190 092 237
0040 064 188 096 229
0041 073 179 102 216
0042 078 160 112 198
0043 083 156 119 189
