0004 142 216 172 239
0005 142 154 175 199
0006 136 085 180 131
0007 132 053 183 092
0008 120 042 173 081
0009 112 042 164 079
0010 108 042 161 080
0011 102 040 151 078
0012 103 038 151 084
0013 105 039 151 079
0014 103 045 153 086
0015 102 042 149 082
0016 102 046 151 088
0017 103 045 147 087
0018 102 043 153 084
0019 102 042 156 081
0020 103 044 155 087
0021 100 044 148 084
0022 102 045 151 085
0023 104 047 149 084
0024 101 048 147 090
0025 103 047 149 085
0026 101 048 148 094
0028 105 051 151 098
0029 106 049 149 095
0030 101 048 150 091
0031 103 050 151 089
0032 105 049 157 089
0033 126 055 168 099
0034 123 066 165 108
0035 128 073 170 114
0036 133 078 172 118
0037 141 095 175 135
0038 133 114 166 144 023 193 065 236
0039 041 153 089 196
0040 046 141 091 179 098 132 139 163
0041 080 136 134 166
0042 061 137 125 167
0043 047 135 093 165 095 138 132 169
0044 035 138 078 166 122 133 155 165
0045 007 140 059 170 149 136 191 166
0046 000 149 052 179 180 147 230 176
0047 000 154 048 187 180 147 236 180
0048 000 155 050 190 182 151 230 181
0049 000 153 053 190 181 156 228 177
0050 000 157 049 193 179 149 225 182
0051 179 149 227 181 000 156 048 193
0052 180 150 227 183 000 157 053 193
0053 000 157 048 195 182 151 228 184 150 196 184 237
0054 000 159 053 194 182 152 228 185
0055 000 161 052 194 182 156 225 181
0056 000 159 047 196 176 152 218 181
0057 005 170 056 213 144 181 188 213
0058 011 193 058 239 130 210 171 238
