0000 087 201 136 239 220 200 261 238
0001 087 201 136 239 215 191 263 236
0002 087 202 136 239 218 180 265 235
0003 090 199 139 239 216 165 257 235
0004 090 200 137 239 212 142 252 223
0005 090 198 136 239 206 136 247 209
0006 193 133 239 195 090 197 138 239
0007 090 197 139 239 185 131 235 192
0008 089 196 140 239 181 122 229 184
0009 095 195 142 239 174 110 220 176
0010 093 191 141 237 171 108 221 169 202 100 256 145
0011 092 191 141 236 171 099 213 157 203 099 253 140 208 208 243 238
0012 092 191 141 235 167 102 210 161 206 094 250 139
0013 162 106 207 169 095 194 142 239 204 094 247 136
0014 159 114 209 179 096 195 142 239 200 099 247 140
0015 091 191 142 237 163 124 213 188 194 102 246 151
0016 163 133 207 201 091 190 142 237 197 108 245 154
0017 163 140 207 210 101 196 145 239 196 115 237 163
0018 100 196 145 239 162 144 213 212 188 111 237 166
0019 101 196 145 239 160 151 204 222 192 114 238 170
0020 101 196 145 239 161 150 209 222 192 109 234 164
0021 101 196 145 239 160 142 210 212 186 111 231 169 208 207 243 238
0022 094 195 143 239 156 132 208 194 186 108 237 160 206 199 241 232
0023 158 126 198 186 094 195 143 239 210 203 234 233 188 102 232 146
0024 161 109 204 169 094 194 144 239 204 199 237 234
0025 161 104 209 159 094 194 144 239 210 203 235 233
0026 166 098 205 151 092 191 141 237 193 090 243 137 204 200 237 234
0027 092 191 141 237 165 091 211 146 212 204 241 236 200 086 237 126
0028 169 081 214 135 094 197 143 239 207 204 235 233
0029 168 079 213 133 094 197 143 239 207 204 235 233 087 157 113 192
0030 168 080 215 133 093 197 143 239 207 204 235 233
0031 167 081 216 133 093 190 140 236 207 204 235 233
0032 169 080 217 132 093 196 143 239 208 206 244 238
0033 170 080 217 130 093 197 143 239 210 203 234 233
0034 168 079 215 130 093 193 140 235
0035 165 081 217 134 093 193 140 235
0036 167 085 219 136 095 195 142 239
0037 166 093 215 148 096 192 143 239 201 089 248 136
0038 090 185 143 237 173 107 223 161
0039 090 174 139 227 172 122 220 176
0040 094 165 145 214 166 136 219 190
0041 090 158 145 205 165 142 214 196
0042 090 158 149 207 165 146 218 201
0043 094 159 153 210 163 147 221 205
0044 098 159 154 209 163 158 212 209
0045 097 160 154 209 159 154 225 203
0046 100 161 152 210 167 157 220 210
0047 097 162 152 210 171 158 223 210
0048 096 157 155 207 171 155 225 208
0049 084 160 150 207 179 149 240 208
0050 087 156 142 211 190 150 234 212 207 135 242 182
0051 078 156 142 208 200 154 242 213 208 133 245 168
0052 072 157 141 204 209 136 245 179
0053 065 154 134 202 211 135 249 178
0054 063 158 131 205 211 134 254 174
0055 062 155 129 204 210 135 254 171
0056 063 153 129 203 210 134 255 174
0057 062 154 130 205 214 133 252 183
0058 059 162 128 210 214 136 252 179
0059 059 162 129 209
0060 057 162 130 211 213 135 250 184
0061 060 163 131 210
0062 063 158 133 208 212 137 251 182
0063 061 156 130 209 215 162 257 219
0064 050 159 117 210 217 137 252 188 218 170 256 225
0065 041 154 097 215 212 176 257 235
0066 037 163 086 213 214 180 255 238 053 128 089 166
0067 029 169 071 219 208 195 254 238
0068 029 169 068 228 210 197 256 239
0069 028 175 071 231 206 196 254 238
0070 030 185 068 234 208 197 257 239
0071 030 186 069 237 211 199 257 239
0072 030 188 068 237 208 200 257 239
0073 032 189 067 239 213 202 259 238
0074 028 194 071 238 213 202 254 237
0075 032 195 066 239 207 198 254 238
0076 032 193 066 239 210 199 255 238
0077 033 195 066 239 207 200 254 238
