0005 133 212 182 239
0006 145 157 191 205
0007 158 120 204 164
0008 164 105 209 150
0009 167 099 211 147
0010 157 096 205 153
0011 153 096 197 151
0012 154 086 194 144
0013 151 074 186 133
0014 151 064 184 117
0015 152 055 186 106
0016 147 047 188 096
0017 146 044 188 090
0018 144 039 188 084
0019 150 038 187 084
0020 150 036 188 078
0021 149 035 190 076
0022 149 033 188 076
0023 149 031 187 077
0024 148 031 189 076
0025 145 037 186 082
0026 150 047 187 096
0027 146 061 190 105
0028 143 093 187 130 080 212 126 239
0029 142 111 175 146 081 181 133 214
0030 127 129 169 162 081 159 141 190
0031 126 138 169 175 094 157 145 183
0032 133 143 170 182 093 161 145 188
0033 140 146 178 182 082 165 137 193
0034 155 153 200 185 068 165 121 198
0035 159 152 203 185 064 165 114 198
0036 054 164 100 194 171 152 215 182
0037 048 167 090 196 174 148 221 179
0038 044 163 080 196 175 144 219 179
0039 040 164 080 198 175 146 219 179
0040 037 164 082 196 175 145 218 178
0041 038 163 083 197 175 144 219 181
0042 044 170 091 207 172 154 215 185
0043 060 193 110 237 160 173 196 229
0044 155 194 189 239 067 217 112 236
