0009 145 214 179 238
0010 152 152 194 204
0011 153 123 201 172
0012 158 107 205 159
0013 155 105 207 160
0014 151 100 202 156
0015 149 095 197 151
0016 147 082 186 140
0017 145 074 184 131
0018 146 064 178 111
0019 144 052 185 100
0020 146 046 180 093
0021 142 037 186 086
0022 142 030 173 077
0023 140 024 176 073
0024 141 021 175 071
0025 137 020 178 067
0026 137 020 177 067
0027 136 019 177 067
0028 138 025 173 074
0029 136 037 178 078
0030 086 216 134 239 136 058 180 092
0031 085 166 140 203 132 079 175 120
0032 084 144 137 172 126 106 166 150
0033 087 139 139 169 127 111 163 154
0034 089 142 140 171 121 126 166 165
0035 082 145 134 176 120 131 165 174
0036 074 149 130 180 136 136 178 172
0037 068 148 120 181 142 136 183 174
0038 064 151 112 180 157 136 199 172
0039 053 147 096 181 165 138 207 177
0040 047 151 089 179 170 134 218 170
0041 043 148 084 184 176 135 221 168
0042 041 150 089 180 177 135 220 168
0043 046 150 094 181 174 133 217 169
0044 049 152 098 180 174 137 205 173
0045 052 155 101 185 170 142 203 181
0046 155 153 199 200 062 169 112 205
0047 148 189 184 238 068 217 114 239
0048 141 213 179 239
