0000 119 175 176 233 042 200 095 239
0001 036 196 091 239 091 086 171 148
0002 049 043 076 099 091 057 162 099 040 200 096 239
0003 087 047 153 084 046 201 100 239 045 037 083 103
0004 045 202 102 239 114 031 178 070
0005 138 010 189 061 045 202 102 239 051 039 078 088
0006 039 200 106 239 175 009 214 054
0007 186 012 224 062 047 201 100 239 040 043 080 090
0008 189 006 218 056 041 200 105 238
0009 041 200 096 239 188 009 214 053
0010 179 007 218 056 042 201 106 238
0011 152 009 207 065 046 207 103 239
0012 042 201 102 239 128 051 187 100 049 040 076 093
0013 034 199 093 239 133 140 183 186 048 041 077 098
0014 123 186 190 239 038 199 095 239
0015 127 206 176 239 038 199 097 239
0016 038 200 096 239 134 202 187 239
0017 038 200 097 239 126 199 184 237
0018 133 198 189 239 037 195 108 239
0019 129 201 185 239 034 197 090 239
0020 033 200 090 239 135 198 187 239
