0000 056 194 096 237
0001 060 188 092 239
0002 068 198 098 239
0003 148 215 191 239 069 198 105 239
0004 130 193 188 238 070 202 117 239
0005 126 180 182 226 075 195 123 236
0006 124 173 184 216 074 196 130 231
0007 069 190 132 231 124 165 192 208
0008 072 189 139 224 123 161 187 205
0009 120 158 185 202 074 193 145 222
0010 071 186 141 224 112 158 182 200
0011 116 153 183 195 073 179 151 217
0012 112 150 178 193 074 183 148 220 073 178 105 210
0013 111 155 178 196 073 177 115 214
0014 109 156 168 195 070 177 127 213
0015 072 174 127 212 104 153 172 194
0016 069 172 145 215 111 155 181 198
0017 111 160 189 206 072 169 118 211
0018 112 155 181 202 073 170 114 209
0019 107 154 168 204 072 168 114 207
0020 108 154 169 203 072 164 115 207
0021 071 169 112 209 104 157 159 204 130 155 194 196
0022 102 156 160 204 068 167 115 206
0023 108 153 166 201 071 168 112 208 137 158 198 198
0024 111 152 165 200 070 168 118 208 137 159 198 200
0025 068 168 120 208 112 153 166 199 141 154 196 195
0026 070 167 116 208 110 153 167 199
0027 070 164 116 205 105 152 161 196
0028 075 164 112 205 112 154 189 195
0029 069 165 120 208 115 152 191 194
0030 112 152 192 193 072 162 105 201
0031 109 150 181 191 072 163 103 202
0032 106 149 178 190 071 164 122 202
0033 110 145 176 188 071 164 118 205
0034 073 166 149 205 105 139 170 182
0035 098 143 171 182 068 155 150 207
0036 071 165 149 204 098 145 168 183
0037 072 166 149 204 097 144 167 181
0038 071 167 151 206 098 144 167 184
0039 078 169 153 205 091 139 169 180
0040 073 168 153 205 091 144 169 182
0041 073 164 153 204 092 145 167 184
0042 097 145 167 182 076 167 160 206
0043 074 161 159 207 094 140 166 182
0044 095 146 174 186 069 166 149 204
0045 067 173 140 212 105 140 177 179
0046 119 146 197 189 065 174 140 214
0047 134 146 195 191 062 173 133 214
0048 065 177 134 214 142 145 204 193
0049 148 150 212 193 067 181 133 217
0050 150 151 209 196 067 176 134 212
0051 150 150 210 195 063 173 118 214
0052 140 151 211 194 065 176 135 213
0053 133 151 207 193 067 175 131 214
0054 065 173 135 212 133 146 197 189
0055 066 172 134 213 126 149 191 188
0056 069 171 137 208 133 142 197 190
0057 066 172 133 212 133 141 197 189
0058 127 144 193 185 066 172 134 210
0059 121 141 190 187 069 168 136 208
0060 122 141 191 185 071 170 139 207
0061 107 140 169 183 073 173 143 210
0062 071 168 123 207 111 138 169 186
0063 116 142 191 182 072 169 127 207
0064 071 173 141 210 107 142 178 181
0065 109 142 182 182 066 170 139 209
0066 104 143 176 182 076 167 143 208
0067 096 144 168 182 073 169 138 207
0068 095 146 161 195
0069 076 155 152 203
0070 083 151 162 196
0071 080 149 165 203
0072 088 152 171 198
0073 081 162 167 207
0074 097 157 166 206 071 171 128 215
0075 071 171 133 214 106 161 170 203
0076 068 169 151 214
0077 077 171 145 220 106 165 177 205
0078 090 173 173 221 071 179 112 218
0079 098 171 175 219 072 185 113 222
0080 125 174 183 219 069 190 110 224 096 182 152 229
0081 072 189 115 229 129 181 186 226 113 195 147 234
0082 131 186 186 236 077 188 120 234
0083 137 194 194 239 076 191 115 234
0084 147 201 193 239 081 196 120 239
0085 155 198 202 239 079 194 117 234
0086 162 203 204 239 077 196 119 234
0087 168 204 208 239 074 195 119 231 081 216 137 239
0088 174 202 212 239 075 195 119 231 085 215 140 239
0089 177 197 216 239 075 196 123 236 095 219 143 239
