0000 061 219 092 239 185 213 214 239
0001 059 215 092 239 184 212 212 239
0002 059 215 092 239
0003 060 222 088 239 004 198 035 239
0004 062 219 089 239
0005 059 215 096 239
0006 059 214 094 239 004 198 035 239
0007 073 201 102 239
0008 078 198 115 229 003 200 040 239
0009 083 186 128 217
0010 088 178 148 211
0011 091 174 158 205
0012 101 168 163 203 176 214 217 239
0013 182 186 218 224 108 169 166 197
0014 185 162 224 198 113 163 172 192
0015 178 141 224 179 103 156 164 188
0016 176 136 218 169 106 152 148 188
0017 175 128 219 164 108 153 168 183
0018 174 118 221 159 106 153 166 183 004 195 035 239
0019 172 110 215 151 106 153 167 183 004 194 036 239
0020 163 098 220 133 108 153 167 182 004 194 036 239
0021 160 091 218 130 106 149 167 183
0022 156 107 207 146 107 150 168 181
0023 107 150 151 183 148 117 195 159 136 149 177 180
0024 109 147 169 179 147 109 195 149
0025 128 139 175 177 105 147 147 178 142 117 197 157
0026 143 116 187 157 112 148 174 179 004 200 036 239
0027 140 110 188 149 104 147 164 180
0028 105 145 165 180 135 112 185 152 004 200 036 239
0029 108 144 169 180 135 119 188 158
0030 129 116 175 157 108 144 169 178
0031 126 120 172 155 104 144 168 180
0032 125 113 167 150 114 151 173 180
0033 119 116 164 150 108 146 168 178
0034 114 112 159 153 106 151 165 183
0035 111 107 155 145 103 153 161 186
0036 109 112 152 152 108 149 167 179
0037 107 150 166 181 105 105 151 148
0038 099 105 143 148 108 150 166 179
0039 094 109 141 157 101 150 164 181 126 102 198 144 003 194 036 236
0040 092 109 134 151 100 153 161 182
0041 124 102 198 143 106 149 166 180 094 110 141 155 005 200 041 239
0042 124 104 200 144 093 151 134 184 119 152 159 177 004 198 036 239
0043 095 112 136 147 102 154 161 185 004 198 036 239
0044 096 154 160 188 094 105 145 141
0045 105 107 158 138 096 155 147 189
0046 089 158 145 194 112 110 170 141
0047 124 115 178 150 079 165 135 203
0048 128 121 177 159 077 170 123 204
0049 144 136 183 172 077 169 121 205
0050 150 146 190 185 072 171 118 208 004 199 036 239
0051 156 173 198 214 073 180 108 219
0052 064 193 095 235 164 197 209 239
0053 060 210 093 239 179 212 214 239
0054 055 217 085 239 004 199 035 239
0055 052 215 080 239
0056 004 198 035 239 049 215 078 239
0058 180 214 214 239
0060 004 195 036 239
0061 004 194 036 239
0063 051 216 082 239
0064 054 218 095 239
0065 060 217 094 239 004 199 035 239
0066 060 221 095 239 004 199 036 239
0067 064 223 097 239 004 199 036 239
0068 063 224 093 239 004 199 036 239
0069 062 224 095 239 004 200 035 239
