0000 045 169 097 218 119 219 164 239 075 187 122 215
0001 118 216 167 239 058 175 110 215 034 163 080 211
0002 122 201 177 239 055 168 113 215
0003 047 167 119 217 135 166 195 220
0004 042 167 117 214 133 134 204 182
0005 114 128 173 180 052 169 116 217 035 162 078 209
0006 096 128 156 179 052 164 114 216
0007 088 128 145 181 057 167 112 213 124 131 190 185 034 160 078 209
0008 090 124 151 175 052 165 098 213
0009 084 128 142 185 057 166 105 217 111 131 181 176
0010 052 174 112 212 094 126 136 177
0011 080 130 138 179 052 170 111 210
0012 073 125 125 179 053 174 117 214
0013 073 132 127 180 054 175 118 209 045 160 082 202
0014 064 122 122 170 054 175 119 210
0015 060 124 112 178 055 176 120 209
0016 068 117 139 165 056 170 118 210
0017 051 117 107 166 058 177 121 209
0018 065 180 123 209 059 127 119 173
0019 065 120 109 170 057 178 118 213
0020 067 133 126 182 049 180 107 226
0021 091 150 148 207 029 190 098 239
0022 109 182 170 235 040 211 092 239
0023 039 219 079 239 122 221 168 239
0024 119 217 167 239 039 217 079 239
0025 116 221 160 239
