0000 150 171 167 203 074 175 091 206
0001 074 171 093 204 149 171 166 204
0002 074 175 092 206
0003 073 171 093 204 148 170 167 200
0004 073 175 093 207 143 170 163 205
0005 073 173 092 205 131 142 156 171
0006 073 178 092 205 120 121 156 145
0007 073 174 094 206
0008 073 174 091 204 104 057 133 086
0009 092 044 133 070 074 180 092 206
0010 076 032 132 064 073 173 092 204
0011 074 172 094 203 075 036 122 070
0012 071 045 128 083 073 173 093 204
0013 074 050 123 088 074 174 091 203
0014 076 060 125 100 073 175 091 204
0015 074 068 124 109 074 172 091 203
0016 074 069 117 112 074 172 093 203
0017 074 069 116 113 075 175 092 203
0018 073 068 116 113 073 172 092 204
0019 076 072 120 112 073 176 092 207
0020 077 077 123 114 074 176 092 208
0021 089 092 129 120 073 172 093 206
0022 073 174 092 206 107 112 145 140
0023 072 176 089 205 122 149 156 191
0024 070 176 087 204 141 161 165 198
0025 149 172 170 208 070 175 087 204
0026 071 175 089 204 151 169 171 203
0027 073 174 092 207 149 175 169 209
0028 073 175 093 209 148 178 165 206
0029 073 175 093 207 150 178 166 205
0030 072 175 091 206 150 174 168 207
0031 073 174 092 205 148 174 168 207
