0005 092 178 135 233
0006 155 207 199 239 091 107 131 192
0007 153 164 198 215 083 101 135 172
0008 137 126 183 182 083 082 137 154
0009 087 077 140 156 137 112 184 173
0010 129 095 178 158 089 073 134 149
0011 092 074 137 152 127 100 176 158
0012 091 079 139 147 128 110 172 162
0013 088 069 135 152 124 108 169 160
0014 115 103 168 156 085 074 141 149
0015 085 075 142 151 115 105 163 157
0016 084 073 141 149 114 104 164 157
0017 083 076 142 148 107 105 162 154
0018 109 106 162 157 082 071 137 146
0019 085 066 130 146 104 105 159 154
0020 087 070 132 145 108 100 155 151
0021 079 076 136 147 105 101 151 154
0022 082 078 128 147 101 104 145 154
0023 083 099 148 152
0024 086 074 132 144
0025 080 078 130 143
0026 075 095 135 145
0027 075 096 139 148
0028 071 082 123 149
0029 062 087 126 143
0030 060 083 129 141
0031 065 095 129 150
0032 077 084 126 165
0033 076 119 155 177
0034 116 152 172 201 079 118 135 194
0035 138 183 189 235 093 176 132 236 112 168 143 207
