0003 070 223 108 239 181 223 220 239
0004 071 204 129 239 180 223 220 239
0005 071 171 131 222 180 223 220 239
0006 075 110 121 188 180 223 220 239
0007 065 081 112 159
0008 059 078 104 160 174 221 220 239
0009 059 077 104 162 181 213 222 239
0010 063 077 104 162 170 170 221 224
0011 064 077 105 159 144 136 199 188
0012 060 078 107 162 123 124 187 170
0013 060 074 104 160 117 114 172 163
0014 064 073 104 160 108 118 173 167
0015 064 075 105 161 108 115 172 163
0016 064 075 104 161 112 120 168 167
0017 060 075 104 157 110 117 165 168
0018 060 076 106 155 108 122 160 172
0019 060 076 104 156 102 118 159 169
0020 060 076 107 155 101 119 158 171
0021 059 075 107 157 092 118 149 166
0022 060 075 106 158 098 124 149 172
0023 060 074 105 155 097 119 150 171
0024 061 075 103 157 094 120 148 170
0025 062 077 103 154 089 123 141 173
0026 062 075 103 159 087 125 141 170
0027 062 075 103 157 081 126 141 171
0028 061 073 103 155 067 125 136 173
0029 062 079 114 171
0030 057 074 112 167 073 128 132 174
0031 061 076 110 168 071 130 128 172
0032 061 075 104 159 066 124 130 172
0033 075 104 123 170
0034 073 121 147 177
0035 128 168 193 219 066 161 129 211
0036 068 191 129 237 170 192 217 233
0037 165 198 221 235 062 211 122 239
0038 173 209 220 239 060 216 120 239
0039 172 211 220 238 060 217 121 239
0040 173 207 221 239 060 217 121 239
0041 063 220 117 239 173 208 218 235
