0000 098 195 144 239 207 203 240 239
0001 097 195 145 239 207 202 240 239
0002 097 195 145 239 207 203 248 238
0003 097 195 145 239 201 201 246 239
0004 096 195 145 239 202 200 246 239
0005 096 198 147 239 202 200 246 239
0006 096 196 143 239 202 197 246 239
0007 094 197 137 239 210 197 242 239
0008 205 195 240 239 097 197 141 239
0009 194 181 233 236 094 182 136 224
0010 186 169 231 224 090 167 135 208
0011 177 160 228 209 087 145 140 192
0012 089 120 138 174 171 151 224 199 208 141 251 181
0013 089 102 139 166 165 142 231 187 202 138 253 178
0014 097 093 148 155 159 139 222 184
0015 097 085 150 148 155 125 212 171
0016 154 121 218 158 097 079 149 143 208 128 260 169
0017 149 112 201 153 102 067 143 138
0018 100 068 144 136 149 106 203 144 185 120 251 160
0019 100 066 143 133 142 106 195 142 185 115 245 157
0020 098 063 145 136 134 098 193 136 188 112 246 158
0021 123 096 187 136 098 062 146 134 184 109 245 156
0022 130 097 185 131 093 060 144 134 172 111 241 153
0023 097 062 138 130 124 093 184 132 182 109 238 146
0024 102 061 145 127 124 093 182 133 178 110 240 151
0025 121 096 182 133 176 113 239 155 103 063 145 126
0026 117 092 181 133 102 062 148 130 175 113 236 153
0027 096 060 140 130 125 091 183 132 163 111 234 147
0028 098 063 144 130 117 092 178 132 168 111 235 148
0029 099 064 144 130 117 092 177 134 169 113 241 149
0030 095 061 139 129 124 092 177 135 169 113 237 152
0031 124 094 178 136 102 061 145 128 164 113 236 152
0032 167 114 237 151 096 063 144 128 124 095 176 139
0033 159 114 239 151 111 093 182 134 099 058 135 118
0034 159 114 238 151 113 092 176 135 094 060 142 128
0035 158 113 234 152 108 095 175 137 095 059 143 128
0036 108 095 173 136 159 112 234 150 100 059 144 130
0037 160 112 238 151 096 079 164 131
0038 158 113 238 152 113 091 168 137 099 061 144 129
0039 165 111 229 153 104 090 167 138 096 058 141 127
0040 099 062 142 129 165 109 228 155 110 089 169 136
0041 101 089 163 136 158 111 235 150
0042 155 111 231 151 101 092 166 138 092 060 138 129
0043 107 090 169 139 155 115 230 151 091 059 138 131
0044 164 112 231 155 112 090 174 137 093 069 145 129
0045 164 112 231 155 110 089 174 137 098 059 141 130
0046 166 113 231 154 111 092 171 140 090 054 151 135
0047 156 112 237 152 103 086 166 137
0048 163 113 233 154 107 091 173 136 092 063 139 132
0049 156 115 234 152 091 056 157 137
0050 158 114 237 152 105 094 174 137 093 059 144 128
0051 156 113 236 152 096 064 145 134 111 094 181 137
0052 105 087 170 137 173 111 226 155
0053 098 072 159 135 153 113 232 150
0054 154 111 233 151 094 055 155 137
0055 154 114 236 152 090 073 155 132
0056 153 113 233 153 111 090 166 140 099 063 142 132
0057 153 113 231 153 096 068 148 135 114 097 165 141
0058 157 109 230 153 097 068 149 134 112 098 168 140
0059 151 111 232 151 094 069 148 134
0060 152 112 231 151 094 070 149 134 111 099 177 137
0061 151 112 232 151 105 088 162 139 097 058 136 128
0062 151 111 232 151 112 097 168 137 092 062 139 130
0063 111 096 165 137 147 108 233 149 098 059 148 126
0064 109 094 168 138 152 109 226 152 093 064 145 129
0065 105 091 160 139 147 111 229 149 092 056 141 123
0066 112 096 163 137 152 111 231 151 093 054 150 137
0067 151 114 234 152 112 099 165 137 095 065 148 135
0068 154 112 233 155 097 063 143 137 110 099 173 140
0069 152 115 233 157 096 065 148 138
0070 152 116 229 156 097 064 150 131 108 098 170 141
0071 157 112 233 153 102 093 159 141 097 058 137 129
0072 155 111 231 152 107 098 162 140 093 062 143 132
0073 147 112 228 155 108 096 163 141 098 060 139 133
0074 152 111 230 152 093 057 154 136 113 101 168 142
0075 153 110 229 151 111 101 168 141 097 059 137 131
0076 147 114 226 153 111 105 164 146 092 062 137 132
0077 112 104 169 143 147 114 227 153 089 056 139 132
0078 111 101 170 144 159 114 231 154 090 056 138 134
0079 103 104 173 145 089 056 139 135 143 113 225 149
0080 111 100 168 143 098 059 137 130 152 112 228 154
0081 111 100 166 142 153 111 228 154 099 059 138 132
0082 106 102 169 144 147 114 226 155 098 058 137 133
0083 092 059 139 125 105 104 164 146 142 111 228 152
0084 101 108 175 145 142 112 223 152 094 058 144 123
0085 097 111 161 149 087 059 140 127 148 115 226 154
0086 108 112 172 151 150 119 233 157 094 059 139 132
0087 118 117 189 157 086 066 136 131 165 122 240 164
0088 092 085 140 151 139 136 195 179 180 137 239 177
0089 094 132 141 168 164 152 219 205
0090 099 170 146 208 199 178 237 233
0091 208 192 243 239 102 188 149 228
0092 094 196 147 238 200 198 244 239
0093 095 196 147 238 201 200 248 238
0094 093 196 147 238 196 199 245 239
0095 093 195 148 239 196 200 245 239
0096 093 195 148 239 199 197 244 239
0097 093 196 148 239 196 199 246 239
0098 092 196 146 239 201 196 246 239
0099 196 198 245 235 094 196 142 235
