0000 183 130 230 164 124 178 147 208
0001 198 112 240 152
0002 206 091 243 139 112 171 134 208
0003 208 068 252 122 113 187 132 219
0004 211 067 255 119 116 189 135 220
0005 224 075 258 122 115 190 134 222
0006 209 110 275 150 113 186 134 219
0007 117 190 135 217 206 121 256 162 243 145 276 169
0008 230 161 279 196 117 187 135 219
0009 232 176 274 214 116 189 134 219
0010 236 182 270 221 117 188 134 219
0011 237 189 272 226 117 188 134 219
0012 234 191 271 228 117 188 134 219
0013 233 187 273 227 117 188 134 218
0014 232 185 274 223 117 188 134 219
0015 230 177 273 217 117 188 134 219
0016 225 158 271 203 116 188 135 220
0017 216 139 270 176 116 188 134 220
0018 213 123 274 152 116 187 137 219
0019 207 107 266 149 116 187 136 219
0020 209 087 259 139 116 187 135 219
0021 218 075 254 123 116 187 135 219
0022 210 073 252 116 116 186 136 221
0023 215 083 250 132 116 187 137 221
0024 216 095 263 143 116 186 137 221
0025 211 110 270 151 116 186 137 221
0026 116 186 137 220 217 136 278 162
0027 230 154 276 186 116 186 137 220
0028 233 168 276 210 117 187 137 220
0029 232 176 272 217 117 187 137 220
0030 234 178 275 222 116 187 136 220
0031 233 182 273 221 116 185 137 217
0032 232 188 271 220 116 185 136 217
0033 233 187 272 218 116 186 135 217
0034 233 179 272 218 116 185 135 216
0035 233 178 272 219 115 184 135 216
0036 239 182 268 224 116 186 133 216
0037 233 185 270 226 116 188 132 216
0038 230 181 264 225 115 187 132 217
0039 223 184 247 229 116 186 132 216
0040 211 184 236 230 114 185 132 215
0041 208 190 229 232 116 188 132 218
0042 200 193 222 231 116 188 134 219
0043 196 192 218 231 117 189 135 220
0044 198 191 219 229 117 188 136 221
