0000 171 213 196 239
0001 169 209 201 239
0002 167 208 195 239
0003 170 211 196 239
0004 169 214 201 239
0005 169 212 200 239
0006 167 208 200 239
0007 155 208 192 239
0008 132 211 175 239
0009 129 177 174 210
0010 125 136 168 180
0011 154 097 184 157
0012 174 100 210 153
0013 194 131 232 186
0014 198 171 243 207
0015 188 196 223 232
0016 177 203 206 238
0017 149 200 178 234
0018 122 162 167 195
0019 141 125 173 180
0020 154 106 193 161
0021 191 102 216 141
0022 205 131 240 180
0023 204 173 247 210
0024 185 195 223 233
0025 169 202 199 239
0026 146 191 182 230
0027 136 158 169 195
0028 151 119 181 176
0029 174 115 205 166
0030 195 129 234 174
0031 192 147 241 193
0032 201 181 243 218
0033 184 201 219 232
0034 164 199 202 232
0035 155 188 187 222
0036 150 185 182 216
0037 147 188 187 221
0038 157 193 193 232
0039 162 202 194 239
0040 173 214 207 239
0041 177 214 204 239
0042 176 214 202 239
0043 176 214 201 239
0044 174 212 200 239
