0009 100 197 139 239
0010 107 139 139 197
0011 093 081 132 158
0012 084 067 128 144
0013 073 067 110 135
0014 071 066 108 139
0015 059 060 099 139
0016 047 068 105 141
0017 050 067 096 141
0018 049 065 095 142
0019 049 067 097 139
0020 050 068 095 142
0021 050 070 095 140
0022 051 077 097 141
0023 051 071 098 140
0024 053 067 093 131
0025 055 073 103 134
0026 066 073 113 133
0027 080 081 127 132
0028 092 094 141 146 060 170 132 218
0029 100 097 145 151 083 150 168 190
0030 094 134 166 183 097 113 147 153
0031 098 139 179 181
0032 100 132 176 187
0033 101 132 167 185
0034 102 143 163 195
0035 099 152 182 201
0036 097 151 169 207
0037 094 152 168 214
0038 098 154 173 214
0039 094 157 173 212
0040 086 155 163 208
0041 102 150 162 212
0042 094 147 167 207
0043 099 153 170 221
0044 089 156 162 209
0045 097 153 168 206 119 181 182 226
0046 096 149 165 204
0047 092 154 163 210
0048 087 159 167 214
0049 093 157 162 213
0050 091 156 163 214
0051 100 155 170 207
0052 092 154 159 208
0053 090 162 164 219
0054 083 166 158 222
0055 094 169 144 211 077 200 132 239
0056 096 181 141 223
0057 090 203 140 239
0058 115 207 148 238
