0000 122 217 183 239 026 224 065 239
0001 123 217 183 239 026 224 065 239
0002 114 220 181 239 029 224 064 239
0003 112 206 184 237 026 223 068 239
0004 115 199 179 239 027 223 067 239
0005 121 179 187 228 027 223 068 239
0006 134 140 182 190 027 223 068 239
0007 141 101 189 156 024 223 059 239
0008 152 086 194 131 026 223 068 239
0009 153 085 188 129 026 223 068 239
0010 144 086 180 137 026 223 068 239
0011 124 095 165 138 026 223 068 239
0012 108 110 164 158 024 223 068 239
0013 113 127 158 170 021 223 064 238
0014 111 129 159 174 027 223 059 239
0015 105 126 161 173 027 223 059 239
0016 112 126 155 174 025 223 068 239
0017 119 119 171 167 025 223 068 239
0018 131 107 175 162 027 223 059 239
0019 145 087 182 150 026 223 068 239
0020 026 223 068 239 148 090 181 148
0021 026 223 068 239 148 094 187 152
0022 026 223 068 239 141 096 189 152
0023 130 095 171 146 026 223 066 239
0024 119 111 171 160 029 224 062 239
0025 120 113 164 160 025 224 062 239
0026 120 119 162 167 025 224 062 239
0027 119 122 161 174 024 223 060 239
0028 111 135 166 183 024 222 060 239
0029 102 184 169 229 024 223 060 239
0030 025 223 060 239 124 221 173 239
