0000 118 216 180 239 022 223 055 239
0001 118 216 180 239 022 223 057 239
0002 117 216 180 239 022 222 058 239
0003 117 216 179 239 021 225 067 239
0004 118 216 180 239 022 223 059 239
0005 118 216 180 239 022 222 059 239
0006 121 219 177 239 022 222 058 239
0007 121 219 175 239 021 221 060 239
0008 120 218 176 239
0009 121 218 174 239
0010 121 214 174 239
0011 119 216 175 239
0012 123 216 172 239 021 225 067 239
0013 125 210 181 239 021 225 067 239
0014 116 196 193 238
0015 122 179 188 225
0016 133 140 183 187
0017 145 111 190 162
0018 147 093 191 141
0019 154 085 186 127
0020 155 082 189 125
0021 152 082 187 125
0022 145 082 181 132
0023 129 089 189 142
0024 102 102 154 137 021 224 056 239
0025 099 105 151 146 021 223 055 239
0026 082 116 144 162
0027 090 124 145 169
0028 096 129 146 171
0029 094 129 146 172
0030 093 125 151 171
0031 100 122 156 161
0032 109 111 161 158
0033 127 097 173 141
0034 142 087 184 130
0035 154 079 194 125
0036 159 078 198 125
0037 159 077 198 124
0038 156 079 194 122
0039 151 082 188 135
0040 130 085 177 129
0041 097 096 150 140
0042 097 105 140 157
0043 092 126 143 172 021 224 070 239
0044 084 144 155 190
0045 100 160 156 206
0046 085 178 161 224
0047 099 208 160 239
0048 118 218 170 236
0049 114 216 171 239
0050 111 218 176 239
0051 112 217 181 239
