0000 159 218 192 239
0004 164 213 200 239
0005 170 222 210 239
0006 194 206 231 239
0007 212 189 251 235
0008 214 168 262 217
0009 222 146 269 195
0010 229 133 275 179
0011 231 120 268 168
0012 231 116 276 166
0013 233 115 277 163
0014 234 119 278 164
0015 237 123 276 170
0016 235 122 278 167
0017 234 124 278 167
0018 232 114 276 166
0019 234 092 281 144
0020 243 072 287 126
0021 246 050 288 102
0022 244 035 289 088
0023 245 025 287 082
0024 244 030 289 083
0025 249 042 293 097
0026 251 069 294 120
0027 249 105 293 154
0028 247 135 290 180
0029 247 163 289 208
0030 247 175 292 226
0031 250 175 292 219
0032 251 175 293 224
0033 252 174 294 223
0034 253 179 293 226
0035 252 189 298 239
0036 244 204 293 239
0037 236 208 270 239
0038 205 216 247 239
0040 157 213 195 239
0041 155 214 195 239
