0000 053 201 090 239
0001 053 201 088 239
0002 053 200 089 239
0003 053 201 087 239
0004 052 203 086 239
0005 048 199 086 239
0006 050 198 087 239
0007 052 198 087 239
0008 053 201 086 239
0009 052 197 088 239
0010 052 201 087 239
0011 052 200 087 238
0012 046 198 086 239
0013 051 201 086 239
0014 052 200 087 239 125 199 164 237
0015 122 151 165 203 053 201 086 239
0016 055 203 089 239 121 112 164 168
0017 121 094 163 151 049 200 089 239
0018 124 106 165 168 051 195 083 239
0019 053 200 089 239 118 136 163 194
0020 053 201 089 239 119 163 162 226
0021 116 189 159 239 048 203 084 239
0022 113 202 154 239 053 204 085 239
0023 052 205 089 239 114 204 159 239
0024 052 202 089 239 117 184 160 235
0025 051 196 090 239 122 143 169 199
0026 053 199 091 239 124 127 169 185
0027 055 201 087 239 122 101 167 158
0028 122 092 169 153 051 200 085 238
0029 121 110 163 167
0030 116 122 162 185 053 201 084 239
0031 051 199 084 239 113 134 160 193
0032 049 199 085 238 112 146 159 204
0033 112 146 160 202 052 201 085 239
0034 051 198 084 238 111 142 155 215
0035 056 203 091 239 118 143 160 209
0036 116 153 159 210 049 200 083 239
0037 047 201 083 239 118 189 161 239
0038 051 201 089 239 143 224 188 239
0039 051 201 090 239
0040 048 201 084 238
0041 053 203 087 239
0042 050 202 089 239
0043 046 199 088 239
0044 051 197 088 239
0045 051 201 086 239
