0000 004 206 051 239 120 218 159 239
0001 007 211 051 239
0002 006 203 042 239
0005 120 216 163 239
0006 113 220 158 239
0007 093 214 151 239
0008 095 193 153 239
0009 104 167 166 212
0010 117 132 178 179
0011 124 115 184 160
0012 130 099 188 144
0013 131 092 195 138
0014 133 084 197 125
0015 136 068 192 109
0016 139 055 196 095
0017 144 035 194 080
0018 153 019 209 064
0019 159 013 212 058
0020 161 006 218 057 147 212 168 239
0021 163 006 219 051
0022 162 004 217 048
0023 158 003 226 047
0024 162 003 220 047
0025 161 003 221 047
0026 163 003 219 048
0027 164 004 218 047
0028 161 003 218 048
0029 161 004 218 048
0030 161 005 218 047
0031 160 004 216 046
0032 160 004 218 046
0033 162 004 216 046
0034 161 003 217 046
0035 161 004 217 046
0036 157 003 215 045
0037 152 006 213 047
0038 155 017 213 057
0039 148 037 207 074
0040 133 067 185 108
0041 114 106 173 150
0042 094 165 152 216
0043 086 193 141 239
0044 085 208 140 239
0045 101 212 155 239
0046 096 216 152 239
0047 094 220 147 239
