0000 119 206 162 239 071 192 118 231
0001 115 207 157 239 073 191 115 229
0002 120 206 159 239 071 192 117 231
0003 120 206 159 239 073 191 115 232
0004 117 206 161 239 073 191 115 231
0005 117 204 159 239 071 194 115 232
0006 117 205 158 239 071 194 114 234
0007 070 195 114 233 121 196 161 232
0008 071 195 115 232 126 175 164 205
0009 071 194 117 232 135 150 176 183
0010 071 194 115 231 141 120 176 152
0011 069 193 119 232 148 091 183 130
0012 071 195 118 237 153 069 190 112
0013 071 196 115 237 158 058 197 097
0014 069 193 115 231 156 048 198 085
0015 071 193 115 234 162 037 201 082
0016 162 027 205 073 071 194 114 232
0017 164 023 206 068 070 194 115 232
0018 171 026 203 068 070 194 116 231
0019 071 194 114 237 166 023 207 070
0020 073 192 119 230 164 024 206 069
0021 073 192 119 230 164 025 205 069
0022 163 026 204 069 070 192 112 232
0023 070 192 114 231 164 022 205 064
0024 070 193 116 232 164 026 205 070
0025 072 193 115 230 166 022 205 070
0026 072 193 114 229 165 026 205 075
0027 071 194 114 232 165 046 203 087
0028 073 186 119 228 163 071 190 107
0029 069 187 112 232 146 099 182 135
0030 071 188 103 215 138 131 176 167
0031 064 183 100 210 130 162 171 199
0032 126 183 163 220 061 184 098 213
0033 116 198 160 238 059 185 095 214
0034 119 207 162 238 059 187 099 224
0035 122 205 163 239 055 188 093 219
0036 124 208 162 239 056 188 094 220
0037 122 210 159 239 059 189 097 225
0038 122 210 160 238 062 195 095 227
0039 119 209 161 238 060 189 094 222
0040 121 209 162 239 054 190 093 225
0041 121 206 159 239 058 187 089 222
0042 121 211 158 239 060 190 092 228
0043 127 209 161 239 060 191 095 234
0044 061 194 096 236 123 210 160 239
0045 057 191 095 235 123 211 161 239
0046 125 205 165 239 058 190 091 231
0047 124 207 164 239 060 196 097 238
0048 058 195 092 237 125 209 163 239
0049 058 191 098 239 126 208 161 239
