0010 145 200 189 239
0011 163 180 210 231
0012 188 129 241 188
0013 194 104 251 165
0014 201 082 253 140
0015 208 057 262 121
0016 208 048 261 104
0017 210 042 262 096
0018 217 028 265 086
0019 213 033 262 086
0020 212 029 264 086
0021 217 026 262 086
0022 211 031 265 088
0023 216 031 265 089
0024 212 033 262 089
0025 209 035 260 091
0026 210 033 262 092
0027 216 034 267 089
0028 216 035 268 089
0029 215 034 269 090
0030 215 032 268 089
0031 215 033 268 090
0032 211 031 263 092
0033 211 032 264 091
0034 211 035 263 090
0035 214 028 263 090
0036 213 034 263 089
0037 213 034 264 088
0038 212 033 262 089
0039 211 039 260 094
0040 194 045 243 097
0041 169 069 209 119
0042 144 102 178 145
0043 103 173 145 216
0044 079 212 127 239
0045 101 215 143 239
