0000 115 208 158 239 032 198 069 235
0001 116 204 154 239 033 199 070 235
0002 119 206 157 237 037 206 067 235
0003 119 206 157 237 036 201 074 235
0004 118 204 158 238 036 202 074 235
0005 116 197 155 237 036 202 074 235
0006 119 184 156 233 038 203 071 235
0007 124 165 163 210 034 207 074 237
0008 121 140 163 181 035 207 074 238
0009 114 119 164 157 037 201 068 236
0010 110 104 161 145 037 199 068 235
0011 110 089 159 136 039 203 071 236
0012 118 081 151 134 037 202 071 236
0013 112 076 151 133 036 208 074 237
0014 109 069 147 126 036 204 068 234
0015 109 061 147 118 031 199 071 235
0016 115 062 147 122 031 199 071 235
0017 115 062 149 121 031 199 071 235
0018 117 064 148 120 032 199 071 235
0019 118 063 149 121 032 197 071 235
0020 119 064 149 121 032 197 071 235
0021 114 064 153 126 032 199 071 235
0022 118 063 150 122 032 199 071 235
0023 118 063 149 124 032 199 071 235
0024 114 065 153 125 032 199 071 235
0025 115 063 152 122 032 197 071 235
0026 115 063 152 123 036 199 075 234
0027 114 064 153 124 036 199 075 234
0028 114 065 154 122 036 199 075 234
0029 114 070 153 126 036 199 075 234
0030 117 075 153 138 041 206 071 236
0031 117 082 159 145 036 199 075 234
0032 112 101 160 158 036 201 069 235
0033 117 125 164 171 040 208 075 236
0034 118 140 165 183 039 207 075 236
0035 122 159 166 201 038 202 071 235
0036 123 175 161 222 042 203 070 237
0037 119 185 163 233 042 202 070 237
0038 111 195 160 237 039 203 067 234
0039 111 207 157 239 037 201 071 235
0040 116 206 158 236 037 201 071 235
0041 110 208 159 239 036 206 074 236
0042 114 209 157 236 037 206 075 236
0043 113 212 153 237 037 206 074 236
0044 113 212 153 237 037 203 073 236
0045 111 209 158 239 038 203 073 236
0046 110 208 154 239 037 203 072 236
