0000 120 201 157 238
0001 119 202 158 238 085 162 125 197
0002 119 203 156 238
0003 119 202 157 238
0004 119 201 158 238
0005 116 203 158 239
0006 115 201 157 238 085 161 123 198
0007 112 202 155 239 088 160 121 196
0008 122 196 153 233 088 159 121 197
0009 121 189 159 232 087 157 121 197
0010 120 188 162 228 084 158 126 198
0011 117 187 163 230 085 158 120 199
0012 118 186 162 228
0013 127 180 160 219
0014 123 164 167 198
0015 120 133 165 170
0016 113 114 154 146
0017 107 108 166 141 081 158 123 199
0018 109 091 166 132 083 163 119 196
0019 123 079 166 122 084 159 119 195
0020 125 074 161 115
0021 123 069 160 112
0022 117 066 164 107
0023 119 061 158 104 081 160 123 201
0024 119 060 161 099 077 157 125 199
0025 122 061 156 104 077 157 125 199
0026 119 060 162 100 078 156 125 198
0027 119 060 161 100 078 155 125 198
0028 120 061 162 101 079 157 121 202
0029 120 061 162 101 079 156 121 202
0030 120 061 162 101 077 158 126 198
0031 120 061 163 100 077 158 125 199
0032 122 060 156 106 077 159 125 198
0033 118 061 162 102 077 155 122 203
0034 122 064 154 112 077 155 121 203
0035 119 076 161 116 079 153 123 202
0036 115 092 166 141 084 155 125 198
0037 122 129 156 183 081 161 123 198
0038 121 152 160 205
0039 118 179 154 235
0040 119 194 161 236 083 153 124 201
0041 122 200 154 239 083 154 123 200
0042 119 200 157 239 083 155 122 197
0043 120 197 160 237 083 155 120 198
0044 119 201 156 239 083 155 123 200
