0000 074 206 107 236 125 212 152 239
0001 074 206 107 236 125 211 152 239
0002 125 210 152 239 074 206 107 236
0003 074 206 107 236 125 210 152 239
0004 125 208 154 239 074 206 106 236
0005 135 194 165 237 074 204 106 236
0006 142 174 170 220 075 208 108 237
0007 076 208 109 237 144 151 173 194
0008 076 207 109 237 141 131 177 177
0009 076 207 109 237 142 120 183 162
0010 075 207 109 237 142 108 173 153
0011 075 207 109 237 136 102 174 149
0012 075 208 109 237 137 097 168 144
0013 074 208 109 237 136 092 169 138
0014 133 088 166 134 074 208 109 237
0015 127 081 166 131 074 208 109 237
0016 128 078 162 134 074 208 109 237
0017 127 077 162 132 074 208 109 237
0018 126 075 162 132 074 207 109 237
0019 126 075 162 135 074 207 109 237
0020 074 208 109 237 128 077 162 136
0021 128 077 162 132 074 208 109 237
0022 130 077 163 137 074 208 109 237
0023 074 208 109 237 130 079 165 134
0024 132 082 170 134 075 208 109 237
0025 075 208 109 237 134 081 168 135
0026 075 208 109 237 137 082 167 137
0027 075 208 109 237 135 082 169 136
0028 075 208 109 237 136 081 169 133
0029 137 079 172 128 075 208 109 237
0030 075 208 109 237 141 081 168 120
0031 074 208 109 237 134 085 173 131
0032 074 208 109 237 132 099 161 130
0033 074 208 109 237 135 107 161 154
0034 074 208 109 237 127 150 153 182
0035 074 207 108 237 130 178 153 207
0036 074 206 107 236 125 201 152 235
0037 074 207 108 237 126 211 153 239
0038 074 207 108 236 124 211 153 239
0039 074 206 108 236 124 211 153 239
0040 074 206 108 236 124 212 153 239
0041 074 206 108 236 127 208 153 235
0042 074 206 108 236 124 212 153 239
0043 074 206 107 236 124 212 153 239
0044 074 206 107 236 127 209 153 235
0045 074 206 107 236 127 213 157 238
0046 074 206 107 236 125 211 153 239
