0008 185 198 231 239
0009 179 166 230 219
0010 169 151 227 199
0011 160 135 219 180
0012 161 132 221 180
0013 163 131 224 177
0014 159 133 222 180
0015 165 137 223 183
0016 168 150 222 201
0017 177 184 234 235
0018 181 214 222 239
0019 076 076 124 168
0020 078 091 124 159
0025 183 213 225 239
0026 193 195 232 239
0027 180 173 229 231
0028 172 168 229 221
0029 167 159 226 212 087 133 119 175
0030 160 153 215 194 089 123 119 172
0031 153 147 211 197
0032 142 139 198 202
0033 132 137 197 199
0034 125 141 190 203
0035 117 147 180 206
0036 121 146 174 218
0037 116 156 172 231
0038 108 161 175 222
0039 116 158 166 231
0040 115 157 166 231
0041 114 157 166 231
0042 116 162 167 230
0043 111 160 171 228
0044 112 162 174 228
0045 119 169 182 232
0046 137 177 208 236
0047 165 199 216 239
