0007 091 214 158 239
0008 094 193 165 239 182 214 210 239
0009 096 173 167 226 182 202 219 239
0010 098 166 176 216 195 183 231 239
0011 100 160 167 213 206 168 241 229
0012 097 159 174 209 213 156 252 214
0013 100 154 176 204 218 150 262 197
0014 098 149 177 200 217 148 268 192
0015 105 142 175 195 219 146 260 194
0016 102 135 177 185 222 150 269 202
0017 104 126 174 182 221 157 276 204
0018 104 125 177 176 213 151 246 199
0019 105 123 175 173 208 156 243 209
0020 108 125 176 171 219 158 247 215
0021 108 124 172 172 232 167 265 222
0022 101 123 176 174 209 162 235 219
0023 106 123 174 175 218 156 257 213
0024 102 124 176 173 214 163 240 221
0025 104 124 173 176 222 168 259 227 212 157 242 208
0026 103 124 175 174 214 162 241 217
0027 104 125 173 177 213 162 240 225
0028 102 123 171 179 216 165 256 225
0029 106 126 174 177 210 167 238 226
0030 106 126 174 177 227 192 257 233 210 159 239 204
0031 108 128 172 177 214 168 241 232
0032 107 125 176 175 213 171 243 230
0033 102 127 170 179 205 178 238 235
0034 096 138 175 188 199 193 229 239 165 179 188 232
0035 099 161 177 213 186 209 215 239
0036 097 202 187 239
