0000 211 183 234 230 118 185 136 215
0001 211 186 235 230 120 184 138 219
0002 213 185 236 225 120 184 140 216
0003 216 185 240 230 125 183 142 217
0004 218 187 241 226 130 187 147 213
0005 224 187 248 231 131 181 150 217
0006 224 186 249 225 131 182 151 216
0007 231 187 255 227 124 183 144 213
0008 229 185 257 233 117 183 139 210
0009 230 184 256 231 099 179 123 203
0010 227 190 253 233 081 163 109 196
0011 221 183 250 230 064 157 098 182
0012 222 192 244 232 057 149 090 174
0013 219 189 243 233 046 137 090 165
0014 218 191 242 231 042 133 081 161
0015 218 189 244 230 040 128 078 150
0016 221 183 247 231 040 127 080 153
0017 218 184 244 227 036 123 072 148
0018 220 183 247 230 035 120 075 145
0019 217 184 247 229 035 118 075 143 076 092 144 131
0020 225 184 249 225 036 118 075 144
0021 235 174 257 213 037 119 075 143
0022 038 118 075 144 243 144 274 188
0023 240 119 278 144 034 121 076 144
0024 235 101 278 139 040 122 077 146
0025 233 095 277 134 044 124 074 146
0026 226 098 269 145 043 125 075 150
0027 212 125 245 172 044 125 075 149 224 097 267 130
0028 219 100 249 138 185 142 224 187 045 126 079 148
0029 205 097 241 140 040 126 081 148
0030 043 123 077 145
0031 040 125 080 149
0032 037 120 078 147 147 113 198 139
0033 037 118 077 147 130 109 209 143 081 094 156 131
0034 036 120 075 146 158 112 206 144
0035 036 120 075 144 139 118 177 146
0036 036 119 076 143 151 133 192 159
0037 178 148 214 177 037 120 081 145
0038 193 149 229 179 042 120 084 148
0039 210 148 243 183 044 122 085 150
0040 042 125 083 151 219 141 256 184
0041 239 125 269 164 043 125 086 151
0042 236 107 278 143 046 125 085 150
0043 233 094 270 127 044 126 085 152
0044 226 089 270 123 043 125 086 151
0045 206 091 262 126 043 125 086 151
0046 191 112 225 150 041 126 083 153
0047 171 130 205 167 041 127 083 153
0048 043 125 083 152 155 141 188 175
0049 043 126 083 152 145 139 182 176
0050 041 127 082 153 135 128 181 162
0051 040 126 082 151 131 114 201 142
0052 043 123 083 151 146 106 202 139
0053 043 123 076 146 145 102 195 131 105 093 153 126
0054 041 124 079 150 106 091 151 124 145 102 199 136
0055 041 125 078 149 165 105 201 139 103 096 158 125
0056 041 122 083 150 132 120 172 149 193 098 228 131
0057 037 122 076 151 140 132 179 162 198 102 233 138
0058 159 140 202 171 042 127 083 150 207 107 241 143
0059 178 147 214 178 041 128 084 155
0060 045 129 084 156 198 148 231 179
0061 045 130 084 157 214 149 241 183
0062 045 130 087 158 219 138 250 179
0063 046 134 090 159 219 133 249 173
0064 047 132 088 157 221 132 251 172
0065 049 137 083 161 219 139 248 180
0066 217 149 246 188 058 141 086 169
0067 066 149 092 178 213 160 241 199
0068 080 160 101 190 212 172 238 206
0069 214 179 238 217 092 173 111 200
0070 217 186 239 224 106 182 127 216
0071 218 187 241 222 114 184 134 215
0072 217 186 240 226 120 179 141 218
0073 215 186 238 226 123 183 144 219
0074 214 184 233 221 125 182 145 216
0075 209 186 232 227 125 183 145 218
0076 211 186 233 227 125 182 143 216
0077 213 186 233 225 124 183 145 218
