0004 258 110 292 166
0005 234 088 278 143
0006 206 078 269 123
0007 177 078 249 117 233 101 275 147
0008 154 088 220 126 207 088 266 133
0009 180 100 263 140 146 118 190 175
0010 174 117 254 161 144 147 181 203
0011 134 176 171 233 165 141 240 188
0012 129 211 163 236 158 159 223 215
0013 147 173 212 230
0014 139 181 195 234
0015 125 184 186 233
0016 123 178 177 221
0017 101 162 166 199 025 162 090 202 019 158 054 191
0018 103 147 164 186 038 120 082 163
0019 111 141 165 179 049 086 092 135
0020 081 065 112 119 125 131 174 178
0021 104 065 145 122 144 131 186 185
0022 121 072 170 122 094 215 116 239
0023 138 084 169 138 169 145 213 202
0024 149 102 178 158 150 077 192 115
0025 154 126 190 186 183 171 255 207 099 214 122 238
0026 154 153 212 211 103 207 127 235
0027 164 185 220 227 104 218 127 239 216 183 264 224
0028 180 216 239 237 102 213 126 237
0029 105 215 131 235
0030 104 216 130 237
0031 104 215 129 236
0032 105 216 130 237
0033 106 213 134 236
0034 105 212 133 235
0035 281 164 317 195
0036 276 121 314 169
0037 239 090 298 137
0038 207 080 278 122
0039 188 085 261 118
0040 162 099 246 130
0041 144 126 204 171 195 109 271 149
0042 186 135 261 177 132 160 183 210
0043 125 199 173 236 174 155 251 206
0044 145 179 218 231
0045 146 185 201 236
0046 135 187 189 237
0047 122 186 182 238
0048 111 177 174 226 087 210 135 237
0049 033 168 092 202 102 161 170 202
0050 048 125 082 163 099 152 167 191
0051 061 096 108 144 108 143 171 184 095 216 119 239
0052 092 075 121 129
0053 108 075 142 131 143 136 189 193 097 218 121 238
0054 126 081 177 129 099 220 121 239
0055 143 099 169 146 100 214 126 237
0056 149 105 174 159 100 213 125 238
0057 144 142 193 199 181 175 256 209 104 212 127 234
0058 146 180 205 222 103 211 127 239 203 184 256 220
0059 164 215 225 239 101 210 131 236
0060 105 212 129 239
0061 106 217 132 237
0062 106 216 133 237
0063 105 211 133 235
0067 265 144 317 185
0068 238 105 293 154
0069 208 089 264 138
0070 181 087 238 120
0071 147 093 230 125
0072 136 115 219 146 183 107 265 148
0073 167 132 248 172 124 151 178 194
0074 110 185 159 230 154 152 234 199
0075 136 171 211 224 101 215 145 239
0076 131 176 192 228
0077 117 176 176 234
0078 106 171 174 221
0079 103 167 170 209 037 195 095 225
0080 103 157 170 192 028 152 099 185
0081 123 143 175 184 052 106 105 148
0082 085 086 122 126 130 131 187 180
0083 105 080 145 123 151 133 205 182
0084 132 086 167 133
0085 141 104 175 151
0086 141 129 189 180
0087 144 152 201 200
0088 161 188 230 224
0089 204 219 255 239
0102 097 221 120 239
0103 090 218 114 239
0104 077 210 107 239 126 066 169 117
0105 053 211 089 239 119 066 165 117
0106 055 210 088 239
0107 100 074 153 109
0109 100 074 137 115
0112 062 188 088 225
0113 059 191 084 228
0114 062 192 084 227
