0000 056 212 088 239
0001 058 210 084 235
0002 057 212 082 235 160 224 195 239
0003 151 201 206 239 058 212 082 235
0004 162 169 208 230 051 211 085 237
0005 175 129 216 207 056 213 083 237
0006 057 214 083 237 172 089 214 181
0007 170 083 211 164 057 212 082 235
0008 173 067 211 146 051 212 085 237
0009 169 058 213 145 055 211 086 237
0010 169 058 213 145 052 215 083 239
0011 172 057 214 147 053 214 084 239
0012 172 063 213 142 053 213 083 239
0013 174 060 216 144 044 203 076 239
0014 176 060 216 142 042 200 075 239
0015 176 057 217 143 043 209 080 237
0016 175 056 217 140 047 214 079 235
0017 174 054 217 139 046 220 077 239
0018 170 059 215 147 047 220 077 239
0019 173 058 217 144 047 220 077 239
0020 176 059 216 141 047 220 077 239
0021 175 058 217 141 048 215 079 235
0022 175 058 217 142 046 217 081 237
0023 171 057 215 138 048 216 079 235
0024 175 065 216 139 047 219 079 237
0025 169 061 214 145 048 217 082 238
0026 171 062 211 135 046 219 079 237
0027 175 060 215 142 047 219 079 237
0028 172 057 213 142 047 219 079 237
0029 171 062 211 134 047 219 079 237
0030 171 062 214 135 046 221 077 239
0031 168 058 212 139 045 216 079 237
0032 167 057 204 130 048 217 079 238
0033 166 062 208 133 047 220 078 237
0034 163 054 205 145 049 218 078 238
0035 162 055 206 143 045 221 078 238
0036 160 059 210 137 045 215 078 235
0037 163 056 206 141 046 219 079 237
0038 161 056 207 141 044 219 077 239
0039 163 056 205 132 044 219 077 239
0040 163 056 207 144 046 219 079 237
0041 163 060 207 136 049 217 079 237
0042 164 059 208 144 046 218 079 237
0043 164 057 209 146 050 221 082 239
0044 167 060 212 143 047 219 079 237
0045 167 060 212 140 047 216 082 238
0046 166 060 214 144 048 220 079 237
0047 162 061 215 136 047 220 079 237
0048 164 065 214 137 048 218 078 237 168 123 209 200 114 101 142 151
0049 162 063 213 142 049 219 078 237
0050 169 065 211 147 044 216 083 239 111 102 143 152
0051 169 064 211 149 043 216 084 239 113 101 143 152
0052 170 067 211 152 043 216 084 239 115 104 143 154
0053 168 064 212 150 048 217 083 238
0054 169 064 212 150 043 215 084 239
0055 168 069 212 152 043 216 084 239
0056 168 063 211 150 043 216 084 239
0057 168 062 213 151 043 216 084 239 113 105 142 151
0058 167 062 213 151 048 218 083 238
0059 167 064 212 149 043 216 084 239
0060 168 067 212 149 043 217 083 239
0061 167 067 212 150 043 216 083 239
0062 163 073 205 155 043 216 083 239
0063 155 121 213 200 042 216 083 239
0064 048 220 078 239 159 213 208 237
0065 042 215 083 239
0066 042 215 083 239
0067 043 215 083 239
0068 043 215 083 239
