0006 148 172 207 225
0007 143 142 196 188
0008 131 110 198 151
0009 120 107 196 143
0010 119 107 193 143
0011 123 112 197 146
0012 123 112 197 145
0013 124 111 197 144
0014 124 111 197 144
0015 124 110 196 142
0016 128 105 200 140
0017 135 086 208 124
0018 148 072 214 110
0019 168 051 225 096
0020 181 033 236 081
0021 193 022 246 070
0022 203 013 249 060
0023 203 013 248 062
0024 206 017 252 065
0025 206 014 252 065
0026 207 015 254 066
0027 208 017 253 066
0028 208 017 254 066
0029 205 020 252 066
0030 197 043 243 100
0031 174 087 228 138
0032 164 185 215 237
