0000 066 211 097 236 123 208 153 235
0001 127 200 157 228 066 211 097 236
0002 126 186 153 217 066 211 096 235
0003 129 168 157 197 068 211 097 236
0004 064 210 098 237 127 148 160 184
0005 064 210 098 236 129 137 158 172
0006 067 212 097 236 124 128 156 161
0007 063 209 102 236 118 112 163 152
0008 064 212 097 237 120 104 157 142
0009 117 099 154 140 063 209 102 236
0010 063 210 102 236 120 093 156 131
0011 063 210 102 236 121 093 155 130
0012 120 091 156 130 063 209 102 236
0013 063 209 102 236 115 093 153 126
0014 121 092 150 129 063 210 102 236
0015 121 093 157 128 067 207 103 235
0016 123 092 150 129 064 210 098 237
0017 120 095 159 133 064 210 097 237
0018 122 098 154 138 065 211 098 237
0019 065 212 098 237 123 116 151 155
0020 118 140 149 173 065 212 097 237
0021 120 163 149 192 065 211 098 237
0022 065 211 097 237 122 184 147 215
0023 123 200 152 232 065 210 097 237
0024 127 209 155 239 068 210 099 235
0025 129 208 156 238 065 210 098 237
