0000 125 203 161 239
0001 135 193 169 239
0002 143 176 183 234
0003 153 163 192 219
0004 158 139 204 191
0005 170 116 210 166 136 124 173 160
0006 165 096 215 145
0007 175 090 222 130
0008 175 078 223 117 145 117 177 167
0009 169 066 224 108
0010 170 065 219 106
0011 170 064 219 105
0012 174 060 225 100
0013 171 056 222 104
0014 172 057 222 104
0015 175 063 223 101
0016 175 063 224 099
0017 170 057 223 101
0018 173 064 225 104
0019 172 061 219 107
0020 172 062 222 108
0021 171 063 221 108
0022 176 069 225 106
0023 176 066 226 107
0024 174 070 222 106 137 123 180 161
0025 171 061 223 101
0026 169 066 218 107
0027 170 065 217 104
0028 175 062 222 099
0029 170 065 219 103
0030 169 064 218 106
0031 170 062 223 103
0032 170 065 218 103
0033 170 066 217 104
0034 169 065 218 105 136 121 181 162
0035 171 062 222 107
0036 170 063 223 106
0037 171 063 222 107 135 124 180 160
0038 172 063 222 107
0039 171 063 222 106
0040 170 063 222 108
0041 175 067 223 105
0042 171 073 222 117
0043 176 084 221 123
0044 178 101 228 143
0045 179 132 223 183
0046 169 173 208 234
