0008 140 216 179 239
0009 146 181 194 229
0010 160 129 200 181
0011 164 116 206 161
0012 167 083 214 136
0013 171 075 215 125
0014 175 062 221 112
0015 176 058 223 109
0016 181 054 227 100
0017 180 056 227 098
0018 180 055 228 099
0019 179 056 225 104
0020 183 059 228 098
0021 183 056 232 099
0022 184 057 231 101
0023 184 058 230 101
0024 184 058 231 101
0025 183 057 232 100
0026 182 057 232 100
0027 184 058 231 102
0028 183 057 227 100
0029 180 054 223 099
0030 174 061 220 117
0031 175 072 217 129
0032 170 083 210 152
0033 168 108 208 175
0034 157 152 192 215
0035 138 192 182 237
0036 137 223 165 239
