0000 125 211 163 237 159 124 207 182 149 004 190 078 029 216 068 239
0001 125 213 163 239 029 217 068 239 151 004 190 076
0002 127 213 166 238 151 003 191 077 028 217 069 239
0003 129 214 161 239 028 217 066 239 151 003 189 077
0004 127 218 165 239 150 003 188 077 029 216 067 239
0005 127 217 164 239
0006 206 181 255 239 128 214 161 239 150 003 189 075 138 120 214 178
0007 207 113 286 204
0008 199 088 276 138
0009 182 068 276 140
0010 181 063 273 135
0011 180 061 274 133
0012 184 073 276 123
0013 188 073 274 126
0014 186 070 280 148
0015 187 074 273 125
0016 188 082 280 165
0017 193 106 279 192
0018 179 155 258 213 224 160 271 236
0019 183 216 248 239
0023 126 215 160 239
0024 124 215 160 239
0025 123 214 160 239 032 220 066 237
0026 127 215 160 239
0027 122 216 159 239
