0000 138 210 172 237
0001 137 210 172 237
0002 136 209 172 237
0003 135 208 171 238
0004 136 206 168 238
0005 133 205 172 235
0006 129 195 171 235
0007 124 187 167 224
0008 117 175 168 211
0009 114 164 164 196
0010 110 151 167 182
0011 115 131 165 162
0012 122 117 169 159
0013 124 107 170 149
0014 126 102 170 144
0015 122 103 168 142
0016 128 097 170 141
0017 130 100 173 142
0018 126 097 174 137
0019 122 101 170 142
0020 124 101 169 140
0021 126 096 170 136
0022 124 101 168 141
0023 123 098 169 140
0024 124 099 168 140
0025 128 097 170 135
0026 128 100 172 142
0027 123 112 169 151
0028 127 134 171 165
0029 129 152 171 179
0030 130 162 169 191
0031 133 182 169 208
0032 132 191 172 222
0033 134 202 169 233
0034 136 213 166 239
0035 130 207 169 239
0036 130 209 169 237
0037 135 214 165 239
0038 131 210 170 238
0039 136 213 166 239
0040 136 213 166 239
0041 136 213 166 239
0042 130 208 171 239
0043 136 213 166 239
