0002 170 164 221 211
0005 134 214 175 239
0007 129 160 183 236
0008 154 108 214 189
0009 170 041 230 174
0010 197 033 256 176
0011 160 093 235 208
0012 132 044 195 165
0013 164 088 226 162
0014 182 025 243 150
0015 201 071 267 201
0016 154 078 216 211 167 152 240 230
0017 130 063 187 181 139 126 210 194
0018 155 099 222 169
0019 178 033 234 168 193 103 247 189
0020 198 085 261 212 203 172 255 236
0021 198 176 247 238
0022 155 123 230 177
0023 138 216 172 239
0024 168 162 217 217 138 215 173 239
0025 169 163 218 211 139 215 173 239
