0000 012 209 070 238
0001 010 209 054 237
0002 004 214 042 237
0003 001 222 041 239 131 199 184 238
0005 037 170 071 232
0006 042 196 070 239
0007 038 197 075 235
0008 038 196 075 235
0009 090 174 161 222
0010 129 120 172 188 041 201 077 235
0011 143 071 186 139 040 198 077 234
0012 170 053 205 117
0013 184 048 219 116
0014 189 039 228 116
0015 161 042 203 119
0016 157 048 194 108
0017 184 049 224 107
0018 173 043 210 113
0019 141 053 183 118
0020 174 052 212 102
0021 189 042 231 112
0022 148 051 193 122
0023 158 051 194 109
0024 191 055 236 108
0025 162 050 214 110
0026 144 050 186 114
0027 177 050 215 105
0028 184 051 229 118
0029 146 053 182 120
0030 162 052 200 106
0031 191 057 240 113
0032 157 057 201 116
0033 148 046 189 116
0034 183 057 229 113
0035 173 060 218 122 147 208 170 235
0036 144 049 183 121
0037 163 052 207 102
0038 187 059 223 115
0039 190 067 225 126
0040 184 093 217 153 154 165 178 208
0041 153 141 192 213
0042 135 176 196 229
0043 114 202 185 237
0044 124 183 184 234
