0000 158 211 188 239 041 212 070 239 164 170 198 228
0001 159 212 190 239 045 213 073 239 164 169 198 229
0002 160 211 189 239 041 213 069 239 162 170 196 235
0003 158 192 194 238 161 165 200 203 041 210 074 237
0004 149 166 195 220 039 210 075 238
0005 149 151 194 202
0006 150 137 196 188
0007 148 106 188 172
0008 144 078 185 150
0009 150 053 189 132
0010 146 032 188 118 039 211 076 237
0011 118 037 170 109
0012 116 024 163 106
0013 125 020 168 094
0014 141 014 176 097 149 075 180 165
0015 138 028 178 101
0016 118 043 166 106
0017 113 025 161 104 039 212 075 237
0018 138 025 179 098 038 212 075 237
0019 149 023 191 095 038 213 075 237
0020 142 032 181 114 038 212 075 237
0021 127 040 168 122 038 212 075 237
0022 123 033 164 108 040 212 075 237
0023 137 025 174 108 041 214 070 239
0024 142 026 184 102 045 211 075 239
0025 140 040 178 124
0026 121 052 159 133
0027 116 046 156 131 046 211 074 239
0028 130 039 171 125
0029 147 060 194 148 047 211 075 239
0030 157 085 203 173 048 210 075 239
0031 166 158 207 226
0032 152 210 188 238 157 167 196 214 041 212 070 239
0033 157 168 192 215 149 218 186 238 046 211 076 239
0034 156 167 197 221 039 211 070 239 156 218 181 239
0035 156 168 195 234 038 210 072 237
0036 044 211 076 239
0037 043 210 075 239
0038 038 212 069 239
0039 151 215 188 239 038 211 069 239 157 169 196 235
0040 153 216 183 238 038 212 069 239
