0005 142 215 190 238
0006 153 200 200 239
0007 170 172 218 220
0008 210 145 244 197
0009 213 150 256 201
0010 187 094 232 167
0011 189 073 232 160
0012 211 087 254 156
0013 193 111 236 180
0014 175 101 234 177
0015 192 074 230 154
0016 199 088 241 167
0017 175 097 228 166
0018 186 072 228 155
0019 191 080 238 148
0020 182 093 231 164
0021 193 078 235 147
0022 193 086 237 158
0023 190 119 233 173
0024 179 161 221 212
0025 170 189 216 233
0026 176 210 207 235
0032 142 216 202 239
0033 136 218 196 239
