0000 095 205 140 238 158 211 198 238
0001 095 205 140 238 160 210 201 237
0002 158 213 198 237 096 206 143 239
0003 094 205 144 237 160 207 202 237
0004 094 205 144 237 160 208 201 237
0005 095 208 142 239 161 208 202 237
0006 094 206 144 237 160 208 202 237
0007 094 206 144 237 160 207 202 237
0008 095 206 144 237 160 207 202 237
0009 095 206 144 237 160 208 202 237
0010 095 207 142 239 157 208 196 237
0011 095 207 142 239 161 208 196 239
0012 095 207 142 239 162 208 196 237
0013 158 209 197 238 095 207 142 239
0014 158 207 198 238 095 207 142 239
0015 160 204 199 238 096 207 143 239
0016 164 201 200 235 096 210 140 238
0017 164 201 205 239 096 208 143 239
0018 170 190 207 236 093 206 141 237
0019 174 165 214 212 095 207 140 239
0020 167 144 217 196 094 205 143 239
0021 171 115 217 171 094 205 143 239
0022 171 094 220 159 094 205 143 239
0023 179 062 217 133 094 205 143 239
0024 177 050 218 124 095 206 142 239
0025 178 048 219 121 095 207 142 239
0026 177 046 220 123 095 206 141 239
0027 179 049 219 119 095 207 141 238
0028 178 047 220 122 093 205 141 236
0029 177 047 220 121 093 205 141 237
0030 176 048 220 123 093 205 141 237
0031 176 048 220 123 093 205 141 237
0032 177 046 220 121 093 205 141 237
0033 177 046 220 121 093 205 141 237
0034 178 048 219 120 093 205 141 236
0035 174 050 215 122 093 205 141 236
0036 178 046 217 121 093 205 141 236
0037 177 049 214 122 093 205 144 237
0038 177 049 214 122 093 205 144 237
0039 174 050 217 121 093 205 144 237
0040 179 047 216 118 093 205 141 237
0041 179 046 217 118 093 205 142 237
0042 174 051 214 120 093 205 142 237
0043 174 049 216 121 095 206 144 237
0044 174 049 216 123 093 206 140 237
0045 177 061 217 139 093 205 141 237
0046 176 087 217 155 093 206 141 237
0047 172 143 213 189 094 206 143 237
0048 163 178 203 239 093 206 143 236
0049 156 202 198 237 097 210 141 239
0050 157 203 196 238 097 210 141 239
0051 155 208 195 239 095 207 141 239
0052 156 204 195 239 095 207 141 239
