0000 123 213 150 239
0001 123 214 150 239
0002 123 214 147 239
0003 123 212 151 239
0004 126 211 151 239 214 213 237 239
0005 129 201 153 236
0006 129 188 153 224 209 215 234 239
0007 129 182 154 212 210 210 232 239
0008 133 174 166 201 212 218 235 239
0009 135 155 164 183
0010 130 126 168 163
0011 133 115 167 158 212 217 234 239
0012 134 120 170 156 211 218 233 239
0013 143 143 169 175 211 214 232 239
0014 136 167 164 199
0015 138 165 174 196 211 216 233 239
0016 137 164 167 195 212 210 236 239
0017 137 157 168 185 212 210 236 239
0018 139 145 166 175 210 211 233 239
0019 139 125 173 163 209 212 235 239
0020 139 122 173 160 210 215 233 239
0021 142 134 170 174 209 214 233 239
0022 136 171 164 202 210 210 233 239
0023 136 171 165 201 211 215 234 239
0024 138 167 164 195 211 211 237 239
0025 135 149 166 187 212 215 234 239
0026 138 136 166 166 210 208 233 238
0027 135 120 172 156 208 208 233 239
0028 202 209 230 239 138 123 174 157
0029 140 150 173 178 203 211 231 239
0030 138 166 175 195 211 214 236 239
0031 136 167 175 196 208 208 235 239
0032 135 159 176 190 209 212 237 239
0033 209 213 233 239 140 147 170 179
0034 137 137 176 165 209 212 234 236
0035 140 130 176 162 203 210 229 239
0036 202 207 231 239 143 142 171 175
0037 142 168 169 197 205 210 230 239
0038 207 210 231 238 133 177 169 207
0039 204 209 237 239 138 179 165 211
0040 132 178 160 210 203 208 236 239
0041 132 170 167 202 203 209 236 239
0042 136 160 174 186 201 208 231 239
0043 206 212 234 236 140 136 174 171
0044 206 212 233 236 139 119 174 154
0045 138 119 173 155 206 212 233 236
0046 142 125 170 159 207 211 230 237
0047 137 149 175 180 203 209 235 239
0048 138 182 174 214 201 209 233 239
0049 133 187 170 220 207 210 234 236
0050 131 186 171 219 205 206 233 239
0051 131 186 170 219 203 208 236 239
0052 133 186 161 218 203 210 236 239
0053 128 184 167 217 200 209 232 239
0054 137 187 165 217 200 209 233 239
0055 132 187 163 218 205 212 230 237
0056 128 191 168 226 204 207 232 238
0057 134 197 167 233 206 210 233 236
0058 131 210 166 239 206 210 229 238
0059 129 207 160 239 210 212 234 236
0060 122 204 156 238 209 213 234 239
0061 125 209 154 239 211 215 234 239
0062 123 208 147 239 214 214 236 239
0063 121 209 150 239 217 217 238 239
0064 123 209 148 239 214 215 236 239
0065 126 202 151 239 215 215 235 239
