0011 174 223 217 239
0015 173 216 208 239
0016 174 215 207 237
0017 169 222 208 239
0018 176 214 222 239
0019 171 190 223 236
0020 176 152 221 212
0021 178 134 224 197
0022 181 134 225 198
0023 177 122 224 186
0024 177 097 218 172
0025 180 081 223 161
0026 179 072 223 151
0027 176 062 220 135
0028 179 056 219 133
0029 182 055 222 131
0030 186 057 228 130
0031 188 053 231 132
0032 189 050 230 123
0033 192 052 232 124
0034 198 053 239 130
0035 199 048 241 126
0036 195 046 237 124
0037 199 044 239 126
0038 195 044 238 127
0039 199 047 239 128
0040 200 049 239 128
0041 195 046 237 124
0042 198 045 241 128
0043 199 046 240 128
0044 198 046 240 128
0045 195 054 235 121
0046 194 051 236 125
0047 196 049 236 124
0048 198 054 239 129
0049 194 060 237 134
0050 194 060 238 135
0051 195 052 244 125
0052 199 041 240 117
0053 200 030 244 107
0054 206 016 247 092
0055 206 009 246 083
0056 206 009 248 080
0057 203 006 244 078
0058 200 008 242 077
0059 199 009 246 073
0060 200 001 241 070
0061 202 000 241 069
0062 202 000 241 067
0063 198 000 241 068
0064 201 001 240 063
0065 197 000 242 054
0066 196 000 241 054
0067 197 000 242 054
0068 197 000 242 054
0069 198 000 241 057
0070 197 000 241 058
0071 197 000 240 059
0072 197 000 240 058
0073 197 000 239 057
0074 197 000 239 057
0075 198 000 239 056
0076 199 000 239 056
0077 200 000 241 060
0078 197 000 242 054
0079 200 000 240 066
0080 204 000 245 071
0081 205 002 246 081
0082 209 036 254 117
0083 208 100 254 167
0084 202 173 248 234
