0004 168 203 211 239
0005 172 147 218 198
0006 172 072 213 143
0007 175 042 214 120 114 130 146 159
0008 174 035 214 107 100 125 146 164
0009 166 029 211 090 100 125 146 163
0010 165 026 211 090 100 125 146 164
0011 168 022 207 091 100 125 146 163
0012 164 023 212 088 100 125 146 163
0013 166 021 208 091 100 125 146 163
0014 165 028 213 091 100 125 146 163
0015 168 021 208 092 100 125 146 163
0016 170 024 211 094 100 125 146 163
0017 167 028 214 091 106 126 147 160
0018 171 025 216 085 105 126 146 160
0019 176 024 221 097 105 126 146 160
0020 181 023 226 093 105 126 146 160
0021 182 023 224 100 105 126 146 160
0022 183 023 224 101
0023 186 029 226 107
0024 189 033 233 100
0025 193 024 235 108
0026 197 033 240 117
0027 200 047 240 125
0028 203 056 247 126
0029 206 063 252 140 104 131 145 160
0030 208 067 249 145 104 131 145 160
0031 209 079 252 152 104 131 145 160
0032 208 080 248 157 104 131 145 160
0033 206 087 248 155 104 131 145 160
0034 202 096 253 159 104 131 145 160
0035 205 095 247 168 103 130 145 160
0036 204 094 246 169 103 130 145 160
0037 201 102 249 165 103 130 145 160
0038 203 104 249 166 103 131 145 160
0039 204 104 249 167 103 131 145 160
0040 202 104 244 169 103 131 145 160
0041 202 103 245 172
0042 198 109 250 167
0043 198 109 250 167
0044 197 109 250 167
0045 198 109 248 170
0046 204 115 244 185
0047 199 167 242 230
0048 182 203 224 239
