0000 095 207 123 239
0001 094 209 123 239
0002 096 207 122 239 165 212 188 239
0003 096 207 122 239 164 211 186 237
0004 097 208 122 239 164 211 189 239
0005 097 208 122 239 163 210 186 236
0006 098 209 122 239 167 215 187 239
0007 166 210 189 239 094 208 119 239
0008 096 208 121 239 170 199 190 236
0009 097 206 121 239 163 182 186 225
0010 098 208 122 239 156 135 194 178
0011 100 211 123 239
0012 096 205 125 239
0013 098 209 122 239
0014 097 206 125 239
0015 097 207 121 239
0016 095 208 122 237
0017 095 209 121 239
0018 095 208 121 239
0019 096 209 121 239
0020 096 209 121 239
0021 096 209 121 239
0022 090 210 122 239
0023 095 207 122 239
0024 095 205 122 239
0025 098 207 121 239 152 104 196 169
0026 098 208 120 239
0027 168 201 191 236 096 205 122 236
0028 095 206 122 239 172 215 193 239
0029 096 209 119 235 169 218 186 239
0030 095 207 118 239 168 213 186 239
0031 099 208 123 239 166 212 189 239
0032 098 210 124 239 169 214 187 239
0033 100 208 122 239 169 212 189 238
0034 099 207 122 239 169 216 187 239
0035 100 211 120 239 167 214 184 239
0036 099 211 123 239 167 213 189 239
0037 168 208 187 237 098 210 121 239
