0000 120 214 163 239
0001 120 213 163 239 056 221 092 239
0002 119 208 162 239
0003 110 203 161 239 056 222 091 239
0004 110 190 166 239
0005 110 155 167 209 055 222 092 239
0006 111 124 162 183 055 222 092 239
0007 113 087 162 150 055 222 092 239
0008 110 055 159 131 056 222 093 239
0009 110 038 156 118 055 222 092 239
0010 108 036 154 107 056 222 092 239
0011 110 034 156 108 055 221 089 239
0012 106 030 153 105 054 222 092 239
0013 106 032 155 108 054 222 090 239
0014 108 033 153 104 053 223 092 239
0015 106 036 155 103 055 221 092 239
0016 106 037 153 101 055 221 091 239
0017 107 033 150 106 056 221 091 239
0018 106 038 149 108 055 222 092 239
0019 105 034 150 108 056 222 091 239
0020 106 032 148 106 056 221 091 239
0021 103 036 150 106 056 222 091 239
0022 107 037 149 106 056 222 092 239
0023 103 033 151 106 057 221 091 239
0024 108 035 156 106
0025 111 059 156 129
0026 115 096 157 157 056 221 092 239
0027 109 132 159 184 054 223 091 239
0028 123 193 165 239 054 223 094 239
0029 139 221 179 239 053 222 094 239
0030 140 213 180 239 054 223 091 239
