0005 153 223 194 239
0006 145 151 181 215
0007 134 117 178 169
0008 131 107 174 161
0009 134 104 168 152
0010 130 107 174 159
0011 134 105 173 159
0012 128 110 175 160
0013 128 110 175 159
0014 128 109 175 159
0015 132 105 172 160
0016 133 104 172 161
0017 127 105 176 156 034 210 080 239
0018 128 106 177 156 068 159 097 209
0019 135 107 172 161 089 132 127 179
0020 096 135 139 171 137 107 172 163
0021 138 110 178 162 098 139 145 179
0022 095 140 141 180 138 111 177 163
0023 137 111 177 162 097 138 143 175
0024 137 106 168 156 098 137 137 172
0025 135 110 173 160 093 136 138 178
0026 093 133 138 176 103 119 160 161
0027 094 131 153 171
0028 089 127 144 170
0029 087 136 155 175
0030 113 137 161 181 077 137 131 180
0031 090 138 148 179
0032 088 126 142 177
0033 083 125 148 170
0034 077 135 131 170 120 134 161 177
0035 079 132 127 173
0036 080 126 138 173
0037 083 121 138 167
0038 072 135 122 172 118 136 150 181
0039 078 133 128 178
0040 084 130 142 176
0041 079 133 127 170 117 133 150 175
0042 075 137 126 175 115 143 158 187
0043 081 137 133 178
0044 086 132 140 173
0045 079 137 127 170 117 140 153 178
0046 078 139 129 177 114 148 149 179
0047 081 140 124 175 121 133 160 184
0048 136 139 170 190 080 143 116 187
0049 148 180 186 222 079 150 110 218
0050 077 214 119 239 153 224 191 239
