0000 144 158 194 210 090 213 134 239
0001 142 114 189 176 091 213 134 239
0002 138 079 179 150 091 213 135 239
0003 136 057 175 137 091 213 135 239
0004 126 056 177 123 090 212 135 239
0005 125 053 174 121 090 212 135 239 166 164 196 194
0006 126 051 170 122 090 212 135 239
0007 129 050 170 126 090 212 135 239
0008 129 057 170 121 090 210 135 239 168 168 198 198
0009 123 069 177 126 090 211 134 239
0010 090 203 137 239 118 089 171 134
0011 093 194 143 239 107 123 183 163
0012 104 189 154 236 102 135 166 178
0013 095 143 158 193 110 188 162 236
0014 112 177 174 226 097 140 156 190
0015 107 134 178 220
0016 107 161 181 212 116 127 175 176
0017 110 157 181 206 111 124 168 166
0018 105 158 178 206 099 126 165 163
0019 108 155 179 206 111 126 168 170
0020 098 161 173 210 115 119 182 156
0021 139 118 188 161 102 174 162 227
0022 094 184 147 234 168 146 209 210
0023 091 194 145 239 174 187 220 233
0024 178 208 217 239 093 200 134 235
0025 177 208 217 238 090 205 134 237
0026 176 208 219 239 090 205 138 239
0027 089 207 137 239 176 210 217 239
