0000 056 214 100 237 137 055 172 110
0001 052 208 105 236 139 049 179 101
0002 052 207 106 236 146 042 187 100
0003 053 208 107 236 140 040 185 094
0004 053 208 107 236 150 037 190 090
0005 054 208 106 236 149 038 191 090
0006 055 208 106 236 150 038 191 090
0007 054 206 109 234 150 042 183 085
0008 055 209 106 236 145 040 185 082
0009 054 209 106 236 150 038 182 088
0010 054 208 106 236 146 037 184 085
0011 054 208 106 236 148 041 181 082
0012 059 209 110 237 152 036 181 091
0013 058 209 110 237 149 040 190 092
0014 058 208 109 237 149 040 189 090
0015 059 208 110 237 150 038 191 090
0016 059 208 109 237 152 039 190 091
0017 059 209 109 237 153 037 194 097
0018 059 209 109 237 152 038 195 099
0019 054 210 104 236 153 038 195 098
0020 055 211 098 238 153 038 195 098
0021 054 210 095 237 153 037 195 098
0022 054 210 104 236 149 038 191 089
0023 055 210 104 236 149 038 191 090
0024 054 210 096 237 151 038 191 091
0025 054 213 100 237 159 040 199 100
0026 054 209 092 236 151 039 193 090 087 211 116 234
0027 054 209 093 236 153 037 198 093 088 210 116 238
0028 155 034 206 097 055 210 095 237 083 212 114 239
0029 155 034 205 093 054 210 092 237 088 210 116 238
0030 166 029 213 096 054 211 092 237 188 122 217 180 083 212 114 239
0031 164 030 212 094 057 211 094 234 089 210 117 238
0032 168 028 216 093 054 210 092 237 089 210 117 238
0033 165 034 217 094 055 210 096 237 190 123 221 174 079 211 114 236
0034 171 033 219 096 058 213 093 239 193 125 223 179 087 213 116 235
0035 171 031 220 095 057 213 098 236 191 123 221 180 081 213 114 239
0036 173 032 222 088 055 212 111 238
0037 170 035 220 095 056 213 111 238
0038 170 034 220 095 056 213 111 238
0039 170 034 220 094 056 213 111 238
0040 170 032 220 094 056 213 111 238
0041 166 029 218 090 056 212 111 238
0042 167 033 218 092 053 212 109 235 192 112 223 179
0043 170 033 222 092 056 212 111 238 193 119 222 180
0044 169 035 221 092 059 214 102 236 187 134 225 180
0045 167 037 216 099 056 212 111 238 192 140 218 181
0046 166 053 209 110 055 210 108 236 087 213 118 239 193 148 219 188
0047 053 210 107 236 163 072 208 126 190 150 215 198 086 213 117 239
0048 057 215 101 237 174 138 213 206
0049 140 171 202 225 056 214 096 236 075 210 118 237
0050 055 216 101 239 138 212 199 239 170 165 201 218
0051 054 214 096 236
0052 055 215 101 239
0053 055 215 100 239
0054 054 213 099 239
0055 055 214 096 236
0056 056 216 100 239
0057 057 213 113 239
