0000 082 193 110 235
0001 083 192 112 234
0002 085 199 110 236
0003 176 192 194 224 084 198 109 233 239 154 295 204
0004 079 193 112 233 186 188 206 217 240 155 296 204
0005 087 197 111 233 241 156 297 204 194 179 231 208
0006 083 195 113 234 203 153 242 180
0007 082 196 112 235 209 135 245 155
0008 211 102 238 132 084 197 112 235 239 156 300 206 220 163 246 195
0009 086 198 112 235 205 081 239 121 237 153 298 205 220 162 247 195
0010 204 074 239 113 088 199 115 234 239 153 298 205 212 155 249 197
0011 205 063 230 098 089 198 115 234
0012 190 051 215 088 089 201 111 232 245 156 302 206
0013 181 043 210 085 088 199 110 232 245 157 301 205
0014 179 044 209 082 086 196 110 232
0015 085 196 108 232 184 045 210 081 240 155 298 206
0016 193 043 216 080 082 195 112 235
0017 082 198 111 237 182 044 204 077
0018 084 198 105 235 170 043 204 085
0019 081 195 110 236 182 051 205 076
0020 081 195 112 236 192 042 216 073 244 155 293 204
0021 189 041 211 079 081 195 113 236
0022 085 199 107 234 176 043 211 086
0023 083 195 112 235 187 046 209 080
0024 192 042 217 079 084 195 107 231
0025 084 195 108 233 184 040 209 078
0026 181 046 205 082 084 196 108 232
0027 191 048 212 080 085 194 108 229
0028 197 042 221 076 082 196 108 233
0029 193 045 215 076 082 196 113 234
0030 085 196 109 232 178 047 211 085 239 160 299 206
0031 084 196 109 232 191 046 216 080
0032 196 041 221 080 084 198 108 232
0033 083 197 105 231 179 047 212 081 243 156 301 204
0034 085 194 110 231 172 048 208 086 239 158 296 205
0035 083 196 107 231 183 051 208 081 238 154 296 201
0036 191 041 215 079 082 196 106 231 238 154 296 202
0037 189 046 212 079 081 194 106 231 238 154 297 202
0038 081 195 106 232 182 050 207 085 239 153 295 202
0039 080 193 112 234 190 050 211 082 238 153 294 201
0040 200 046 225 087 081 193 111 236 239 154 294 201
0041 081 194 108 237 194 056 220 094 240 153 292 203
0042 084 195 107 232 194 061 226 104 241 153 294 204
0043 084 196 107 233 211 092 235 126 239 154 294 202
0044 085 196 107 230 244 155 298 202
0045 204 166 239 206 239 154 294 203 083 198 108 229
0046 086 196 107 230 238 153 294 203 178 179 213 219
