0011 113 201 155 239
0012 109 182 153 236
0013 106 166 149 230
0014 105 153 150 223
0015 107 132 148 219
0016 108 127 147 212
0017 110 115 151 201
0018 110 108 154 196
0019 108 100 156 186
0020 109 099 154 186
0021 109 096 152 183
0022 108 093 153 177
0023 104 084 154 171
0024 109 088 151 176
0025 108 080 152 173
0026 109 087 152 171
0027 109 086 151 167
0028 111 085 152 171
0029 109 080 153 171
0030 108 079 152 170
0031 106 077 153 171
0032 109 082 151 167
0033 109 083 151 168
0034 107 084 152 171
0035 107 075 150 165
0036 105 085 152 163
0037 109 088 150 166
0038 105 090 153 163
0039 111 091 152 172
0040 112 100 156 180
0041 119 143 168 207
0042 129 191 175 239
0043 131 209 171 239
