0000 026 204 054 238
0001 026 205 054 238
0007 024 207 054 239
0009 025 207 057 239
0016 158 198 198 235
0017 178 148 229 198 020 205 052 237
0018 200 069 237 124
0019 203 022 240 082
0020 201 008 235 061
0021 202 007 233 048
0022 198 006 238 048
0023 204 007 238 048 022 211 052 239
0024 205 008 237 051
0025 210 006 240 049
0026 209 006 241 050
0027 205 005 240 052
0028 205 005 238 047 025 210 053 236
0029 207 005 240 052
0030 214 020 251 082
0031 217 068 259 118 056 205 095 239
0032 209 165 248 210
0033 173 207 212 239
0035 153 209 177 239
