0000 115 205 153 237 056 206 094 239
0001 108 196 153 235 052 210 091 239
0002 113 191 151 222 053 209 086 238
0003 111 177 152 208 052 208 093 239
0004 114 165 147 198 058 210 091 238
0005 112 147 151 192 059 209 090 237
0006 114 126 155 179 056 208 094 236
0007 124 112 156 171 056 212 089 239
0008 123 105 165 174 057 209 092 237
0009 056 212 090 239 126 101 160 165
0010 048 208 093 239 129 100 159 167
0011 129 101 159 162 054 205 094 239
0012 129 102 162 166 053 207 086 239
0013 130 103 163 165 057 213 097 239
0014 129 105 163 165 056 207 092 238
0015 132 107 165 167 056 212 091 239
0016 132 108 166 170 056 205 097 239
0017 133 109 167 173 054 206 096 239
0018 055 201 094 238 134 107 165 172
0019 057 206 094 239 133 109 165 174
0020 051 201 093 232 130 112 162 170
0021 052 192 091 232 124 121 157 178
0022 116 149 154 195 055 186 098 228
0023 058 183 095 228 115 159 156 206
0024 060 184 099 224 116 181 155 221
0025 058 187 096 227 124 189 153 223
0026 059 187 093 230 124 195 154 228
0027 056 188 097 230 122 197 155 232
0028 056 186 096 232 122 197 155 235
0029 058 189 093 235 122 198 154 232
0030 056 195 094 238 124 196 157 232
0031 058 192 096 237 124 200 155 235
0032 063 198 096 236 124 201 156 236
0033 063 194 096 236 124 199 154 234
0034 061 196 095 236 124 199 155 234
0035 060 197 097 238 122 198 155 235
