0001 027 209 052 239
0002 022 208 050 239
0003 021 209 050 239
0005 019 204 048 239
0006 019 203 048 239
0008 022 207 054 239
0009 181 208 220 237
0010 204 139 250 175
0011 215 056 258 112
0012 217 018 254 079
0013 220 007 256 049 027 206 055 239
0014 216 003 252 040
0015 023 208 059 239 133 193 155 224
0017 142 194 160 226
0018 136 194 159 228 022 208 049 239
0019 021 207 049 239 141 191 161 223
0020 225 007 265 037
0021 024 210 059 239
0023 224 006 266 038 021 207 049 239 133 194 155 225
0024 225 006 265 039 022 204 050 239
0025 224 007 266 041 023 206 049 239
0026 133 191 166 226 023 205 049 239 232 007 266 043
0027 143 194 162 223 227 010 262 042 018 200 055 239
0028 233 006 267 045 024 207 048 239
0029 236 016 273 076 022 205 048 238
0030 239 107 278 150 206 117 252 177 019 202 054 239
0031 202 179 245 225 028 212 063 239
0032 021 206 050 239
0033 021 210 056 239
0034 020 210 056 239
0035 020 210 051 239
