0000 039 213 085 239 103 216 156 239
0001 040 213 085 239 103 217 150 239
0002 043 213 086 239 103 216 150 239
0003 038 217 087 239 104 213 148 239
0004 101 217 150 239 042 212 086 239
0005 103 217 150 239 042 212 086 239
0006 041 213 088 239 103 218 149 239
0007 040 211 089 239 104 213 153 239
0008 039 212 089 239 107 212 153 239
0009 041 215 086 239 113 218 153 239
0010 041 214 088 239 121 220 153 239
0011 044 215 087 239 135 210 167 236
0012 159 190 195 238 035 211 086 239
0013 165 152 209 197 039 214 085 239
0014 175 090 210 158 037 214 086 239
0015 165 041 197 111 039 214 086 239
0016 157 033 194 104 041 209 090 239
0017 142 030 186 093 039 210 089 239
0018 142 030 183 090 042 209 090 239
0019 153 028 188 100 041 210 090 239
0020 155 024 189 091 040 208 090 239
0021 148 033 181 095 038 211 087 239
0022 136 040 179 096 041 208 089 239
0023 136 036 176 090 037 207 088 239
0024 144 030 174 094 042 215 085 239
0025 148 026 181 097 041 208 088 239
0026 142 035 179 096 041 208 089 239
0027 138 035 174 093 039 213 085 239
0028 138 033 179 095 044 213 086 239
0029 145 038 181 101 044 213 086 239
0030 134 070 171 131 044 213 086 239
0031 125 137 162 188 045 213 087 239
0032 117 172 152 219 045 213 086 239
0033 100 209 140 239 044 213 085 239
0034 091 219 141 239 044 214 082 239
0035 099 219 138 239 043 215 090 239
0036 038 210 087 239 096 214 145 239
0037 041 214 086 239 096 218 143 239
0038 098 210 146 239 041 213 085 239
0039 040 212 087 239 100 212 146 239
0040 100 213 139 239 044 216 084 239
0041 101 210 144 239 045 217 085 239
