0010 178 187 225 237
0011 168 150 218 196 100 199 172 234
0012 160 126 214 173 103 185 173 214
0013 147 121 205 167 104 176 182 210
0014 144 134 196 181 104 175 184 209
0015 139 138 202 187 105 179 183 212
0016 144 128 201 177 103 176 182 215
0017 139 134 192 184 102 174 184 209
0018 131 140 198 190 101 175 183 206
0019 102 174 183 211 130 128 187 178
0020 127 133 185 182 099 166 178 206
0021 124 139 183 188 099 170 184 205
0022 122 132 181 180 106 175 182 209
0023 115 135 182 176 098 173 180 206
0024 101 172 183 208 114 139 181 180
0025 101 174 180 212 107 134 177 177
0026 105 176 179 212 100 134 172 176
0027 102 177 177 211 099 140 171 184
0028 101 180 177 212 096 134 166 178
0029 100 177 178 214 095 134 166 176
0030 093 143 165 185 103 175 182 212
0031 096 179 178 215 097 142 162 185
0032 100 178 178 216 090 139 159 189
0033 099 177 175 213 093 144 165 185
0034 101 184 176 221 093 147 166 190
0035 098 149 173 194 096 199 162 238
0036 118 162 172 213
0037 123 182 188 232
0038 147 220 195 239
