0000 064 208 111 239 177 212 218 239
0001 063 207 110 239 178 212 217 239
0002 062 205 111 239 177 212 217 239
0003 062 203 112 239 177 212 217 239
0004 062 202 113 239 177 212 218 239
0005 063 190 122 234 177 212 218 239
0006 062 179 129 222 172 212 221 239
0007 059 169 128 210 173 211 219 239
0008 061 167 132 210 175 202 226 239
0009 060 168 128 208 180 185 237 238
0010 059 172 126 209 181 154 232 210
0011 169 119 218 172 059 175 128 208
0012 156 108 208 159 059 173 125 211
0013 144 109 205 166 058 172 123 210
0014 140 107 198 157 065 173 124 212
0015 137 113 192 165 064 172 124 213
0016 127 111 183 159 065 173 125 213
0017 119 112 177 164 063 172 127 213
0018 107 111 171 162 061 169 125 209
0019 060 173 124 209 104 112 166 162
0020 059 173 123 209 100 118 163 172
0021 056 168 123 209 095 117 153 171
0022 056 170 123 212 089 122 152 176
0023 059 166 122 209 085 119 156 168
0024 060 169 126 207 081 118 141 177
0025 060 168 123 205 079 117 139 169
0026 057 168 125 210 073 114 134 164
0027 063 116 129 171 059 163 122 208
0028 059 166 122 208 052 117 125 165
0029 058 167 122 209 052 118 126 161
0030 056 172 127 208 048 125 127 175
0031 053 122 125 166 056 171 126 208
0032 064 167 127 210 054 118 128 166
0033 080 115 139 171 069 168 119 208
0034 097 130 157 183 070 163 114 207
0035 115 151 172 211 065 164 115 224
0036 124 181 190 237 063 194 109 237
0037 132 208 187 239 060 220 109 239
0038 140 214 191 239 055 220 108 239
