0002 072 220 100 239
0003 067 191 099 238 156 216 214 239
0004 142 194 210 238 074 186 102 227
0005 136 174 208 211 082 187 124 232
0006 131 160 203 201 089 186 142 224
0007 128 153 197 192 090 182 148 219
0008 086 183 157 214 135 147 199 185
0009 130 147 195 183 082 179 162 211
0010 129 147 197 184 086 177 155 207
0011 134 146 197 183 088 172 162 203
0012 139 145 198 182 089 170 162 201
0013 135 144 197 183 083 169 158 206
0014 135 143 199 182 087 164 148 204
0015 140 142 200 180 126 147 166 193 087 161 121 204
0016 130 145 198 181 090 161 135 201
0017 135 139 201 178 087 158 129 205
0018 125 141 196 179 084 159 130 204
0019 127 143 194 181 097 156 162 196
0020 125 140 194 182 094 160 136 200
0021 129 139 198 175 094 160 136 200
0022 128 139 196 174 093 156 130 202
0023 122 137 192 177 096 154 133 198
0024 123 138 191 177 092 152 153 198
0025 122 138 192 176 094 153 138 198
0026 122 138 190 177 088 153 142 199
0027 121 134 190 172 094 149 163 195
0028 125 131 190 173 089 153 151 197
0029 113 137 186 179 090 153 136 200
0030 120 139 186 179 091 156 139 199
0031 121 139 186 180 093 154 160 197
0032 103 139 189 188
0033 112 139 184 178 089 150 155 190
0034 117 138 180 186 091 155 157 194
0035 115 138 186 178 087 153 154 192
0036 109 140 180 183
0037 113 139 178 179 092 155 157 194
0038 096 139 179 184
0039 115 133 176 176 098 148 153 188
0040 104 137 175 179
0041 097 134 174 175
0042 109 133 176 173
0043 099 138 175 182
0044 102 138 178 178
0045 097 139 172 183
0046 096 140 173 182
0047 109 135 171 184
0048 104 138 177 179
0049 104 139 176 179
0050 111 139 176 178
0051 104 137 177 177
0052 098 141 173 184
0053 105 141 175 182 086 160 159 194
0054 107 138 173 179 089 160 155 195
0055 108 136 169 183 078 162 151 199
0056 107 145 175 183
0057 101 145 175 188
0058 099 146 182 190
0059 117 142 188 181
0060 119 143 195 182
0061 122 144 199 183 079 162 159 196
0062 124 144 198 181
0063 129 144 192 180
0064 131 141 196 177 081 155 117 195
0065 131 143 197 181 074 154 116 195
0066 130 139 190 175 074 153 124 195
0067 125 139 192 176 078 153 147 193
0068 120 139 187 176
0069 119 138 190 175 075 157 144 198
0070 116 139 188 176 100 150 156 193
0071 115 138 186 176 102 150 156 192
0072 117 139 189 177
0073 116 138 186 177
0074 112 138 182 176 076 150 129 192
0075 114 134 154 184 083 148 121 196
0076 113 138 184 174 088 144 153 191
0077 107 136 177 175 086 150 134 196
0078 102 140 176 178
0079 093 142 174 186
0080 101 139 175 178 088 150 132 196
0081 093 140 167 185
0082 103 138 173 179 083 152 151 194
0083 103 132 175 170 081 154 150 194
0084 100 138 174 177
0085 103 139 174 176 076 158 139 198
0086 104 138 176 178 086 155 151 191
0087 109 139 181 176
0088 102 143 171 184
0089 106 146 176 185
0090 107 153 180 192
0091 114 159 186 196 082 169 126 210
0092 122 162 191 204 084 172 118 212
0093 131 163 198 202 090 171 134 219
0094 138 147 197 188 090 164 132 213
