0000 033 195 067 236 200 199 249 239
0001 033 192 070 233 200 199 249 239
0002 200 199 249 239 047 188 078 229
0003 200 199 249 239 051 186 088 227
0004 067 184 108 223 200 199 249 239
0005 087 175 124 221 202 198 247 239
0006 089 173 131 217 203 197 247 239
0007 097 170 131 215 199 197 249 239
0008 198 196 251 239 094 166 134 207
0009 202 196 250 239 101 161 138 202
0010 211 186 251 239 102 152 142 196
0011 209 187 253 238 101 146 146 192
0012 211 168 248 235 099 139 150 179
0013 106 125 148 163 203 143 248 204
0014 187 130 249 179 105 122 154 156
0015 180 121 244 168 107 117 155 151
0016 177 110 237 158 108 115 157 147
0017 107 115 156 145 169 095 233 145 221 102 259 155
0018 169 091 230 140 107 114 156 144 220 096 260 143
0019 168 089 235 131 105 115 159 145 221 094 259 140
0020 110 114 160 146 168 083 224 131 217 095 260 137
0021 111 113 158 146 157 084 225 127 219 094 257 137
0022 115 119 159 150 160 087 216 132 206 095 262 132
0023 114 117 160 150 152 090 221 133 206 094 260 132
0024 154 094 223 133 114 113 156 146 200 092 253 130
0025 113 115 158 147 152 091 217 133 199 095 253 134
0026 112 117 157 151 148 090 218 131 198 095 253 133
0027 112 124 161 155 191 094 251 133 151 092 211 135
0028 115 120 164 152 149 091 211 133 191 093 254 127
0029 113 118 165 155 190 088 251 129 143 089 205 135
0030 146 088 205 134 113 116 167 157 189 088 254 127
0031 113 118 167 157 175 086 251 125 144 088 203 134
0032 177 087 252 125 113 117 170 157 146 087 195 135
0033 139 088 196 136 175 086 249 125 112 117 166 158
0034 173 086 247 124 112 117 164 158 138 089 197 137
0035 173 085 247 124 135 090 194 138 112 116 165 161
0036 172 086 247 125 112 109 166 159 123 092 199 141
0037 173 086 245 124 113 107 165 160 137 085 205 130
0038 178 090 243 125 111 107 164 161 131 089 188 140
0039 170 088 247 127 110 114 157 162 131 088 198 134
0040 165 086 245 124 113 116 163 161 128 089 188 141
0041 166 087 244 124 110 115 164 160 128 090 186 141
0042 162 087 243 125 108 108 158 161 128 090 189 139
0043 163 087 242 126 115 094 190 145 107 110 154 159
0044 163 087 242 126 118 098 182 157
0045 162 087 242 126 112 113 157 162 120 091 186 151
0046 164 087 242 126 110 112 156 161 117 093 191 143
0047 166 088 241 127 108 109 158 161 121 089 183 140
0048 120 094 182 151 161 093 239 130
0049 164 095 243 132 109 117 155 161 125 090 192 137
0050 111 123 158 163 170 099 252 135 136 095 194 142
0051 141 100 204 145 109 120 164 163 171 098 259 135
0052 113 136 155 168 152 110 213 152
0053 116 141 147 178 180 137 235 184
0054 112 146 150 187 203 140 266 181
0055 210 183 249 238 109 147 140 203
0056 107 171 149 224 204 198 248 239
0057 107 185 148 237 201 198 248 239
0058 098 197 152 239 202 198 248 239 130 068 178 116
0059 094 199 145 239 202 198 248 239
0060 094 196 148 239 199 198 244 239
0061 095 195 148 239 200 198 245 239
