0002 057 195 103 236
0003 056 177 129 210
0004 092 160 145 195
0005 098 153 154 186
0006 081 155 156 187
0007 096 153 163 187
0008 097 158 161 189
0009 177 207 214 236
0010 188 177 221 221 087 156 161 190
0011 180 125 225 166 084 156 160 188
0012 166 108 213 146 095 156 162 186
0013 151 114 205 147 096 156 163 184 055 161 132 199
0014 147 129 227 164 104 158 159 182
0015 142 124 202 163 094 157 168 184
0016 147 119 203 147 100 157 158 188
0017 139 124 214 165 104 154 161 182
0018 089 156 159 187 132 127 182 171
0019 127 116 198 150 093 155 162 183
0020 118 134 165 178 139 121 215 155
0021 118 119 168 162 093 157 158 187
0022 116 112 167 151 097 151 160 184
0023 112 123 167 166 095 148 160 186
0024 110 120 162 165 104 150 158 186
0025 097 156 159 185 111 120 155 151
0026 102 147 158 185 108 121 151 167
0027 110 155 159 183 105 118 148 152
0028 101 119 149 157 092 153 157 186 119 114 197 150
0029 099 132 151 181 122 115 196 156
0030 102 132 150 178 124 116 193 154
0031 102 125 146 169 090 153 155 187 111 120 199 160
0032 099 153 156 186 103 121 202 157
0033 093 156 147 200 107 127 165 162
0034 077 167 129 213 125 146 185 177
0035 059 199 105 239 143 183 194 221 170 191 216 220
0036 162 207 202 238 051 203 078 236
