0000 176 215 221 238
0001 176 215 221 238
0002 176 215 221 238
0003 176 215 221 238
0004 176 215 221 238
0005 072 107 099 143 176 215 221 238
0006 072 109 099 141
0007 079 201 126 239
0008 073 157 142 202
0009 090 145 145 185
0010 086 147 152 186
0011 084 147 153 185
0012 091 142 150 178
0013 088 142 147 178
0014 164 196 222 239 087 142 144 177
0015 166 170 223 222 091 141 144 176
0016 156 140 211 180 086 142 144 179
0017 147 126 211 165 079 145 147 180 167 157 211 227
0018 150 108 200 157 085 140 146 178
0019 131 111 183 157 083 140 144 179 168 166 199 218
0020 124 124 183 165 083 139 146 181
0021 121 119 183 161 083 140 143 182
0022 121 111 173 156 082 140 142 181
0023 099 116 172 160 084 138 144 180
0024 102 119 170 154 086 142 149 181 149 144 182 210
0025 097 116 160 154 086 136 147 180
0026 076 123 148 159 091 141 142 184 137 154 176 207 133 127 159 170
0027 083 123 144 164 140 158 169 212 089 146 144 185 130 127 156 174
0028 071 117 141 156 089 149 141 188
0029 066 121 139 161 083 148 140 189
0030 073 118 147 156 083 149 137 185 133 148 172 216
0031 086 116 157 165 080 151 129 189 140 165 178 217
0032 113 124 164 178 077 154 123 199
0033 133 153 186 206 067 168 101 221
0034 048 193 089 235 160 199 209 239 065 110 097 166
0036 066 108 098 161
0037 072 109 099 161
0038 071 110 102 154
0039 069 110 096 152
