0000 189 150 231 196 124 209 163 238
0001 114 177 166 223 187 155 231 194
0002 190 155 233 195 109 140 159 184
0003 189 155 233 197 106 096 158 150
0004 189 156 233 196 105 065 162 121
0005 188 156 232 196 102 056 155 113
0006 188 155 234 197 099 064 156 116
0007 188 157 233 197 098 066 157 117
0008 188 156 233 198 099 071 156 121
0009 189 156 234 197 105 066 158 119
0010 189 157 234 197 102 062 162 121
0011 190 157 234 197 104 063 162 122
0012 192 153 233 198 099 074 157 127
0013 191 153 233 198 102 073 157 123
0014 194 155 229 200 105 065 160 121
0015 191 152 233 198 104 061 160 122
0016 191 153 233 197 098 071 158 126
0017 191 153 232 195 106 081 161 133
0018 190 156 231 197 106 106 165 157
0019 106 166 177 210 188 152 229 192
0020 193 155 228 195 125 207 159 239
0021 187 154 229 192
0022 191 151 230 193
0023 188 150 228 192
0024 189 151 228 191
0025 190 152 230 196
0026 186 150 230 192
0027 192 154 227 194
0028 188 150 231 193
0029 188 150 230 191
0030 188 150 230 191
0031 189 151 230 191
0032 193 152 228 195
0033 187 151 232 195
0034 186 151 232 196
0035 186 149 231 194
0036 189 149 231 194
0037 193 149 228 196
0038 189 149 231 195
0039 193 149 229 198
0040 192 146 230 193
