0025 074 211 129 239
0026 077 196 129 239
0027 069 180 127 227
0028 069 156 130 205
0029 077 146 132 193
0030 081 134 134 183
0031 082 128 139 175
0032 071 126 138 172
0033 079 120 136 168
0034 073 119 134 166
0035 067 120 129 170
0036 069 117 134 163
0037 069 115 136 162
0038 071 115 137 160
0039 066 120 136 164
0040 067 120 137 164
0041 069 118 137 163
0042 068 120 138 164
0043 067 119 135 164
0044 068 119 136 164
0045 069 119 137 163
0046 068 117 137 163
0047 068 119 137 164
0048 068 119 136 164
0049 068 119 137 164
0050 069 114 137 162
0051 067 120 136 164
0052 068 119 137 163
0053 068 119 137 163
0054 076 120 136 161
0055 067 118 137 163
0056 068 118 137 164
0057 068 118 136 163
0058 068 119 136 164
0059 072 115 136 163
0060 080 122 137 169
0061 079 140 138 186
0062 082 168 134 215 049 160 076 203
0063 087 205 137 239
0064 083 221 117 239
0065 085 223 113 239
0070 080 218 116 237
0076 274 159 316 210
0082 078 213 119 239
0083 081 216 116 237 181 222 214 238
0084 081 216 116 237 182 222 214 238
0085 081 216 115 237 182 222 214 238
0086 081 215 115 236 182 221 214 238
0087 183 225 212 239 081 215 115 236
0088 080 215 115 236
0089 080 215 115 236
0090 080 215 115 236
0091 080 215 115 236
0092 080 215 115 236
0093 080 213 115 236
0094 078 220 116 238
0095 079 219 117 238
0096 078 219 117 237
0097 078 220 116 238
0098 078 220 116 238
0099 078 220 116 238
0100 078 220 116 238 185 224 212 239
0101 082 218 117 236
0102 081 217 118 236
0103 082 217 118 236
0104 082 218 118 237
0105 082 218 118 237 183 223 215 239
0106 081 217 113 237
0107 081 216 113 237
0108 081 216 113 237
0110 181 222 210 239
0116 179 222 214 238
0118 081 215 114 237 183 218 212 239
0119 081 214 115 236 182 221 211 239
0120 182 222 215 238 082 215 115 236
0121 081 214 114 236 182 221 215 238
0122 182 221 215 238 082 215 114 236
0123 081 213 115 236
0124 081 213 114 236
0125 081 214 116 236
0126 082 215 116 236
0127 081 215 115 236
0128 082 216 116 236
0129 082 215 115 236
0130 075 214 116 239
0142 182 220 211 239
0143 182 219 212 239
0144 185 224 212 239
0145 185 224 212 239
0148 186 223 211 239
0149 185 224 212 239
0159 184 222 210 239
