0001 055 218 118 239
0002 075 208 122 239
0003 158 188 191 237 100 180 153 216
0004 124 142 172 191 174 169 207 217
0005 143 108 188 170 176 136 208 187 051 157 102 199
0006 167 090 209 154
0007 180 078 221 150
0008 187 071 223 138
0009 188 069 228 133
0010 193 066 229 138
0011 197 066 229 130
0012 199 088 230 132
0013 197 075 233 132
0014 199 064 231 125
0015 197 075 238 129
0016 198 064 233 132
0017 201 062 233 131
0018 198 059 231 126
0019 194 065 232 129
0020 193 058 236 121
0021 198 058 233 129
0022 191 062 233 127
0023 187 072 233 135
0024 181 103 228 156
0025 158 149 221 196
0026 168 185 213 232 137 174 185 212 046 167 089 220
0027 068 202 125 236 164 217 198 235
