0000 147 222 177 239
0001 039 209 082 239
0002 049 184 088 236 104 203 147 239 147 216 179 235
0003 096 199 147 239 059 163 095 225
0004 079 195 148 239 060 145 107 206
0005 068 180 142 228 070 139 109 201 128 204 171 239
0006 062 124 123 225 129 199 167 236
0007 051 125 123 214 110 189 167 237
0008 051 132 129 214 123 190 166 235 066 122 116 167
0009 043 143 123 201 112 187 168 236 066 124 118 171
0010 045 127 125 207 116 185 161 236
0011 049 129 121 198 120 186 163 238
0012 049 125 124 189 123 182 165 238 062 111 111 158
0013 057 110 123 197
0014 052 107 125 192
0015 045 114 128 176
0016 052 107 133 190
0017 052 108 134 191 117 180 158 234 060 096 113 146
0018 053 105 128 194 117 181 163 235
0019 044 108 130 193 119 183 164 237
0020 049 099 124 191 065 092 114 140
0021 045 112 134 191 122 177 165 233
0022 042 123 127 180 118 176 160 232
0023 040 119 130 194 124 177 163 234
0024 044 117 134 197 123 180 163 235
0025 044 115 134 196 119 179 159 235
0026 038 120 136 196 117 183 164 237
0027 055 112 123 200 119 187 165 237
0028 127 199 177 239 059 146 131 233
0030 143 217 180 237
0031 140 220 181 237
0032 142 216 175 239
0033 141 219 181 236
0034 141 220 183 236
0035 137 216 179 238
