0000 143 221 173 239 016 213 045 237
0001 064 184 104 238 016 206 045 232 116 215 163 239
0002 116 211 160 236 072 168 103 228
0003 111 187 157 239 066 162 100 231
0004 063 173 100 237 108 166 151 228 000 089 025 125
0005 106 143 147 216 064 167 108 234 000 091 035 133
0006 070 155 115 221 105 131 145 207 143 198 176 239 001 087 036 133
0007 105 125 144 205 066 142 112 213 142 201 175 237 001 089 036 133
0008 105 125 144 202 068 138 111 208 000 087 035 134 136 200 175 238
0009 000 096 036 131 122 197 180 239 083 127 128 201
0010 123 196 175 239 079 124 130 194 000 097 036 130
0011 076 118 125 191 000 097 036 131 118 187 169 235
0012 078 109 122 184 115 191 167 236 000 098 035 131 018 178 090 229
0013 085 112 122 186 117 188 170 237 000 098 036 132
0014 118 185 174 234 080 107 123 183 000 097 036 132 021 181 082 229
0015 125 181 176 234 070 105 117 179 000 098 037 134
0016 000 097 038 133 116 179 176 231 073 102 119 179
0017 000 096 039 133 068 100 123 169 124 173 172 229
0018 000 100 037 134 061 094 114 158 096 122 131 170
0019 000 100 038 134 063 084 120 182
0020 062 097 117 180 001 097 037 133 091 146 137 184 112 158 177 216
0021 107 153 182 208 057 108 116 169 000 099 034 133
0022 125 153 178 218 058 106 115 177 093 144 144 184
0023 076 096 123 165 136 168 178 223 000 099 035 134
0024 038 079 080 150 096 115 136 191 131 179 181 231 001 099 034 135
0025 062 120 127 181 051 074 097 138 115 174 172 228 001 099 034 135
0026 118 180 161 235 038 110 119 172 001 096 034 132
0027 121 182 162 238 033 108 113 189 059 098 112 143 001 099 033 134
0028 113 183 161 236 030 114 122 201 001 098 032 133
0029 033 120 123 206 114 188 159 238
0030 039 109 114 201 122 186 164 236
0031 040 119 127 200 118 183 164 237 071 095 118 152
0032 047 100 116 201 071 091 119 148 122 182 164 237
0033 048 103 118 198 121 182 165 236
0034 040 109 131 197 118 185 165 238 066 097 115 154
0035 033 125 133 196 121 188 159 237 064 097 115 153
0036 046 109 121 202 117 189 160 238 064 095 115 152
0037 042 114 113 204 118 188 164 236 064 099 112 157
0038 046 133 118 211 119 189 166 237
0039 080 170 130 232 140 204 165 233 050 176 105 236 001 095 033 133
0040 138 205 172 231 087 211 119 239 001 095 032 132
0041 001 095 033 133 138 213 177 237
0042 002 100 039 130
0043 001 102 034 131
0044 001 102 034 132 142 218 172 239
0045 139 220 173 237 001 101 035 135
